N: 100
M: 20
Symmetric: true
Triangle: false
3 23 5 34
2 73 58
6 55 18 91 79 8 40
3 41 30 59
3 25 22 71
6 95 20 27 51 98 88
4 83 36 61 85
2 63 6
7 97 52 16 93 15 11 60
2 100 45
5 99 46 87 13 80
8 49 50 9 32 19 67 24 69
8 3 62 90 4 75 7 12 2
6 70 76 56 44 21 35
7 38 64 96 68 43 81 29
6 47 48 65 74 89 84
6 39 31 17 72 82 10
7 92 86 78 53 14 66 1
3 33 57 42
6 94 37 54 26 28 77
3901 2573 2162 4778 2512 282 2083 2175 3225 3841 84 2343 3410 3896 3540 1499 1912 3354 1373 1055 326 1472 379 3946 3538 432 4407 3595 3263 2764 4002 3342 1007 1178 1093 1766 4932 3665 4304 3289 2742 819 1006 3326 4561 131 2979 4548 3538 82 3787 1807 2158 3814 4087 1387 3409 4585 107 4649 2564 3970 4750 2801 4889 3112 1561 1839 3041 1902 3953 2999 472 2756 2198 2262 2416 2131 2387 1983 3867 1034 2321 3570 689 169 210 838 157 4759 4204 4386 4238 1390 2215 1293 4506 225 3304 4735
2573 1904 3015 4408 2109 3764 1237 3813 877 3960 4259 3471 1078 3463 4110 3273 2668 3763 3950 2550 4193 4597 847 1850 3214 3052 1714 3597 3597 3630 966 3186 3563 4874 345 3005 4793 363 1287 2672 4965 2622 549 3512 3295 33 3375 139 3674 3679 4113 2011 842 2558 3732 264 1737 1871 2805 2642 3210 3285 4910 3328 4151 2723 3161 2012 3084 4897 4283 4818 52 800 2195 2833 1474 4990 1737 1983 2810 2500 3811 2387 645 326 385 2198 3159 1551 2184 3977 1426 704 4843 1443 4085 633 2958 3555
2162 3015 2433 2008 3632 2542 42 1463 4153 4749 2236 4313 2114 3299 4547 3245 798 2788 3576 647 4777 183 2776 917 4768 3235 4721 3840 1808 1600 2565 4981 560 1206 3889 2306 2316 4667 4195 3632 2777 324 3884 4728 2146 1794 4798 2795 3665 1106 2073 2157 110 3137 3823 828 495 2449 180 814 3785 932 4755 1681 3555 2070 3353 468 2735 1809 1188 3692 1133 3470 2180 2038 3178 3727 984 2803 2113 3740 386 3687 2344 4004 291 441 1497 1095 3786 4530 2478 296 1179 2044 766 3236 1916 3329
4778 4408 2008 3671 842 1214 4141 3856 3226 2094 486 2423 1409 503 430 1775 3132 4363 1994 2763 1113 3714 4516 3923 3603 3867 4135 2704 4195 873 2814 1441 156 2499 3503 2044 3299 4657 4293 422 4129 4459 2888 2969 2858 1475 1963 1646 3777 363 4254 808 3356 2571 4130 2358 2792 446 4232 4669 3398 4442 651 3153 2134 973 1039 3446 3250 4654 1723 4305 1221 4790 3559 854 1700 2005 3899 3289 4193 1119 1016 4522 3328 4980 3218 1809 4931 2629 276 4773 679 3211 441 429 3675 3433 277 1283
2512 2109 3632 842 607 3980 3827 4478 4602 2862 3777 1845 3928 2458 4251 168 4304 4401 1122 1321 2067 904 1286 4895 872 4997 161 1270 3877 3431 1378 4159 4871 666 3623 970 2448 162 4359 573 3886 3967 4535 1723 4424 4557 1139 4446 3501 4686 4600 53 1333 3113 2679 740 3064 2731 626 4686 64 1939 4070 2619 3496 1439 199 4876 718 1670 2747 3744 4806 3730 4695 1115 4439 818 3057 1922 4199 2695 1188 897 4061 4377 2430 3804 2468 992 1755 4868 433 4695 4352 2011 1355 1478 71 4902
282 3764 2542 1214 3980 2139 1651 76 1693 1969 1113 3206 4872 31 4433 771 1449 2519 1637 2235 2497 3320 2241 4527 1973 1139 2413 1739 2357 712 4057 3718 696 1902 2793 4759 3463 1902 1343 4575 1086 2481 4340 687 2558 699 3787 1929 4163 4442 3751 4293 2810 1054 2080 2547 2725 684 1636 1288 460 450 2975 914 4212 2431 2125 2755 444 1200 1001 4276 4639 111 81 3237 1540 4062 4900 900 2931 4443 1642 3554 4169 3622 4812 2342 3165 4713 2799 4004 216 584 1128 18 1992 2363 374 4464
2083 1237 42 4141 3827 1651 215 1289 1890 1775 1925 1532 4580 853 1890 2305 1025 1971 457 1370 2640 3248 2974 1547 1325 517 1776 323 1381 3776 1417 3304 1406 1312 806 2268 4925 1488 1585 389 1465 375 269 1136 2924 1676 2504 2708 1599 166 281 4350 2072 1768 3260 3635 1967 509 3122 4809 3614 3113 4730 3730 3457 256 2294 961 725 4860 3390 2944 564 2526 2573 4809 615 2469 3692 99 1980 3467 4355 1112 4171 1167 4967 3715 2331 4456 1249 3825 1508 3039 2778 2911 2366 421 3510 1118
2175 3813 1463 3856 4478 76 1289 3053 2457 1277 1110 2545 647 1741 2923 1159 2726 1698 1581 1054 616 697 515 4885 2369 4425 730 2569 3713 168 144 4767 3753 3838 3845 2274 4452 2126 3471 2637 71 4874 3929 3175 3434 1928 1574 910 2041 4595 4124 449 4583 3394 3421 2455 1711 669 4348 1847 1464 3827 1413 3711 869 2372 1115 602 4229 686 1949 1701 2591 4875 2214 4994 4397 138 3609 437 953 3174 3348 754 1183 543 1427 2953 321 2686 1690 4216 4351 4547 3913 2054 2366 1344 4383 4162
3225 877 4153 3226 4602 1693 1890 2457 3201 3164 1407 1016 2784 2215 2162 1165 4726 1623 3935 1886 3101 3323 4931 4064 4177 3311 4780 2530 1971 2351 1851 1141 4207 2719 1479 572 2780 334 1301 963 4479 230 4910 4342 2321 4935 4990 1191 1201 1343 4381 1257 242 2384 2573 3294 1155 4485 817 3232 2064 3268 3140 716 3961 2997 226 972 2435 292 361 1019 465 4036 2375 1611 2129 4171 3724 2628 4435 4636 3776 4504 2061 2219 3891 92 2821 4488 2289 2964 657 2618 4764 3587 2339 4483 631 788
3841 3960 4749 2094 2862 1969 1775 1277 3164 215 4125 2269 4478 2857 2590 2249 342 3388 4912 2417 1003 667 2124 4021 166 3518 1536 183 2335 2489 85 2795 1667 2900 4490 918 2623 699 2794 4833 3795 813 2962 3272 4522 1565 388 3042 4293 3330 2370 3983 1082 2556 3680 121 1282 4903 899 252 2348 1296 657 4789 281 533 1075 4516 1993 4272 1027 1134 840 3503 598 2025 2942 2067 1952 2938 125 1322 3427 3285 268 2788 3514 1349 2903 4635 2271 2607 1771 1972 3532 1662 1119 2090 3878 3653
84 4259 2236 486 3777 1113 1925 1110 1407 4125 3745 507 1024 389 2648 2647 4351 4658 3205 3778 4290 3925 4163 410 3224 1174 3970 4348 429 1509 1095 2263 2931 613 3047 2773 1450 1702 3840 1297 1578 38 4361 1231 3051 201 2995 1920 652 3338 3423 4625 1696 3345 2823 2131 869 196 277 2114 2055 3985 686 132 96 1949 1023 2041 4490 2398 4790 3981 1646 3879 847 4523 2864 4123 4615 466 3451 2147 3506 4700 1206 3456 4923 3838 81 928 3682 3646 4020 2226 719 1860 1868 4036 600 4238
2343 3471 4313 2423 1845 3206 1532 2545 1016 2269 507 2014 828 4417 3174 4876 511 2974 1778 4583 2178 3767 1325 1578 911 4796 223 3058 1687 785 1789 2142 1357 2296 4395 1243 4892 1610 2772 3347 4041 2494 40 3706 1496 3327 4971 2000 3598 4460 1814 4758 3461 80 1280 2242 4302 3271 4949 3189 3307 4570 3628 2215 147 4280 2501 3963 2298 2670 4183 1834 2084 4187 4332 3882 2905 3120 3297 4088 1934 105 3184 3667 1658 3088 4339 2591 170 560 299 3133 3984 709 2748 636 2413 4587 1128 3654
3410 1078 2114 1409 3928 4872 4580 647 2784 4478 1024 828 721 152 2533 3175 3703 2348 1909 1519 1820 2881 2845 4666 2988 195 3739 203 663 2443 337 818 3467 3929 2212 3345 1607 2345 1544 3961 4623 878 3913 1428 448 4651 2983 1497 2391 4345 1515 3620 2465 3711 4829 2887 314 1529 2179 4278 4066 817 1751 1713 1172 2903 4422 4628 738 423 1548 811 3408 408 269 1630 2449 549 1095 2677 669 2514 813 212 1152 2024 2226 1846 945 1197 543 4616 1168 4696 1758 4746 1816 3981 1931 3222
3896 3463 3299 503 2458 31 853 1741 2215 2857 389 4417 152 132 551 893 2714 3302 729 3489 4637 3576 4371 2733 3910 1817 3685 2073 1884 4614 1977 67 1420 1868 241 2011 1298 1327 4428 1383 3380 3320 4433 3475 320 1253 285 4551 1672 4645 2462 2395 3433 951 3885 617 546 16 3636 1193 4553 4572 1403 2372 4415 1173 1873 3462 2816 1562 4528 4750 4967 2559 329 3982 2589 3547 4792 393 2612 4849 3658 2939 2422 3099 330 3824 1399 3119 2901 2300 197 1287 4939 4419 3305 3377 3639 4176
3540 4110 4547 430 4251 4433 1890 2923 2162 2590 2648 3174 2533 551 4066 1083 1578 3142 4954 96 1987 3998 3986 3794 1531 1265 18 1883 570 2268 4333 4210 903 2690 4122 2992 3160 4259 3888 3608 3729 3722 4710 3291 195 29 76 605 1675 4716 4222 2333 1626 3383 3925 2320 196 1032 4804 97 69 2543 3420 251 2727 2102 1816 1033 1432 3303 4041 3735 25 369 479 4707 337 2134 4954 1194 3025 1962 1332 2054 2672 4945 843 4156 4805 1713 1984 1464 2920 4077 1354 2632 3006 1649 2262 1238
1499 3273 3245 1775 168 771 2305 1159 1165 2249 2647 4876 3175 893 1083 2310 198 3362 2136 4016 1116 461 4171 3156 801 445 1333 1999 2984 2414 1805 4091 1508 2363 1038 2777 3450 1559 1423 4208 3442 1741 3457 302 1638 3210 787 3199 726 1537 442 2635 1092 2341 925 2569 4925 1155 3655 3269 2047 829 3980 3253 113 3990 3952 4992 1351 2986 3480 3982 3997 1381 2325 2684 1992 1272 3289 1548 195 3961 1808 93 1500 2943 2019 3402 4942 2949 923 3668 2680 1933 719 2590 4741 4152 4168 1513
1912 2668 798 3132 4304 1449 1025 2726 4726 342 4351 511 3703 2714 1578 198 1206 3606 1072 1399 4340 1533 3427 1778 544 4813 4164 147 465 4527 3719 766 3469 1116 1215 1654 1069 4279 3557 1343 278 2768 4197 4844 1448 4312 4734 2172 2559 809 1753 4925 108 4380 3912 566 3522 1659 3691 2849 4768 2268 3814 3180 4553 4641 3313 1542 1266 3859 4778 988 1531 1591 1096 930 1019 4617 4394 4773 3646 899 1479 4632 2822 1504 4056 4859 3055 641 4929 3122 2262 355 1438 1055 4530 1887 4530 1454
3354 3763 2788 4363 4401 2519 1971 1698 1623 3388 4658 2974 2348 3302 3142 3362 3606 3239 1395 3699 2080 2359 230 4784 2293 2457 4296 3004 3797 3717 2562 4675 2249 4090 1180 1327 392 3609 2436 4035 800 2456 2522 2735 840 4001 2606 2925 2894 1239 3792 224 3653 4134 1855 4784 1562 4140 1064 4250 1894 3239 1018 3222 4742 4275 3081 4731 2599 1338 2978 3563 1176 3633 3897 530 4156 4755 1276 203 2396 4747 2954 2993 2170 19 2562 491 3290 4749 24 3956 3373 3202 4725 4612 3947 452 4483 3768
1373 3950 3576 1994 1122 1637 457 1581 3935 4912 3205 1778 1909 729 4954 2136 1072 1395 677 234 1731 170 1311 3980 2471 2603 1738 1681 4315 3252 4304 4770 3758 80 1922 1323 36 4075 2266 4452 1636 4236 4678 3321 4983 3024 1862 2685 1148 3480 4553 2751 3682 3404 3516 2621 3199 3120 2735 242 1678 1076 2052 3915 3045 1053 911 2211 967 580 673 4166 4354 1335 2516 2099 2950 4245 1958 2050 2216 3651 3038 4262 4079 2657 1618 3836 4229 717 3244 187 4622 3838 4396 2875 2517 3376 2536 2620
1055 2550 647 2763 1321 2235 1370 1054 1886 2417 3778 4583 1519 3489 96 4016 1399 3699 234 3952 2048 1999 2654 2588 1937 2098 1681 1374 225 1000 3241 1507 2375 2490 4425 4666 4550 4866 2813 1851 3592 2239 3431 2693 4808 4738 4939 99 247 3154 4048 3048 1494 306 1504 2672 3935 1389 1642 4341 3006 938 3798 1098 3310 2933 3791 1766 1469 4958 1567 1202 4208 4770 3075 2063 989 4651 3644 1145 111 742 1989 1564 2821 1821 2205 4347 158 1907 4750 4168 3804 4493 3893 4622 4457 4180 2022 2012
326 4193 4777 1113 2067 2497 2640 616 3101 1003 4290 2178 1820 4637 1987 1116 4340 2080 1731 2048 4410 3066 204 2794 4315 2078 1851 3735 1284 1777 4105 1885 2249 243 4047 1004 1262 2101 314 3075 1668 3239 211 1296 3391 331 1014 2013 3219 488 1242 1181 4967 3041 1862 2785 4120 3589 4522 3112 1695 3633 4493 1312 1538 1698 2635 3336 3793 2976 4665 2400 4279 2402 2009 2109 1142 1146 1048 2892 4303 2212 2740 71 704 1099 1213 2986 1671 2847 983 4389 2777 3371 4957 4382 4862 2554 4535 4999
1472 4597 183 3714 904 3320 3248 697 3323 667 3925 3767 2881 3576 3998 461 1533 2359 170 1999 3066 4997 1954 3118 3649 4399 3077 3254 4511 4106 3525 1953 824 4780 4293 3844 3521 2485 3099 2740 163 2110 1788 4259 2502 4962 3776 3368 3415 296 1918 4243 847 3089 216 2561 4151 340 1557 892 3647 4146 793 4325 1228 2316 3829 3780 3220 1919 3750 4942 3395 2102 527 3454 4703 4846 3036 4687 3308 1994 1608 106 2112 1508 2711 4530 4268 4184 1498 1249 4362 847 2350 3736 3947 3252 763 599
379 847 2776 4516 1286 2241 2974 515 4931 2124 4163 1325 2845 4371 3986 4171 3427 230 1311 2654 204 1954 1700 2901 418 4880 4022 4274 2959 4964 1561 3423 2392 3509 430 2534 2266 1744 3248 1425 654 3224 1821 4911 4072 1929 1869 291 3160 2873 1076 1738 272 4498 1540 3750 840 4115 609 4646 2773 328 4303 329 1443 826 4543 4208 2303 114 4243 154 4748 1749 4269 376 2207 1392 1288 595 1781 4036 1078 1875 4800 2667 2688 1786 3150 180 4201 1984 495 225 3834 802 2860 2494 3489 1497
3946 1850 917 3923 4895 4527 1547 4885 4064 4021 410 1578 4666 2733 3794 3156 1778 4784 3980 2588 2794 3118 2901 3983 2549 4772 1801 4990 2091 3295 2690 4400 156 4988 4024 561 3627 631 1589 2510 1321 2654 4465 296 1019 1049 1622 617 2385 2483 2879 1412 1883 1450 3345 3808 4235 3059 4470 4290 65 115 655 196 3964 1491 4802 2956 4436 2257 2975 3675 1366 4642 1620 1770 4456 2310 2801 2087 853 4574 3763 2503 3818 2627 748 158 4510 1460 2373 2575 4794 2614 4202 1110 501 2612 321 4805
3538 3214 4768 3603 872 1973 1325 2369 4177 166 3224 911 2988 3910 1531 801 544 2293 2471 1937 4315 3649 418 2549 3165 936 4281 2982 2813 4247 2828 1034 1628 2881 781 3274 426 4339 3016 1325 1799 4588 3767 1859 3183 3531 2476 1912 1350 4445 150 1991 927 4467 541 1178 4085 3690 872 2414 4849 4994 2380 4634 2496 1556 933 646 3060 3080 505 180 2685 1443 3315 4014 1812 213 660 2517 2163 1710 2532 4034 2719 4366 4620 3250 3192 4882 2789 4511 651 3991 3219 697 4888 3282 2709 1439
432 3052 3235 3867 4997 1139 517 4425 3311 3518 1174 4796 195 1817 1265 445 4813 2457 2603 2098 2078 4399 4880 4772 936 4790 1148 173 110 3795 3364 3210 2457 218 136 1701 4612 4170 3196 4301 1805 1565 3524 3548 4708 2758 714 502 2919 2884 4408 3552 4934 1627 622 1299 3889 915 4242 3782 788 139 2324 2369 2495 2668 4575 980 979 1811 3780 1669 3835 2788 4723 3124 4031 1446 941 1249 3495 4016 1052 2616 4636 4548 1215 1492 3957 1734 561 1136 1271 595 3895 2819 4713 3862 397 329
4407 1714 4721 4135 161 2413 1776 730 4780 1536 3970 223 3739 3685 18 1333 4164 4296 1738 1681 1851 3077 4022 1801 4281 1148 764 1607 1653 1676 4991 4748 1855 3491 1833 4002 28 221 2037 1271 3243 505 2413 2544 1892 2159 62 3399 2207 704 2718 4145 1490 3661 1045 3724 3826 4718 4186 3843 3903 3063 2193 382 3343 4194 3044 2305 631 2028 652 4928 4896 696 3080 3532 3160 4991 4891 2274 3797 4806 3801 3614 4440 1797 863 2127 1691 1543 2438 3091 4273 2448 1979 1197 2054 2502 805 1464
3595 3597 3840 2704 1270 1739 323 2569 2530 183 4348 3058 203 2073 1883 1999 147 3004 1681 1374 3735 3254 4274 4990 2982 173 1607 1157 3825 1428 3441 4019 4896 2245 1352 3867 815 2460 2387 1220 3094 1414 1418 1511 185 2198 3522 1511 329 236 301 4039 316 738 1637 3518 2880 3703 4271 245 4012 3834 4896 4267 4283 3493 646 3999 4950 1682 2183 742 1950 3576 307 2330 3096 2618 2495 354 3546 2892 3960 3170 718 3531 238 2634 4345 1455 175 3580 4136 1441 4107 4673 1847 2705 2997 1729
3263 3597 1808 4195 3877 2357 1381 3713 1971 2335 429 1687 663 1884 570 2984 465 3797 4315 225 1284 4511 2959 2091 2813 110 1653 3825 3158 4134 2071 4322 4555 1002 2958 3584 1822 4982 3322 4610 249 4361 1004 1431 436 1403 638 4751 36 3602 4436 3707 3158 4022 906 4636 4610 4509 3142 3525 4353 1000 544 21 371 945 850 1025 4241 4498 793 2185 4945 3288 243 3354 792 1491 756 4110 2674 4068 51 4676 1360 4883 4676 3778 2331 3410 2666 2541 2593 4378 3360 50 1631 1687 922 3627
2764 3630 1600 873 3431 712 3776 168 2351 2489 1509 785 2443 4614 2268 2414 4527 3717 3252 1000 1777 4106 4964 3295 4247 3795 1676 1428 4134 4250 1499 4852 1189 4636 1523 4548 4307 1399 1945 1628 1667 3860 1690 1291 583 2284 4242 2799 2160 2850 3796 1277 77 1255 444 4416 4955 1683 568 895 4789 2152 2223 2982 2241 3438 3352 2845 4206 4221 1904 340 2299 1486 786 807 642 3722 3766 4941 3210 154 350 467 1007 1292 2724 4785 3302 1767 403 809 4059 3878 2751 2391 3828 4302 862 3406
4002 966 2565 2814 1378 4057 1417 144 1851 85 1095 1789 337 1977 4333 1805 3719 2562 4304 3241 4105 3525 1561 2690 2828 3364 4991 3441 2071 1499 2716 794 1956 3954 2574 1012 2884 1607 2774 4166 2710 3308 351 1783 3344 2130 3537 1180 1125 2601 2527 381 343 2204 4808 3334 820 3977 194 1127 3003 1043 1221 1304 1267 4247 3367 641 865 1351 453 1815 1635 1849 2454 4305 664 4113 1081 765 2082 319 4271 2382 495 4566 3167 4034 1273 683 4253 3920 3514 3028 2310 4278 3503 3337 340 2833
3342 3186 4981 1441 4159 3718 3304 4767 1141 2795 2263 2142 818 67 4210 4091 766 4675 4770 1507 1885 1953 3423 4400 1034 3210 4748 4019 4322 4852 794 868 3825 3305 3096 4598 1677 2303 568 308 4960 2597 2954 3223 1903 2488 4372 3829 3548 4776 624 455 3891 2328 120 1498 2309 1942 2231 3809 1905 4143 2464 1154 3646 1068 22 4007 1684 1861 3537 2365 3668 1899 2602 4146 4017 1039 788 501 2775 1404 1020 2546 3658 2495 3606 51 3939 384 3456 4907 3142 3609 2988 4409 3775 2849 2681 3819
1007 3563 560 156 4871 696 1406 3753 4207 1667 2931 1357 3467 1420 903 1508 3469 2249 3758 2375 2249 824 2392 156 1628 2457 1855 4896 4555 1189 1956 3825 3422 697 3178 1809 3924 3855 2005 3283 355 4274 230 3788 950 3473 1750 2650 1036 3720 811 251 2388 2736 4062 4621 3116 643 1412 924 1074 3253 48 4733 3495 2754 2200 1726 3665 4990 1610 4518 3747 2051 780 3865 2342 2512 2074 796 1744 4841 3583 2964 2668 3700 2592 3976 681 3703 1721 1966 3314 4697 3377 1211 3397 2324 2111 3075
1178 4874 1206 2499 666 1902 1312 3838 2719 2900 613 2296 3929 1868 2690 2363 1116 4090 80 2490 243 4780 3509 4988 2881 218 3491 2245 1002 4636 3954 3305 697 256 1529 4378 3837 1150 4897 2259 2726 3319 2186 3387 1491 4307 4644 2424 1249 4295 4331 3355 1299 1430 4131 4773 2465 4801 3409 2107 4831 1530 2834 912 4713 4245 1650 2785 1529 2767 3176 2612 1596 3848 3177 4665 252 2365 2928 3290 4046 876 4106 4356 2671 2603 2111 1779 3247 1757 739 2520 2444 4679 4867 4772 200 1460 1892 4395
1093 345 3889 3503 3623 2793 806 3845 1479 4490 3047 4395 2212 241 4122 1038 1215 1180 1922 4425 4047 4293 430 4024 781 136 1833 1352 2958 1523 2574 3096 3178 1529 1289 571 88 4957 1127 485 4653 2338 3142 3944 123 2726 2566 4119 3403 1907 1508 3824 1361 3230 3075 1721 121 1750 329 108 4021 2415 4781 3649 3604 4603 2410 665 1382 2667 1872 4238 510 248 4249 2503 3914 937 3785 3978 3620 154 1843 297 4509 2598 4367 2251 869 1714 2799 1176 1807 3214 3819 18 1702 4160 1819 4775
1766 3005 2306 2044 970 4759 2268 2274 572 918 2773 1243 3345 2011 2992 2777 1654 1327 1323 4666 1004 3844 2534 561 3274 1701 4002 3867 3584 4548 1012 4598 1809 4378 571 3603 4848 119 1887 857 3558 2203 728 3982 2513 1367 2614 393 1033 2056 3879 1263 1081 3996 1002 198 3644 3511 205 4899 1542 572 3932 1862 2375 655 717 210 4396 2834 4916 3120 4983 3555 2501 2185 4154 3441 4988 493 515 4357 2322 4266 2717 4212 3225 2322 310 1896 4335 4195 4030 2475 2226 3233 2902 1722 209 2483
4932 4793 2316 3299 2448 3463 4925 4452 2780 2623 1450 4892 1607 1298 3160 3450 1069 392 36 4550 1262 3521 2266 3627 426 4612 28 815 1822 4307 2884 1677 3924 3837 88 4848 4096 4367 4747 3764 4934 375 4734 311 3749 4943 3561 932 2084 4590 115 3625 120 2399 2949 4372 3960 3763 3334 1022 1286 469 4005 3149 4114 2436 2178 1853 4346 1095 4356 696 444 2202 4222 434 4114 1071 3696 4277 3263 1984 4785 1380 2989 401 3259 911 4410 2967 1730 2449 38 2556 4137 3946 2382 4044 1664 1922
3665 363 4667 4657 162 1902 1488 2126 334 699 1702 1610 2345 1327 4259 1559 4279 3609 4075 4866 2101 2485 1744 631 4339 4170 221 2460 4982 1399 1607 2303 3855 1150 4957 119 4367 827 2464 824 551 1721 3075 2534 1069 2127 2880 4226 4461 2868 4151 482 1870 725 1703 2225 148 163 2073 414 1713 3805 2762 4356 3633 1679 137 3829 313 3041 1090 2948 697 267 473 4969 3857 3859 743 3557 2170 823 3206 3548 4283 1344 4198 1098 1360 427 2670 2738 2466 4286 166 1699 3919 3329 1268 1679
4304 1287 4195 4293 4359 1343 1585 3471 1301 2794 3840 2772 1544 4428 3888 1423 3557 2436 2266 2813 314 3099 3248 1589 3016 3196 2037 2387 3322 1945 2774 568 2005 4897 1127 1887 4747 2464 4423 3563 3472 1902 1699 1451 893 2592 195 470 3362 856 4814 2649 4001 1242 4129 2724 4097 1664 765 2902 3561 1651 3798 4584 299 3963 4963 1049 4881 3630 298 1471 3470 2457 3282 3569 322 2716 1030 4052 2324 3959 1096 4271 330 1045 4816 2520 2729 64 2879 658 139 309 1368 159 1066 181 848 2627
3289 2672 3632 422 573 4575 389 2637 963 4833 1297 3347 3961 1383 3608 4208 1343 4035 4452 1851 3075 2740 1425 2510 1325 4301 1271 1220 4610 1628 4166 308 3283 2259 485 857 3764 824 3563 3592 4037 2785 4336 3419 344 2018 4888 4505 4227 4654 1368 469 3608 2359 1396 4649 4188 3920 2255 4656 4135 4457 1763 3772 441 2483 3358 1362 784 4968 1521 2125 2559 2571 4899 4956 30 840 447 3411 4061 2835 1375 4588 257 3135 4234 4492 4019 2611 3737 4148 1497 2457 2788 3062 4035 4864 679 4123
2742 4965 2777 4129 3886 1086 1465 71 4479 3795 1578 4041 4623 3380 3729 3442 278 800 1636 3592 1668 163 654 1321 1799 1805 3243 3094 249 1667 2710 4960 355 2726 4653 3558 4934 551 3472 4037 1945 1197 1183 4559 603 858 3884 3401 4898 1402 2134 1497 3601 2292 1546 1814 4441 4441 3570 4079 4069 96 1950 1909 4242 2277 561 2648 2577 3627 4353 3425 3813 3795 3309 3950 1653 1589 609 3174 3264 1659 1109 2571 2674 3407 2005 3085 683 2156 1451 3613 4004 693 4867 1268 3185 2028 2190 4265
819 2622 324 4459 3967 2481 375 4874 230 813 38 2494 878 3320 3722 1741 2768 2456 4236 2239 3239 2110 3224 2654 4588 1565 505 1414 4361 3860 3308 2597 4274 3319 2338 2203 375 1721 1902 2785 1197 3675 3837 1497 809 449 4060 2658 4657 3562 4417 607 4180 2855 3250 1914 1737 3963 3994 4638 4312 4416 4276 4597 2079 3993 503 4939 4547 3789 917 4232 1948 1127 3212 4870 654 3305 2033 2343 3292 1991 4053 4509 3074 1613 157 4113 2732 249 1028 1001 3877 3879 3989 45 4231 3884 2027 3983
1006 549 3884 2888 4535 4340 269 3929 4910 2962 4361 40 3913 4433 4710 3457 4197 2522 4678 3431 211 1788 1821 4465 3767 3524 2413 1418 1004 1690 351 2954 230 2186 3142 728 4734 3075 1699 4336 1183 3837 4554 2909 3758 2230 4022 4476 3301 4637 736 2354 129 2965 854 1650 1551 4800 691 3479 2098 1613 1737 201 1183 3506 1435 3335 2511 903 2068 3243 2057 3652 2473 3296 1374 3944 1191 1324 3580 21 4912 2579 438 2888 701 701 4568 2610 4346 68 2270 380 233 3491 4285 573 130 1486
3326 3512 4728 2969 1723 687 1136 3175 4342 3272 1231 3706 1428 3475 3291 302 4844 2735 3321 2693 1296 4259 4911 296 1859 3548 2544 1511 1431 1291 1783 3223 3788 3387 3944 3982 311 2534 1451 3419 4559 1497 2909 3552 755 4015 350 4775 2565 75 4938 1319 3989 2686 171 2790 2800 84 2743 4318 3290 2426 4074 3149 427 4775 1773 2352 1612 3356 1799 1855 994 350 3978 698 2326 4462 524 2658 4965 3246 3964 4150 3012 3250 2164 2839 4024 1289 4726 1107 2524 851 3280 4346 2922 3268 640 639
4561 3295 2146 2858 4424 2558 2924 3434 2321 4522 3051 1496 448 320 195 1638 1448 840 4983 4808 3391 2502 4072 1019 3183 4708 1892 185 436 583 3344 1903 950 1491 123 2513 3749 1069 893 344 603 809 3758 755 194 4577 2033 2832 643 3703 3621 3444 418 1711 4268 2842 3044 4696 3520 2477 993 4130 2889 1580 2096 673 471 4952 1495 2300 1320 2076 728 2882 2528 3170 3153 945 3215 564 2937 2697 2750 275 1300 2368 4362 3455 2171 1799 3820 1795 1053 590 3233 2904 2638 909 4369 113
131 33 1794 1475 4557 699 1676 1928 4935 1565 201 3327 4651 1253 29 3210 4312 4001 3024 4738 331 4962 1929 1049 3531 2758 2159 2198 1403 2284 2130 2488 3473 4307 2726 1367 4943 2127 2592 2018 858 449 2230 4015 4577 1050 3523 373 4939 1922 3958 1491 2068 4043 4742 2808 4116 1821 322 3647 2642 3470 4904 3141 877 3840 4759 4165 2733 233 2211 4434 347 4531 2318 3773 3706 3221 299 4691 206 1342 3221 2865 562 1170 4213 3474 4782 643 1856 634 3493 921 4464 3545 997 3403 4401 3900
2979 3375 4798 1963 1139 3787 2504 1574 4990 388 2995 4971 2983 285 76 787 4734 2606 1862 4939 1014 3776 1869 1622 2476 714 62 3522 638 4242 3537 4372 1750 4644 2566 2614 3561 2880 195 4888 3884 4060 4022 350 2033 3523 2284 3576 3260 3659 3734 2183 124 1715 749 3259 2856 3520 734 1588 743 4556 4233 2478 2738 3469 3381 1604 1163 4430 1645 134 106 4161 4506 43 3480 2152 2047 2685 3746 2747 1693 4929 527 4464 1067 4893 2074 2265 608 4912 1399 1124 262 4864 950 1171 2499 1719
4548 139 2795 1646 4446 1929 2708 910 1191 3042 1920 2000 1497 4551 605 3199 2172 2925 2685 99 2013 3368 291 617 1912 502 3399 1511 4751 2799 1180 3829 2650 2424 4119 393 932 4226 470 4505 3401 2658 4476 4775 2832 373 3576 794 626 3001 868 4597 1721 3841 3215 3535 4691 2122 3002 4283 2713 1689 2507 3361 3582 3691 2786 4446 2442 1675 4805 4335 4771 3639 327 898 4452 4419 4310 2751 1881 4211 2030 352 586 2407 1175 4583 1167 2872 737 474 4913 2587 708 2010 4929 47 4523 2427
3538 3674 3665 3777 3501 4163 1599 2041 1201 4293 652 3598 2391 1672 1675 726 2559 2894 1148 247 3219 3415 3160 2385 1350 2919 2207 329 36 2160 1125 3548 1036 1249 3403 1033 2084 4461 3362 4227 4898 4657 3301 2565 643 4939 3260 626 3352 4640 3874 2027 265 592 4616 824 76 4843 3633 738 546 2563 3929 2165 740 2441 1907 571 2618 1516 3892 1446 4256 3271 4944 4802 2930 4571 134 3689 4565 4582 613 3503 591 512 2788 4527 3145 2026 3943 3539 4849 468 3973 1125 3372 447 1378 255
82 3679 1106 363 4686 4442 166 4595 1343 3330 3338 4460 4345 4645 4716 1537 809 1239 3480 3154 488 296 2873 2483 4445 2884 704 236 3602 2850 2601 4776 3720 4295 1907 2056 4590 2868 856 4654 1402 3562 4637 75 3703 1922 3659 3001 4640 3484 4771 2647 2031 2230 2040 3412 3947 3358 888 4993 3556 1144 902 248 169 1293 3965 2608 2226 3809 4605 2066 1749 4464 2218 2259 153 4832 356 2006 190 3010 2389 2357 2887 4877 4716 3478 320 1709 2356 1925 662 1718 1140 3801 737 3372 3893 2852
3787 4113 2073 4254 4600 3751 281 4124 4381 2370 3423 1814 1515 2462 4222 442 1753 3792 4553 4048 1242 1918 1076 2879 150 4408 2718 301 4436 3796 2527 624 811 4331 1508 3879 115 4151 4814 1368 2134 4417 736 4938 3621 3958 3734 868 3874 4771 1448 3978 4578 4654 1743 2626 4080 2532 2407 4306 3491 2777 1877 476 3847 4288 1881 1951 1451 2876 2123 2417 3434 528 3714 2527 2470 111 4098 4799 3636 841 3979 2094 1665 3293 2697 2381 4440 927 2971 2469 4611 511 2771 4094 3813 4501 376 743
1807 2011 2157 808 53 4293 4350 449 1257 3983 4625 4758 3620 2395 2333 2635 4925 224 2751 3048 1181 4243 1738 1412 1991 3552 4145 4039 3707 1277 381 455 251 3355 3824 1263 3625 482 2649 469 1497 607 2354 1319 3444 1491 2183 4597 2027 2647 3978 4895 166 4348 1306 2528 2504 1062 337 3156 2576 804 3948 4459 2661 4465 4018 3039 1090 557 3706 3150 4313 834 1048 3184 1741 1775 207 2155 229 1300 1594 2741 4855 1557 3145 4877 3063 2996 731 1378 1262 2462 3882 261 2153 364 4676 1469
2158 842 110 3356 1333 2810 2072 4583 242 1082 1696 3461 2465 3433 1626 1092 108 3653 3682 1494 4967 847 272 1883 927 4934 1490 316 3158 77 343 3891 2388 1299 1361 1081 120 1870 4001 3608 3601 4180 129 3989 418 2068 124 1721 265 2031 4578 166 310 600 3227 4973 3851 1044 2942 4633 4114 1722 2475 2129 4348 4382 4601 1942 805 4013 102 2452 4074 1432 4489 2265 176 4112 550 2029 232 2175 2081 3861 4472 1467 1782 3538 2458 2603 1393 629 1663 4881 304 3871 2556 1181 1533 4621
3814 2558 3137 2571 3113 1054 1768 3394 2384 2556 3345 80 3711 951 3383 2341 4380 4134 3404 306 3041 3089 4498 1450 4467 1627 3661 738 4022 1255 2204 2328 2736 1430 3230 3996 2399 725 1242 2359 2292 2855 2965 2686 1711 4043 1715 3841 592 2230 4654 4348 600 2925 179 4636 1085 4089 4767 3932 3251 4999 2648 3615 214 1765 2321 4551 3861 3988 786 3636 3061 2430 3543 1850 985 3627 1972 665 2376 2411 2584 1404 4994 4698 4733 761 4830 2630 4661 1009 3667 3925 2613 819 2314 1289 2590 3533
4087 3732 3823 4130 2679 2080 3260 3421 2573 3680 2823 1280 4829 3885 3925 925 3912 1855 3516 1504 1862 216 1540 3345 541 622 1045 1637 906 444 4808 120 4062 4131 3075 1002 2949 1703 4129 1396 1546 3250 854 171 4268 4742 749 3215 4616 2040 1743 1306 3227 179 4029 3691 3811 4237 4585 4292 3140 1466 3135 3515 3260 4118 2166 755 509 4085 4944 4389 1782 2483 4862 1170 1193 1649 3408 4393 4393 766 3017 3894 3052 114 1335 4651 3510 1153 591 527 3274 1896 4425 4697 4678 896 2565 809
1387 264 828 2358 740 2547 3635 2455 3294 121 2131 2242 2887 617 2320 2569 566 4784 2621 2672 2785 2561 3750 3808 1178 1299 3724 3518 4636 4416 3334 1498 4621 4773 1721 198 4372 2225 2724 4649 1814 1914 1650 2790 2842 2808 3259 3535 824 3412 2626 2528 4973 4636 3691 1154 3716 3077 2195 4760 4124 4772 4372 4357 3336 1975 2311 2695 4149 3314 2228 195 714 4185 868 4424 23 806 127 4837 3087 2075 2530 4668 3041 1461 2136 3533 2396 2618 1078 1012 3007 4031 805 1680 1984 1421 2184 448
3409 1737 495 2792 3064 2725 1967 1711 1155 1282 869 4302 314 546 196 4925 3522 1562 3199 3935 4120 4151 840 4235 4085 3889 3826 2880 4610 4955 820 2309 3116 2465 121 3644 3960 148 4097 4188 4441 1737 1551 2800 3044 4116 2856 4691 76 3947 4080 2504 3851 1085 3811 3716 4862 1558 4601 2579 230 445 1213 1456 1224 1990 3238 25 4331 4268 578 4384 440 3996 4867 3201 3654 3973 2643 1271 309 4906 407 1392 2184 3661 2963 597 127 147 1416 4527 3522 2837 2050 99 620 4079 4690 1683
4585 1871 2449 446 2731 684 509 669 4485 4903 196 3271 1529 16 1032 1155 1659 4140 3120 1389 3589 340 4115 3059 3690 915 4718 3703 4509 1683 3977 1942 643 4801 1750 3511 3763 163 1664 3920 4441 3963 4800 84 4696 1821 3520 2122 4843 3358 2532 1062 1044 4089 4237 3077 1558 2746 1127 1651 630 3939 2619 486 1776 1635 890 1963 3020 1706 2799 1593 1115 266 2451 464 2624 1449 2049 2352 4864 4707 2141 4700 3251 370 1057 733 3205 495 4229 1649 1199 1044 4467 3341 1416 1110 1585 4511
107 2805 180 4232 626 1636 3122 4348 817 899 277 4949 2179 3636 4804 3655 3691 1064 2735 1642 4522 1557 609 4470 872 4242 4186 4271 3142 568 194 2231 1412 3409 329 205 3334 2073 765 2255 3570 3994 691 2743 3520 322 734 3002 3633 888 2407 337 2942 4767 4585 2195 4601 1127 1112 1506 4590 3067 4035 3923 1492 4243 374 618 4187 831 3159 3977 3783 4948 4739 4981 1956 2733 2822 3483 1773 3738 1134 1768 3935 1121 4136 2588 2236 952 1137 1442 572 1141 2884 2564 3814 3557 1824 1181
4649 2642 814 4669 4686 1288 4809 1847 3232 252 2114 3189 4278 1193 97 3269 2849 4250 242 4341 3112 892 4646 4290 2414 3782 3843 245 3525 895 1127 3809 924 2107 108 4899 1022 414 2902 4656 4079 4638 3479 4318 2477 3647 1588 4283 738 4993 4306 3156 4633 3932 4292 4760 2579 1651 1506 4690 1688 435 888 495 10 1731 3766 4381 3588 1483 246 3145 4465 1905 416 2773 1105 794 4077 446 1285 2437 147 65 2116 1547 3600 957 586 1377 55 969 810 1431 300 4440 1108 2236 841 481
2564 3210 3785 3398 64 460 3614 1464 2064 2348 2055 3307 4066 4553 69 2047 4768 1894 1678 3006 1695 3647 2773 65 4849 788 3903 4012 4353 4789 3003 1905 1074 4831 4021 1542 1286 1713 3561 4135 4069 4312 2098 3290 993 2642 743 2713 546 3556 3491 2576 4114 3251 3140 4124 230 630 4590 1688 4998 331 3063 3587 2491 903 4352 1363 454 3959 2493 1687 1052 1944 3378 2478 2350 4043 3324 3392 73 4487 1769 841 1240 3189 4667 618 3250 3656 1252 4492 1277 4079 4350 4314 4148 3518 1081 2067
3970 3285 932 4442 1939 450 3113 3827 3268 1296 3985 4570 817 4572 2543 829 2268 3239 1076 938 3633 4146 328 115 4994 139 3063 3834 1000 2152 1043 4143 3253 1530 2415 572 469 3805 1651 4457 96 4416 1613 2426 4130 3470 4556 1689 2563 1144 2777 804 1722 4999 1466 4772 445 3939 3067 435 331 1794 4405 96 2056 3052 3395 1940 724 4002 4608 1463 2786 1464 3180 4257 3822 3606 4942 1483 646 3546 111 3884 2180 2662 1367 1795 539 4812 3498 3389 1590 1327 4608 2247 1498 265 4635 4746
4750 4910 4755 651 4070 2975 4730 1413 3140 657 686 3628 1751 1403 3420 3980 3814 1018 2052 3798 4493 793 4303 655 2380 2324 2193 4896 544 2223 1221 2464 48 2834 4781 3932 4005 2762 3798 1763 1950 4276 1737 4074 2889 4904 4233 2507 3929 902 1877 3948 2475 2648 3135 4372 1213 2619 4035 888 3063 4405 3734 4200 4603 3977 711 1276 4717 314 3810 4280 4507 2428 1901 4730 46 3328 3680 2985 1731 3585 999 1564 1302 4633 16 1454 3583 1958 4338 2749 2368 885 341 444 1663 498 4661 2918
2801 3328 1681 3153 2619 914 3730 3711 716 4789 132 2215 1713 2372 251 3253 3180 3222 3915 1098 1312 4325 329 196 4634 2369 382 4267 21 2982 1304 1154 4733 912 3649 1862 3149 4356 4584 3772 1909 4597 201 3149 1580 3141 2478 3361 2165 248 476 4459 2129 3615 3515 4357 1456 486 3923 495 3587 96 4200 3643 2218 1223 2026 2643 484 4937 3801 86 1447 3773 288 2336 2180 1029 3557 2706 3776 2069 44 1420 3406 2779 3723 3495 3434 1559 1082 3379 3936 4579 1765 1980 2114 4683 4825 1265
4889 4151 3555 2134 3496 4212 3457 869 3961 281 96 147 1172 4415 2727 113 4553 4742 3045 3310 1538 1228 1443 3964 2496 2495 3343 4283 371 2241 1267 3646 3495 4713 3604 2375 4114 3633 299 441 4242 2079 1183 427 2096 877 2738 3582 740 169 3847 2661 4348 214 3260 3336 1224 1776 1492 10 2491 2056 4603 2218 4566 1485 4219 915 4425 1343 4105 69 1212 1437 3770 4862 2129 2688 3296 4938 1616 4936 1658 2794 293 2740 4472 86 3608 2656 4896 1995 1348 584 3775 951 4972 4603 490 2751
3112 2723 2070 973 1439 2431 256 2372 2997 533 1949 4280 2903 1173 2102 3990 4641 4275 1053 2933 1698 2316 826 1491 1556 2668 4194 3493 945 3438 4247 1068 2754 4245 4603 655 2436 1679 3963 2483 2277 3993 3506 4775 673 3840 3469 3691 2441 1293 4288 4465 4382 1765 4118 1975 1990 1635 4243 1731 903 3052 3977 1223 1485 4216 1626 1810 3038 2557 2809 3781 2621 3897 1348 3809 4716 4401 1865 4481 4203 3215 2354 3161 1372 4818 2449 1163 3321 832 3963 212 2772 3288 3322 4275 1322 1700 960 1666
1561 3161 3353 1039 199 2125 2294 1115 226 1075 1023 2501 4422 1873 1816 3952 3313 3081 911 3791 2635 3829 4543 4802 933 4575 3044 646 850 3352 3367 22 2200 1650 2410 717 2178 137 4963 3358 561 503 1435 1773 471 4759 3381 2786 1907 3965 1881 4018 4601 2321 2166 2311 3238 890 374 3766 4352 3395 711 2026 4219 1626 973 1960 755 3225 501 2145 3407 3627 130 3748 3192 113 2365 3137 1447 4938 1854 4619 1433 4272 4108 2876 3687 735 4147 3678 3908 4236 1179 2794 1004 4982 1221 4003
1839 2012 468 3446 4876 2755 961 602 972 4516 2041 3963 4628 3462 1033 4992 1542 4731 2211 1766 3336 3780 4208 2956 646 980 2305 3999 1025 2845 641 4007 1726 2785 665 210 1853 3829 1049 1362 2648 4939 3335 2352 4952 4165 1604 4446 571 2608 1951 3039 1942 4551 755 2695 25 1963 618 4381 1363 1940 1276 2643 915 1810 1960 472 2005 1270 4218 1682 3462 4023 4915 3590 1239 2287 3011 4141 4331 501 1141 1745 1237 828 4899 1322 2369 4861 819 4390 1522 4169 1121 2471 2451 4389 2164 1292
3041 3084 2735 3250 718 444 725 4229 2435 1993 4490 2298 738 2816 1432 1351 1266 2599 967 1469 3793 3220 2303 4436 3060 979 631 4950 4241 4206 865 1684 3665 1529 1382 4396 4346 313 4881 784 2577 4547 2511 1612 1495 2733 1163 2442 2618 2226 1451 1090 805 3861 509 4149 4331 3020 4187 3588 454 724 4717 484 4425 3038 755 2005 3061 1879 775 4628 16 914 530 4249 2854 753 4342 3109 1013 3093 286 2530 2970 1244 503 4952 1812 3935 2629 2386 1575 2746 1791 2423 1976 4999 702 2073
1902 4897 1809 4654 1670 1200 4860 686 292 4272 2398 2670 423 1562 3303 2986 3859 1338 580 4958 2976 1919 114 2257 3080 1811 2028 1682 4498 4221 1351 1861 4990 2767 2667 2834 1095 3041 3630 4968 3627 3789 903 3356 2300 233 4430 1675 1516 3809 2876 557 4013 3988 4085 3314 4268 1706 831 1483 3959 4002 314 4937 1343 2557 3225 1270 1879 2810 2069 3785 3552 733 3630 4715 4493 3226 3184 2652 63 1630 1467 3553 116 4581 696 273 3188 461 167 541 2056 838 1185 1606 2098 2823 900 3689
3953 4283 1188 1723 2747 1001 3390 1949 361 1027 4790 4183 1548 4528 4041 3480 4778 2978 673 1567 4665 3750 4243 2975 505 3780 652 2183 793 1904 453 3537 1610 3176 1872 4916 4356 1090 298 1521 4353 917 2068 1799 1320 2211 1645 4805 3892 4605 2123 3706 102 786 4944 2228 578 2799 3159 246 2493 4608 3810 3801 4105 2809 501 4218 775 2069 4908 2332 4244 1325 2004 569 1377 3575 837 2764 962 2244 4656 94 2132 3826 3556 2680 2327 3569 2068 1785 1028 1302 4288 3938 1964 4239 1695 3710
2999 4818 3692 4305 3744 4276 2944 1701 1019 1134 3981 1834 811 4750 3735 3982 988 3563 4166 1202 2400 4942 154 3675 180 1669 4928 742 2185 340 1815 2365 4518 2612 4238 3120 696 2948 1471 2125 3425 4232 3243 1855 2076 4434 134 4335 1446 2066 2417 3150 2452 3636 4389 195 4384 1593 3977 3145 1687 1463 4280 86 69 3781 2145 1682 4628 3785 2332 1008 3940 4841 3778 3022 566 3417 4739 3747 2676 1795 4029 2101 3473 3189 4442 4661 1358 1316 192 1203 4229 3682 571 332 4820 1108 3231 3165
472 52 1133 1221 4806 4639 564 2591 465 840 1646 2084 3408 4967 25 3997 1531 1176 4354 4208 4279 3395 4748 1366 2685 3835 4896 1950 4945 2299 1635 3668 3747 1596 510 4983 444 697 3470 2559 3813 1948 2057 994 728 347 106 4771 4256 1749 3434 4313 4074 3061 1782 714 440 1115 3783 4465 1052 2786 4507 1447 1212 2621 3407 3462 16 3552 4244 3940 4815 261 211 134 473 4255 4227 933 2987 3742 4734 954 3687 2251 2966 1928 1823 3512 4970 877 3457 4946 2420 1242 2356 3070 2155 4456
2756 800 3470 4790 3730 111 2526 4875 4036 3503 3879 4187 408 2559 369 1381 1591 3633 1335 4770 2402 2102 1749 4642 1443 2788 696 3576 3288 1486 1849 1899 2051 3848 248 3555 2202 267 2457 2571 3795 1127 3652 350 2882 4531 4161 3639 3271 4464 528 834 1432 2430 2483 4185 3996 266 4948 1905 1944 1464 2428 3773 1437 3897 3627 4023 914 733 1325 4841 261 1720 4060 3491 2257 2817 1668 1510 869 1583 2700 1406 1769 1011 2842 286 3642 470 1609 4459 1990 670 2394 2548 4631 4101 1583 3291
2198 2195 2180 3559 4695 81 2573 2214 2375 598 847 4332 269 329 479 2325 1096 3897 2516 3075 2009 527 4269 1620 3315 4723 3080 307 243 786 2454 2602 780 3177 4249 2501 4222 473 3282 4899 3309 3212 2473 3978 2528 2318 4506 327 4944 2218 3714 1048 4489 3543 4862 868 4867 2451 4739 416 3378 3180 1901 288 3770 1348 130 4915 530 3630 2004 3778 211 4060 3337 1660 952 3902 3514 2836 133 1298 789 4241 1559 4641 2981 2948 3521 2660 2101 2715 115 810 4521 558 533 1443 2047 2891
2262 2833 2038 854 1115 3237 4809 4994 1611 2025 4523 3882 1630 3982 4707 2684 930 530 2099 2063 2109 3454 376 1770 4014 3124 3532 2330 3354 807 4305 4146 3865 4665 2503 2185 434 4969 3569 4956 3950 4870 3296 698 3170 3773 43 898 4802 2259 2527 3184 2265 1850 1170 4424 3201 464 4981 2773 2478 4257 4730 2336 4862 3809 3748 3590 4249 4715 569 3022 134 3491 1660 695 4434 880 33 2794 1801 2359 1140 2647 3563 1023 3200 3274 3775 2726 432 2404 1190 1730 1523 4758 3609 326 4080 4805
2416 1474 3178 1700 4439 1540 615 4397 2129 2942 2864 2905 2449 2589 337 1992 1019 4156 2950 989 1142 4703 2207 4456 1812 4031 3160 3096 792 642 664 4017 2342 252 3914 4154 4114 3857 322 30 1653 654 1374 2326 3153 3706 3480 4452 2930 153 2470 1741 176 985 1193 23 3654 2624 1956 1105 2350 3822 46 2180 2129 4716 3192 1239 2854 4493 1377 566 473 2257 952 4434 3665 4924 2365 3362 3820 2543 1339 3175 2971 3929 3452 4136 1191 2941 2551 2779 3737 4439 2748 278 4757 3316 1756 1257
2131 4990 3727 2005 818 4062 2469 138 4171 2067 4123 3120 549 3547 2134 1272 4617 4755 4245 4651 1146 4846 1392 2310 213 1446 4991 2618 1491 3722 4113 1039 2512 2365 937 3441 1071 3859 2716 840 1589 3305 3944 4462 945 3221 2152 4419 4571 4832 111 1775 4112 3627 1649 806 3973 1449 2733 794 4043 3606 3328 1029 2688 4401 113 2287 753 3226 3575 3417 4255 2817 3902 880 4924 12 2995 3171 3155 2803 2620 898 2696 3418 3116 4935 2323 25 3884 666 1259 619 281 451 789 1841 1164 4181
2387 1737 984 3899 3057 4900 3692 3609 3724 1952 4615 3297 1095 4792 4954 3289 4394 1276 1958 3644 1048 3036 1288 2801 660 941 4891 2495 756 3766 1081 788 2074 2928 3785 4988 3696 743 1030 447 609 2033 1191 524 3215 299 2047 4310 134 356 4098 207 550 1972 3408 127 2643 2049 2822 4077 3324 4942 3680 3557 3296 1865 2365 3011 4342 3184 837 4739 4227 1668 3514 33 2365 2995 3374 2527 3991 2157 3188 4591 3191 4278 4117 3860 3585 1933 171 1300 3945 1198 717 961 1815 1408 2600 2134
1983 1983 2803 3289 1922 900 99 437 2628 2938 466 4088 2677 393 1194 1548 4773 203 2050 1145 2892 4687 595 2087 2517 1249 2274 354 4110 4941 765 501 796 3290 3978 493 4277 3557 4052 3411 3174 2343 1324 2658 564 4691 2685 2751 3689 2006 4799 2155 2029 665 4393 4837 1271 2352 3483 446 3392 1483 2985 2706 4938 4481 3137 4141 3109 2652 2764 3747 933 1510 2836 2794 3362 3171 2527 954 3458 539 1516 288 3597 4487 3864 739 1761 1225 2009 419 966 3583 570 4084 4048 3659 1884 3401
3867 2810 2113 4193 4199 2931 1980 953 4435 125 3451 1934 669 2612 3025 195 3646 2396 2216 111 4303 3308 1781 853 2163 3495 3797 3546 2674 3210 2082 2775 1744 4046 3620 515 3263 2170 2324 4061 3264 3292 3580 4965 2937 206 3746 1881 4565 190 3636 229 232 2376 4393 3087 309 4864 1773 1285 73 646 1731 3776 1616 4203 1447 4331 1013 63 962 2676 2987 869 133 1801 3820 3155 3991 3458 1630 4049 2029 337 3576 373 3095 1263 2075 4899 2049 1759 3563 1890 1663 270 2732 4773 2441 4168
1034 2500 3740 1119 2695 4443 3467 3174 4636 1322 2147 105 2514 4849 1962 3961 899 4747 3651 742 2212 1994 4036 4574 1710 4016 4806 2892 4068 154 319 1404 4841 876 154 4357 1984 823 3959 2835 1659 1991 21 3246 2697 1342 2747 4211 4582 3010 841 1300 2175 2411 766 2075 4906 4707 3738 2437 4487 3546 3585 2069 4936 3215 4938 501 3093 1630 2244 1795 3742 1583 1298 2359 2543 2803 2157 539 4049 389 1682 4381 3937 1836 2505 1994 3080 1650 1317 3669 4557 342 623 551 207 23 3144 4798
2321 3811 386 1016 1188 1642 4355 3348 3776 3427 3506 3184 813 3658 1332 1808 1479 2954 3038 1989 2740 1608 1078 3763 2532 1052 3801 3960 51 350 4271 1020 3583 4106 1843 2322 4785 3206 1096 1375 1109 4053 4912 3964 2750 3221 1693 2030 613 2389 3979 1594 2081 2584 3017 2530 407 2141 1134 147 1769 111 999 44 1658 2354 1854 1141 286 1467 4656 4029 4734 2700 789 1140 1339 2620 3188 1516 2029 1682 982 3493 2929 1323 4668 1575 3100 2091 3636 2123 4125 596 3371 721 3766 1870 2438 2895
3570 2387 3687 4522 897 3554 1112 754 4504 3285 4700 3667 212 2939 2054 93 4632 2993 4262 1564 71 106 1875 2503 4034 2616 3614 3170 4676 467 2382 2546 2964 4356 297 4266 1380 3548 4271 4588 2571 4509 2579 4150 275 2865 4929 352 3503 2357 2094 2741 3861 1404 3894 4668 1392 4700 1768 65 841 3884 1564 1420 2794 3161 4619 1745 2530 3553 94 2101 954 1406 4241 2647 3175 898 4591 288 337 4381 3493 1259 2047 1633 184 2874 1437 4563 926 3017 2244 3691 4400 4321 3649 466 3218 1595
689 645 2344 3328 4061 4169 4171 1183 2061 268 1206 1658 1152 2422 2672 1500 2822 2170 4079 2821 704 2112 4800 3818 2719 4636 4440 718 1360 1007 495 3658 2668 2671 4509 2717 2989 4283 330 257 2674 3074 438 3012 1300 562 527 586 591 2887 1665 4855 4472 4994 3052 3041 2184 3251 3935 2116 1240 2180 1302 3406 293 1372 1433 1237 2970 116 2132 3473 3687 1769 1559 3563 2971 2696 3191 3597 3576 3937 2929 2047 3032 2514 456 4039 678 1193 1186 4939 1819 4904 1236 2574 1179 107 2954 4167
169 326 4004 4980 4377 3622 1167 543 2219 2788 3456 3088 2024 3099 4945 2943 1504 19 2657 1821 1099 1508 2667 2627 4366 4548 1797 3531 4883 1292 4566 2495 3700 2603 2598 4212 401 1344 1045 3135 3407 1613 2888 3250 2368 1170 4464 2407 512 4877 3293 1557 1467 4698 114 1461 3661 370 1121 1547 3189 2662 4633 2779 2740 4818 4272 828 1244 4581 3826 3189 2251 1011 4641 1023 3929 3418 4278 4487 373 1836 1323 1633 2514 4012 2790 2473 4147 713 2130 4849 3408 1943 1634 3039 2072 3038 2785 4685
210 385 291 3218 2430 4812 4967 1427 3891 3514 4923 4339 2226 330 843 2019 4056 2562 1618 2205 1213 2711 2688 748 4620 1215 863 238 4676 2724 3167 3606 2592 2111 4367 3225 3259 4198 4816 4234 2005 157 701 2164 4362 4213 1067 1175 2788 4716 2697 3145 1782 4733 1335 2136 2963 1057 4136 3600 4667 1367 16 3723 4472 2449 4108 4899 503 696 3556 4442 2966 2842 2981 3200 3452 3116 4117 3864 3095 2505 4668 184 456 2790 4539 707 1045 3856 4324 2338 1231 1082 4640 1143 1997 604 4371 4929
838 2198 441 1809 3804 2342 3715 2953 92 1349 3838 2591 1846 3824 4156 3402 4859 491 3836 4347 2986 4530 1786 158 3250 1492 2127 2634 3778 4785 4034 51 3976 1779 2251 2322 911 1098 2520 4492 3085 4113 701 2839 3455 3474 4893 4583 4527 3478 2381 4877 3538 761 4651 3533 597 733 2588 957 618 1795 1454 3495 86 1163 2876 1322 4952 273 2680 4661 1928 286 2948 3274 4136 4935 3860 739 1263 1994 1575 2874 4039 2473 707 4521 3331 4358 4810 327 4944 2252 3781 4057 1679 2520 2757 2853
157 3159 1497 4931 2468 3165 2331 321 2821 2903 81 170 945 1399 4805 4942 3055 3290 4229 158 1671 4268 3150 4510 3192 3957 1691 4345 2331 3302 1273 3939 681 3247 869 310 4410 1360 2729 4019 683 2732 4568 4024 2171 4782 2074 1167 3145 320 4440 3063 2458 4830 3510 2396 127 3205 2236 586 3250 539 3583 3434 3608 3321 3687 2369 1812 3188 2327 1358 1823 3642 3521 3775 1191 2323 3585 1761 2075 3080 3100 1437 678 4147 1045 3331 3386 2614 4833 1351 1952 3124 3971 4256 640 2202 2049 2913
4759 1551 1095 2629 992 4713 4456 2686 4488 4635 928 560 1197 3119 1713 2949 641 4749 717 1907 2847 4184 180 1460 4882 1734 1543 1455 3410 1767 683 384 3703 1757 1714 1896 2967 427 64 2611 2156 249 2610 1289 1799 643 2265 2872 2026 1709 927 2996 2603 2630 1153 2618 147 495 952 1377 3656 4812 1958 1559 2656 832 735 4861 3935 461 3569 1316 3512 470 2660 2726 2941 25 1933 1225 4899 1650 2091 4563 1193 713 3856 4358 2614 4323 4069 3624 3233 1566 1453 245 4348 204 4788 1830
4204 2184 3786 276 1755 2799 1249 1690 2289 2271 3682 299 543 2901 1984 923 4929 24 3244 4750 983 1498 4201 2373 2789 561 2438 175 2666 403 4253 3456 1721 739 2799 4335 1730 2670 2879 3737 1451 1028 4346 4726 3820 1856 608 737 3943 2356 2971 731 1393 4661 591 1078 1416 4229 1137 55 1252 3498 4338 1082 4896 3963 4147 819 2629 167 2068 192 4970 1609 2101 432 2551 3884 171 2009 2049 1317 3636 926 1186 2130 4324 4810 4833 4069 3665 897 1093 1060 116 2457 1270 4774 3720 1472
4386 3977 4530 4773 4868 4004 3825 4216 2964 2607 3646 3133 4616 2300 1464 3668 3122 3956 187 4168 4389 1249 1984 2575 4511 1136 3091 3580 2541 809 3920 4907 1966 2520 1176 4195 2449 2738 658 4148 3613 1001 68 1107 1795 634 4912 474 3539 1925 2469 1378 629 1009 527 1012 4527 1649 1442 969 4492 3389 2749 3379 1995 212 3678 4390 2386 541 1785 1203 877 4459 2715 2404 2779 666 1300 419 1759 3669 2123 3017 4939 4849 2338 327 1351 3624 897 3996 581 4192 4730 1929 2314 4399 4781 1787
4238 1426 2478 679 433 216 1508 4351 657 1771 4020 3984 1168 197 2920 2680 2262 3373 4622 3804 2777 4362 495 4794 651 1271 4273 4136 2593 4059 3514 3142 3314 2444 1807 4030 38 2466 139 1497 4004 3877 2270 2524 1053 3493 1399 4913 4849 662 4611 1262 1663 3667 3274 3007 3522 1199 572 810 1277 1590 2368 3936 1348 2772 3908 1522 1575 2056 1028 4229 3457 1990 115 1190 3737 1259 3945 966 3563 4557 4125 2244 1819 3408 1231 4944 1952 3233 1093 581 748 2797 2183 4767 841 1584 4164 1175
1390 704 296 3211 4695 584 3039 4547 2618 1972 2226 709 4696 1287 4077 1933 355 3202 3838 4493 3371 847 225 2614 3991 595 2448 1441 4378 3878 3028 3609 4697 4679 3214 2475 2556 4286 309 2457 693 3879 380 851 590 921 1124 2587 468 1718 511 2462 4881 3925 1896 4031 2837 1044 1141 1431 4079 1327 885 4579 584 3288 4236 4169 2746 838 1302 3682 4946 670 810 1730 4439 619 1198 3583 1890 342 596 3691 4904 1943 1082 2252 3124 1566 1060 4192 2797 145 3098 1434 4540 3798 4990 2673
2215 4843 1179 441 4352 1128 2778 3913 4764 3532 719 2748 1758 4939 1354 719 1438 4725 4396 3893 4957 2350 3834 4202 3219 3895 1979 4107 3360 2751 2310 2988 3377 4867 3819 2226 4137 166 1368 2788 4867 3989 233 3280 3233 4464 262 708 3973 1140 2771 3882 304 2613 4425 805 2050 4467 2884 300 4350 4608 341 1765 3775 3322 1179 1121 1791 1185 4288 571 2420 2394 4521 1523 2748 281 717 570 1663 623 3371 4400 1236 1634 4640 3781 3971 1453 116 4730 2183 3098 1979 274 3340 1490 4203 191
1293 1443 2044 429 2011 18 2911 2054 3587 1662 1860 636 4746 4419 2632 2590 1055 4612 2875 4622 4382 3736 802 1110 697 2819 1197 4673 50 2391 4278 4409 1211 4772 18 3233 3946 1699 159 3062 1268 45 3491 4346 2904 3545 4864 2010 1125 3801 4094 261 3871 819 4697 1680 99 3341 2564 4440 4314 2247 444 1980 951 4275 2794 2471 2423 1606 3938 332 1242 2548 558 4758 278 451 961 4084 270 551 721 4321 2574 3039 1143 4057 4256 245 2457 1929 4767 1434 274 862 2596 169 2876 841
4506 4085 766 3675 1355 1992 2366 2366 2339 1119 1868 2413 1816 3305 3006 4741 4530 3947 2517 4457 4862 3947 2860 501 4888 4713 2054 1847 1631 3828 3503 3775 3397 200 1702 2902 2382 3919 1066 4035 3185 4231 4285 2922 2638 997 950 4929 3372 737 3813 2153 2556 2314 4678 1984 620 1416 3814 1108 4148 1498 1663 2114 4972 1322 1004 2451 1976 2098 1964 4820 2356 4631 533 3609 4757 789 1815 4048 2732 207 3766 3649 1179 2072 1997 1679 640 4348 1270 2314 841 4540 3340 2596 2881 2796 3046 2883
225 633 3236 3433 1478 2363 421 1344 4483 2090 4036 4587 3981 3377 1649 4152 1887 452 3376 4180 2554 3252 2494 2612 3282 3862 2502 2705 1687 4302 3337 2849 2324 1460 4160 1722 4044 3329 181 4864 2028 3884 573 3268 909 3403 1171 47 447 3372 4501 364 1181 1289 896 1421 4079 1110 3557 2236 3518 265 498 4683 4603 1700 4982 4389 4999 2823 4239 1108 3070 4101 1443 326 3316 1841 1408 3659 4773 23 1870 466 107 3038 604 2520 2202 204 4774 4399 1584 3798 1490 169 2796 2298 1855 3010
3304 2958 1916 277 71 374 3510 4383 631 3878 600 1128 1931 3639 2262 4168 4530 4483 2536 2022 4535 763 3489 321 2709 397 805 2997 922 862 340 2681 2111 1892 1819 209 1664 1268 848 679 2190 2027 130 640 4369 4401 2499 4523 1378 3893 376 4676 1533 2590 2565 2184 4690 1585 1824 841 1081 4635 4661 4825 490 960 1221 2164 702 900 1695 3231 2155 1583 2047 4080 1756 1164 2600 1884 2441 3144 2438 3218 2954 2785 4371 2757 2049 4788 3720 4781 4164 4990 4203 2876 3046 1855 2259 1380
4735 3555 3329 1283 4902 4464 1118 4162 788 3653 4238 3654 3222 4176 1238 1513 1454 3768 2620 2012 4999 599 1497 4805 1439 329 1464 1729 3627 3406 2833 3819 3075 4395 4775 2483 1922 1679 2627 4123 4265 3983 1486 639 113 3900 1719 2427 255 2852 743 1469 4621 3533 809 448 1683 4511 1181 481 2067 4746 2918 1265 2751 1666 4003 1292 2073 3689 3710 3165 4456 3291 2891 4805 1257 4181 2134 3401 4168 4798 2895 1595 4167 4685 4929 2853 2913 1830 1472 1787 1175 2673 191 841 2883 3010 1380 177
