N: 100
M: 20
Symmetric: true
Triangle: false
7 40 38 65 95 81 55 34
6 61 71 32 27 15 28
4 41 63 39 82
6 94 31 22 59 42 46
3 83 56 4
6 51 11 23 10 90 48
8 45 97 85 12 92 93 68 79
7 58 69 89 78 100 49 16
3 50 67 19
4 88 26 21 9
4 76 64 70 44
5 74 18 47 84 14
2 13 1
4 73 60 98 6
3 5 20 96
3 43 87 8
4 3 2 24 57
3 62 91 52
8 33 17 7 99 25 30 80 75
10 72 86 37 53 36 66 54 35 77 29
2817 1038 4891 2449 1281 633 85 2575 2902 3470 2187 4384 2296 4629 1288 1525 3209 1271 3558 878 944 1471 2275 3278 3683 977 967 1246 2558 1447 1466 2915 3731 2702 404 1653 1411 280 4169 672 1996 3430 3093 4749 1483 4264 4223 2691 3519 1518 2782 4365 4502 2127 1427 659 3717 4119 708 1223 3001 3870 2771 984 1174 3858 1224 707 856 3929 3071 2351 558 177 2636 1720 1992 3774 1398 355 2208 4573 2648 1511 3022 1492 961 3850 3295 1890 640 4526 951 2672 2516 4007 750 4263 4989 4201
1038 3819 117 953 418 134 2500 1115 3908 2312 2006 2577 2573 4978 4042 923 2366 3274 4499 3762 2228 4450 4733 338 813 3845 423 3200 4725 2392 2795 1584 4969 4735 980 4373 4623 4153 2928 3303 3831 3778 3264 1922 2908 4745 1682 4286 1356 3568 848 1818 2717 2955 1361 2058 4485 3147 3577 1033 2149 3109 114 1432 4450 2185 4689 4435 4256 3288 354 1258 2020 2050 767 4194 2208 643 4869 4972 4909 1827 3028 3840 751 1853 3128 4467 2177 2072 931 1831 3173 4878 40 1365 4724 3026 2606 1581
4891 117 2726 2903 909 585 1390 1151 1404 449 2474 2186 121 2938 2204 1586 2262 2557 3268 4058 800 4796 4851 1048 4515 4807 3331 3969 2122 3640 207 4559 268 421 4087 4058 4542 2724 485 2489 3189 1628 1332 71 2931 2951 475 519 2137 1993 2087 980 3663 966 723 16 2263 314 2088 4085 1022 2929 3022 3304 1754 3467 1875 4325 305 2166 1149 1497 4478 131 3240 1640 1601 1764 1838 1737 1336 1319 510 4154 3572 609 1704 1755 4350 4604 2064 819 2248 4831 142 2405 2753 3387 1005 630
2449 953 2903 690 547 502 950 2240 165 1053 464 2757 3294 866 4673 3947 2353 3406 4107 3007 3495 2259 2510 3404 1406 3181 4206 1687 4924 1827 1790 4932 3473 17 91 4833 1846 3016 1032 122 1990 1227 4706 1768 4075 2831 2415 706 672 2266 2976 2626 4262 4380 1382 3411 1306 914 1784 1775 1143 4251 1214 1985 4592 3165 1248 2050 2640 1126 3828 2384 173 1796 3574 4622 3418 1390 4758 358 606 639 712 974 4691 2087 565 557 3919 3455 937 2438 2383 666 4989 1776 4481 2269 281 4020
1281 418 909 547 4249 935 1357 3053 947 2290 33 3701 1507 4509 4218 2973 976 581 522 3507 2439 2658 3052 4271 4174 898 4919 2551 3251 3680 3120 2562 2663 2512 4231 3951 944 4911 4055 607 1725 2216 4190 4454 2529 2010 4326 4785 1952 2038 2201 853 161 2711 305 570 3725 1617 4899 863 4056 2030 1687 1409 4588 3566 197 1542 4092 947 3650 3629 1921 1412 4061 4480 1136 1281 2200 3277 3552 1464 4014 4037 2889 4229 462 3224 4649 984 4887 3749 19 793 2420 822 4233 2370 1164 3596
633 134 585 502 935 1893 4711 3698 4952 4805 3697 1678 96 4148 602 2086 2790 37 1997 812 4983 4357 300 3535 195 2722 635 3050 2445 3530 1073 2011 2056 3640 402 710 4953 2468 968 3697 3012 2894 141 3160 4462 2021 1740 1570 4550 4583 2164 2662 4478 667 4069 1114 3229 1794 2313 1846 4086 3868 4399 3358 1054 1146 4810 1167 1059 4307 3161 4423 762 3504 3681 2237 365 240 1521 1090 2363 4180 2796 42 2555 3825 2474 1639 559 3234 4991 1695 3138 2952 3575 4476 3440 980 4881 1659
85 2500 1390 950 1357 4711 4595 3854 577 2576 3812 3574 49 3265 1856 1946 814 2071 1470 1168 4416 3340 1732 4578 4284 2392 1353 4741 2144 1096 874 751 3566 2961 4400 4847 2968 4846 1802 1927 2735 2680 3151 596 3378 2507 3080 1881 3905 2093 3948 4026 3439 2743 2584 3821 2184 3916 3267 327 826 3649 936 3775 2546 4255 4788 213 2811 4002 2403 1282 4231 1497 975 4764 4856 2785 572 3297 2148 3341 1083 2621 1416 1217 3716 4230 4551 3203 765 1618 2763 243 590 1492 4628 2697 3900 2546
2575 1115 1151 2240 3053 3698 3854 1863 2734 4590 2042 784 2411 2418 4884 471 1879 1530 2494 2058 4273 4851 4873 2443 3152 111 335 2623 1476 4896 4305 4240 3117 3364 4658 4382 3844 27 3982 1731 4795 3287 3292 2523 977 313 1106 1204 985 2949 4792 1869 1387 1719 3928 2965 256 1816 1534 1810 459 3287 4598 3827 4034 4799 1913 2617 4456 2426 1050 3483 246 4266 3338 4302 1900 2264 2245 1564 2521 2857 648 3339 3041 4285 915 4352 1779 444 4681 529 514 238 3298 3986 1489 4097 527 3122
2902 3908 1404 165 947 4952 577 2734 4026 2469 3513 4978 3734 3427 4317 4958 3929 3674 2517 2687 3230 3886 3266 3654 1105 1595 2184 2221 916 2060 1498 2265 1948 4149 1450 4123 1405 3319 144 1043 3267 499 4650 196 719 1374 3916 4707 1923 1302 4067 3183 1454 762 3012 1912 3888 4552 3364 4776 3776 4973 176 3032 3798 4174 1839 3919 120 702 2822 770 3506 629 4684 4037 1908 193 4854 3005 2071 578 1350 4141 4103 4264 595 3155 3734 4386 645 849 715 4488 2865 3552 1687 2127 1878 4018
3470 2312 449 1053 2290 4805 2576 4590 2469 1877 3442 2136 2868 324 3714 1628 4732 2045 2292 4872 4158 4601 1119 3590 645 4759 3095 1135 4445 2509 4007 1082 3749 3530 3502 4674 4125 936 4069 4259 1404 3761 4900 4883 2328 876 1273 4215 1943 200 480 2281 829 3496 2219 3437 4800 3248 1015 4116 4034 3483 3059 1147 3388 216 1838 293 1396 3162 4629 1684 2048 1548 2801 2154 2666 43 1906 3033 4715 1446 4907 3477 2493 1396 824 3485 2621 1377 2823 3580 2690 1994 2380 3239 2258 3818 4839 3837
2187 2006 2474 464 33 3697 3812 2042 3513 3442 943 593 2055 4347 4529 1778 1151 3217 1303 4013 3094 3538 4577 4626 4412 13 283 3101 771 2047 1187 1890 635 145 1497 4956 1856 3089 4223 4892 2505 4665 967 2000 228 2590 441 1870 1841 1466 521 3204 4054 3069 3847 1761 327 2891 793 3381 3895 2413 4151 4225 1398 3284 4922 86 2196 4262 3581 3366 4344 3860 3960 4476 312 4635 4361 1681 1429 3490 3926 1164 2956 3626 612 3208 3536 4719 1127 4530 1995 132 4699 2195 3698 1830 2488 1799
4384 2577 2186 2757 3701 1678 3574 784 4978 2136 593 408 1767 344 1848 3997 2511 2418 2688 3614 1821 1646 1418 2717 694 938 842 2404 3893 1686 3603 429 646 4513 3938 4976 1429 172 2866 2018 2186 1517 2546 4187 3407 4774 4357 4699 3087 1340 3578 2556 1735 2025 4457 807 4498 2737 3911 2429 1704 3683 3403 1030 3043 3632 717 3833 2573 3669 710 4242 3802 2954 895 1548 252 4477 3629 2550 1652 4151 3520 371 3906 171 75 233 4587 4479 3076 3274 2700 1775 4859 3018 4145 1112 2273 1635
2296 2573 121 3294 1507 96 49 2411 3734 2868 2055 1767 927 3508 2501 4403 993 3471 485 158 2739 1018 1869 4474 294 2832 3104 3709 4502 2748 4170 4391 2823 4607 1571 3669 1230 2591 3047 1690 2282 1071 2491 3128 1927 3473 4157 4652 1943 3068 3366 4907 4206 3450 4399 2590 1274 4701 4696 4308 1395 4769 4576 2237 2407 1102 2717 884 4884 1746 2417 1316 4537 1383 92 344 857 3077 604 1154 1191 4610 1912 3829 183 4788 1339 235 3127 1685 3059 4236 2961 2446 4625 4225 4902 3309 1083 1416
4629 4978 2938 866 4509 4148 3265 2418 3427 324 4347 344 3508 2821 1335 1106 2330 1450 4703 2324 513 280 4098 835 4220 306 294 4060 3638 1187 1957 3119 4571 3171 1103 2914 734 4200 3425 3033 3364 3705 185 4568 1617 249 1441 3445 4483 779 3607 4301 2577 855 1021 1467 135 3304 1814 2347 906 3803 3878 2048 2944 2836 2914 190 4457 3763 1418 2806 1893 4572 2874 4463 3474 4602 4013 4384 2679 2878 986 2422 568 548 1258 4624 3126 644 925 3428 1649 3161 1004 3023 2561 124 2238 3677
1288 4042 2204 4673 4218 602 1856 4884 4317 3714 4529 1848 2501 1335 1374 3933 4072 1598 107 1243 568 4742 4242 1864 1255 3474 3476 1242 3211 2039 1969 4468 1082 3912 2467 4656 4351 4345 361 4198 4117 50 4167 436 1555 1472 3323 1975 22 4627 4386 1655 3860 1683 3303 961 1302 4820 2930 4468 2819 1590 1759 120 544 732 4262 1748 4001 4617 2913 2910 1230 4075 3003 1282 563 809 450 676 1512 4198 3240 2563 4132 2913 314 275 1886 681 1107 789 4392 1047 479 4308 4767 4632 846 1739
1525 923 1586 3947 2973 2086 1946 471 4958 1628 1778 3997 4403 1106 3933 4955 254 4885 2652 1999 1936 2730 2006 2373 2414 2128 512 2597 4223 2921 4076 2461 4552 1385 438 219 4407 2913 1127 4211 1468 904 3219 4804 4236 43 178 2323 1134 1163 3175 548 1964 1507 4364 2148 1148 463 3766 3081 3078 929 246 1565 1493 2990 3686 2194 2564 919 4959 2685 4038 667 2444 2374 3889 374 1196 2648 3944 3375 1048 1353 3922 3062 3057 1488 2053 3710 744 1458 4012 1041 959 3495 31 368 10 530
3209 2366 2262 2353 976 2790 814 1879 3929 4732 1151 2511 993 2330 4072 254 1517 2303 4126 2091 4135 952 337 3440 3841 1821 858 2776 4862 364 27 2503 876 4598 2937 4261 102 4572 4249 271 3555 4136 3344 724 3830 4002 2093 2287 1672 2833 2012 1798 1739 1180 4367 4849 4152 1961 2883 1050 1435 4277 2372 2352 3490 1544 2982 989 999 2194 4997 3858 458 581 354 3575 1408 3260 4431 216 25 1276 372 2719 3908 4423 4029 835 909 1026 2187 163 4695 20 4451 4160 2123 2495 4074 4344
1271 3274 2557 3406 581 37 2071 1530 3674 2045 3217 2418 3471 1450 1598 4885 2303 3103 3343 4886 3223 3401 2946 476 3177 4386 4631 1269 3863 1168 1058 285 2412 2640 4086 2167 3643 2577 2792 4404 106 4149 620 3723 680 566 2194 453 1891 1241 2009 2910 2769 1598 2222 2059 2513 3181 2214 3561 3394 1627 2347 879 2230 3250 988 4381 1772 1978 2833 4012 4997 1997 395 1142 273 205 1188 2256 4991 1472 2190 570 1399 2922 3503 1597 4515 4731 3116 1021 904 999 987 3923 4625 871 4204 3477
3558 4499 3268 4107 522 1997 1470 2494 2517 2292 1303 2688 485 4703 107 2652 4126 3343 1645 4145 4391 4769 393 168 429 815 435 3418 1916 2942 1419 3780 2326 3421 27 4698 465 3352 1401 392 816 2975 1218 3580 3433 1485 469 2014 4997 226 3361 3276 419 300 3209 2595 4076 309 724 1240 4243 1961 4874 2728 3602 761 687 866 2671 1096 4807 4553 352 4355 2235 4922 4534 2980 4334 1900 660 1235 3926 523 4907 3095 3228 4445 783 2043 3605 4942 4458 271 153 593 4664 1061 1942 4318
878 3762 4058 3007 3507 812 1168 2058 2687 4872 4013 3614 158 2324 1243 1999 2091 4886 4145 4233 645 3858 2111 2818 966 4430 2420 2913 471 2671 1124 3209 4033 4106 2069 1895 1628 218 3349 3757 610 1334 1581 1744 954 4165 4688 439 2983 232 4883 1383 4332 1309 3791 1297 804 1642 4965 451 3373 3493 2321 1769 1086 1354 3957 4407 3109 1230 4291 2490 89 2489 4925 1650 2235 1714 515 1403 3830 3260 1201 3535 287 3614 4754 1435 4780 2238 1689 2157 1236 4603 3625 1890 4071 3077 2109 2506
944 2228 800 3495 2439 4983 4416 4273 3230 4158 3094 1821 2739 513 568 1936 4135 3223 4391 645 1396 4017 4432 1411 3233 3959 3345 4324 3229 4633 1898 885 3288 62 689 4084 4493 4654 3525 3039 1574 4024 4160 3112 2707 2597 3097 273 3319 880 1531 4701 3889 808 914 4780 408 144 4385 3980 3236 4219 2388 1419 1441 3547 311 1224 4594 2803 1181 4332 1588 283 2945 1690 3891 793 276 1535 23 4453 3026 306 3289 1638 4155 4019 1891 3302 2638 1281 2587 4116 3359 3192 3602 2244 700 4273
1471 4450 4796 2259 2658 4357 3340 4851 3886 4601 3538 1646 1018 280 4742 2730 952 3401 4769 3858 4017 2689 4763 3854 4188 734 1594 4306 2794 311 3036 1071 685 3638 1228 1673 313 4139 1214 4302 495 3262 3729 3802 436 4254 2706 1804 1749 4943 1434 1107 2060 4838 3556 28 4814 79 1255 277 3320 3370 2239 1764 744 2929 3389 4811 489 2944 1510 603 2658 1020 386 3799 1307 4887 466 3425 885 2773 3327 473 3846 3503 3798 2668 3087 1204 3803 1109 1674 4651 1535 2952 1884 3608 4965 3686
2275 4733 4851 2510 3052 300 1732 4873 3266 1119 4577 1418 1869 4098 4242 2006 337 2946 393 2111 4432 4763 3809 2482 4913 4363 2241 3167 3993 4139 3070 4887 1353 831 2589 378 1109 4497 4384 2637 64 1903 562 1194 1702 849 1350 3531 4402 2604 2728 3887 3005 3486 4014 14 3930 1687 2525 3199 2427 3893 1141 2407 3008 2161 1975 314 3951 1010 4010 3683 4573 2229 4586 325 1314 263 1582 3430 3643 3366 2936 3309 2754 1642 1222 1500 103 2042 4055 3331 3274 4324 4662 3080 3917 845 3260 759
3278 338 1048 3404 4271 3535 4578 2443 3654 3590 4626 2717 4474 835 1864 2373 3440 476 168 2818 1411 3854 2482 4910 3926 2846 1406 2173 3267 2209 2118 2854 666 765 4798 2001 4341 435 3696 4787 4686 3963 3146 1244 567 2694 2182 20 3646 2834 2347 4623 553 1430 1152 1844 2257 3451 838 4628 1385 1735 2407 1939 4319 3661 11 4636 3627 4536 3466 3763 1435 3910 4364 469 130 1790 1429 4735 927 4623 4548 2648 2421 4232 618 175 21 1427 3795 2263 3698 2051 4516 1621 1055 2002 2936 3281
3683 813 4515 1406 4174 195 4284 3152 1105 645 4412 694 294 4220 1255 2414 3841 3177 429 966 3233 4188 4913 3926 4133 3805 944 2542 4942 3958 2331 3410 4814 4835 3822 2049 3595 1317 3911 3293 3951 364 4972 3830 4914 1735 2436 2684 469 4814 1119 925 1089 483 1463 4840 3086 3539 2089 2016 1482 2807 4289 4855 3701 2368 623 1328 820 2992 3692 411 3443 3575 782 3568 741 1758 1584 1601 2457 4367 3678 2958 3150 1772 2329 3040 2285 4874 2534 3529 380 1873 2542 3375 354 3420 2331 2343
977 3845 4807 3181 898 2722 2392 111 1595 4759 13 938 2832 306 3474 2128 1821 4386 815 4430 3959 734 4363 2846 3805 1196 2734 3553 601 1387 772 2767 2946 4510 3608 3688 2208 1084 2787 2856 3261 4570 1023 4697 372 409 2470 3726 1318 2189 3196 2988 237 3701 2307 1703 357 1595 2325 1585 2509 4420 4309 1173 4054 4844 1623 3028 3254 2099 1813 2800 3893 2503 1586 2692 4577 1304 35 188 4905 3694 2748 1869 1677 1976 4755 1960 1915 4891 2665 4538 4741 4564 2749 124 2249 2559 4392 354
967 423 3331 4206 4919 635 1353 335 2184 3095 283 842 3104 294 3476 512 858 4631 435 2420 3345 1594 2241 1406 944 2734 2350 1599 2061 4533 4136 4840 3135 1068 4567 2169 4901 2980 2256 1600 3122 4770 2335 4601 82 2131 2407 1949 612 3582 1969 728 2905 1938 3787 4452 3771 372 3285 4717 3585 3189 3603 1855 483 3361 984 4391 4801 1785 1793 251 1114 3755 2204 1519 4378 4887 469 259 3691 3990 491 1650 2908 3472 1798 2778 264 4859 1694 1778 4427 511 4938 388 2952 1830 4251 2138
1246 3200 3969 1687 2551 3050 4741 2623 2221 1135 3101 2404 3709 4060 1242 2597 2776 1269 3418 2913 4324 4306 3167 2173 2542 3553 1599 4788 1952 329 1865 4420 2214 690 3562 1115 2276 1789 3426 1779 2637 1008 991 1173 958 2266 941 845 2526 349 2068 1524 2493 1649 660 3189 4830 4231 789 2595 424 2480 1420 648 1212 3870 4630 2725 2241 2868 40 2341 3005 377 591 645 3270 4422 493 1593 4035 1889 3962 506 144 2946 349 3521 2200 4797 887 3768 2869 2609 2026 3692 853 252 2979 147
2558 4725 2122 4924 3251 2445 2144 1476 916 4445 771 3893 4502 3638 3211 4223 4862 3863 1916 471 3229 2794 3993 3267 4942 601 2061 1952 4058 1160 2124 934 3465 2446 4755 4370 2899 581 1833 1577 3680 1938 3917 327 2496 1827 3553 141 3253 1417 3083 628 2348 3626 1289 4479 2244 4836 2146 4937 899 1313 2060 4275 2237 2628 714 3622 957 3103 718 1537 1124 3029 1358 2247 2966 438 289 3118 4667 764 2854 1929 157 3494 3132 3864 3577 1802 1391 4071 27 3639 3078 2513 1269 158 1194 3923
1447 2392 3640 1827 3680 3530 1096 4896 2060 2509 2047 1686 2748 1187 2039 2921 364 1168 2942 2671 4633 311 4139 2209 3958 1387 4533 329 1160 4165 2335 2899 147 161 228 3980 1139 2584 3972 2965 2720 266 2875 3705 3273 2641 4861 541 3611 4668 983 4509 4282 4370 1963 3531 4179 2793 2686 4955 1605 2777 1830 3204 210 3932 3813 3667 1790 3675 1919 491 236 70 4871 897 213 1208 4295 4482 4270 3717 3066 924 583 1753 577 1799 1632 4029 1965 3250 4627 717 2686 727 1746 3285 1498 1348
1466 2795 207 1790 3120 1073 874 4305 1498 4007 1187 3603 4170 1957 1969 4076 27 1058 1419 1124 1898 3036 3070 2118 2331 772 4136 1865 2124 2335 3709 927 649 4766 490 2011 3097 1637 3804 4164 3562 139 4348 1345 449 2356 3298 1910 215 4209 811 3907 4480 2748 2064 3583 3015 3710 2509 2750 1104 2641 2511 2456 2331 3589 2832 1929 2161 1133 430 327 284 3158 277 357 1851 1070 1691 1445 1122 328 2312 1540 1832 3057 719 3916 3180 3192 1691 3152 696 1993 4468 4081 3277 2276 3292 464
2915 1584 4559 4932 2562 2011 751 4240 2265 1082 1890 429 4391 3119 4468 2461 2503 285 3780 3209 885 1071 4887 2854 3410 2767 4840 4420 934 2899 927 2663 1276 4012 1360 4049 4335 1871 4203 111 1973 1099 1268 4750 3141 4196 2481 857 3628 3813 1317 2158 4552 564 2745 4190 4681 1226 2604 3903 230 2255 1171 3928 4746 1902 1829 647 2816 933 2656 1245 520 2529 2025 3878 4612 2791 4506 931 3154 762 2242 1314 858 901 4957 391 1177 352 2229 4895 275 3956 3568 183 2566 3573 3599 593
3731 4969 268 3473 2663 2056 3566 3117 1948 3749 635 646 2823 4571 1082 4552 876 2412 2326 4033 3288 685 1353 666 4814 2946 3135 2214 3465 147 649 1276 2671 1451 4350 735 4448 2617 4871 2413 4483 498 3147 1202 363 3756 2347 1966 3068 1981 4470 4692 2272 125 1326 2267 3146 2928 1411 1239 584 3613 1659 2355 1371 4622 2018 3261 4621 872 4672 4251 3511 1486 2403 2226 3401 4773 3025 45 2954 4236 2689 4989 1664 4062 2854 2801 1904 1362 213 4004 2725 4474 1563 4371 2450 3284 3076 2491
2702 4735 421 17 2512 3640 2961 3364 4149 3530 145 4513 4607 3171 3912 1385 4598 2640 3421 4106 62 3638 831 765 4835 4510 1068 690 2446 161 4766 4012 1451 1091 3780 4253 1967 718 781 1834 1401 4373 1772 2267 1899 4207 3616 498 58 3205 4882 561 4683 4422 2617 821 4268 629 4154 3093 4337 998 4237 4610 2176 4007 737 4946 4505 2453 2588 362 919 2157 703 288 241 4344 992 2075 518 1890 221 3994 4355 3911 433 4787 3786 4698 1684 4918 3217 576 3228 4641 3733 2721 3399 840
404 980 4087 91 4231 402 4400 4658 1450 3502 1497 3938 1571 1103 2467 438 2937 4086 27 2069 689 1228 2589 4798 3822 3608 4567 3562 4755 228 490 1360 4350 3780 3037 963 1974 2793 3267 119 1235 472 2130 3064 4882 2250 2635 2918 2540 1778 612 2293 86 916 3608 4273 2653 4225 1905 599 1387 3623 3500 1999 2558 578 2573 4524 3737 941 2805 4703 691 4156 577 4573 4075 1705 2411 3881 2317 246 341 238 1108 1538 2297 3371 2332 4580 2770 4003 2227 4222 3743 36 1844 3160 3934 1416
1653 4373 4058 4833 3951 710 4847 4382 4123 4674 4956 4976 3669 2914 4656 219 4261 2167 4698 1895 4084 1673 378 2001 2049 3688 2169 1115 4370 3980 2011 4049 735 4253 963 4605 4231 2255 4008 3533 3386 4531 207 4348 2994 1458 3376 2482 2926 3798 4751 2550 1995 2246 1503 3174 387 2215 1286 1754 2650 1417 1049 318 4286 3019 812 2654 3932 1002 4962 4648 2048 4583 4863 615 1024 394 1947 2786 4617 1305 2525 1337 2182 2033 2009 4328 1941 3297 3581 1237 3976 92 1748 1807 3101 3999 3160 3092
1411 4623 4542 1846 944 4953 2968 3844 1405 4125 1856 1429 1230 734 4351 4407 102 3643 465 1628 4493 313 1109 4341 3595 2208 4901 2276 2899 1139 3097 4335 4448 1967 1974 4231 19 2114 386 3225 4246 2659 3670 4085 4374 1494 1904 2678 2045 795 1220 1219 1074 197 4095 4138 4672 3313 2633 1230 4397 1389 1210 3542 1997 4810 4178 3578 2874 4905 1647 4920 250 1958 2376 2104 2601 1754 3015 3451 4761 4654 855 879 4718 3821 1124 1382 72 3718 3177 2371 4449 2371 3971 1175 3838 4169 423 535
280 4153 2724 3016 4911 2468 4846 27 3319 936 3089 172 2591 4200 4345 2913 4572 2577 3352 218 4654 4139 4497 435 1317 1084 2980 1789 581 2584 1637 1871 2617 718 2793 2255 2114 2849 632 4287 1584 2390 1195 562 4105 2814 1654 2143 1792 4726 4468 787 4050 336 500 1578 4906 2717 1815 2211 3329 1120 2958 4007 331 513 4631 4533 1826 19 4904 3202 2148 3844 1615 491 4527 2089 1123 3821 253 1308 2733 1236 3491 2961 4020 150 3455 2680 2550 4307 3095 4602 3715 3939 4556 1440 4028 3366
4169 2928 485 1032 4055 968 1802 3982 144 4069 4223 2866 3047 3425 361 1127 4249 2792 1401 3349 3525 1214 4384 3696 3911 2787 2256 3426 1833 3972 3804 4203 4871 781 3267 4008 386 632 4155 2714 1263 2641 3170 3247 4855 3409 2441 2300 801 2902 1252 3898 1114 3119 4838 2259 1198 1760 1602 1308 400 2387 3688 107 1181 4356 2275 2926 1708 123 2549 4583 1720 918 4660 2564 1449 100 3317 2193 755 2284 1855 2140 3054 2762 3624 2297 3371 677 3865 1353 2712 808 4603 2249 3612 3403 2641 889
672 3303 2489 122 607 3697 1927 1731 1043 4259 4892 2018 1690 3033 4198 4211 271 4404 392 3757 3039 4302 2637 4787 3293 2856 1600 1779 1577 2965 4164 111 2413 1834 119 3533 3225 4287 2714 3506 4697 4050 1177 2029 4666 1491 1302 3236 316 3542 4997 19 4435 3331 3735 3927 1919 1535 1319 4834 4125 1322 4347 4897 3241 1663 868 861 3521 4464 761 303 4292 3915 239 111 36 1721 3329 2457 3268 1146 2937 4301 2870 2654 2615 1093 3783 1367 3180 3235 1162 3382 1918 2693 4816 1106 4128 2423
1996 3831 3189 1990 1725 3012 2735 4795 3267 1404 2505 2186 2282 3364 4117 1468 3555 106 816 610 1574 495 64 4686 3951 3261 3122 2637 3680 2720 3562 1973 4483 1401 1235 3386 4246 1584 1263 4697 3603 4405 4473 2099 4187 642 4123 735 4520 3605 3626 2257 3827 841 1114 1310 3197 3788 378 4514 217 3600 1566 1876 3967 3655 334 4543 2258 3772 2134 285 2391 3700 3241 169 4905 3528 2747 2669 4201 3309 2910 3087 2850 4741 3377 1407 2248 2051 4944 2353 3317 75 3109 1797 1673 242 4619 3195
3430 3778 1628 1227 2216 2894 2680 3287 499 3761 4665 1517 1071 3705 50 904 4136 4149 2975 1334 4024 3262 1903 3963 364 4570 4770 1008 1938 266 139 1099 498 4373 472 4531 2659 2390 2641 4050 4405 794 2173 3616 2031 4449 1115 3771 3590 1748 562 3921 2361 2993 1650 3949 1053 859 4511 105 2101 1939 106 2742 2994 3064 2911 3898 1263 3398 3385 3586 4976 4055 2915 3432 1095 3871 4758 2005 4130 1583 2851 1622 4181 497 4254 4849 3942 3172 1813 4372 866 2546 2087 4485 2604 4760 3548 3365
3093 3264 1332 4706 4190 141 3151 3292 4650 4900 967 2546 2491 185 4167 3219 3344 620 1218 1581 4160 3729 562 3146 4972 1023 2335 991 3917 2875 4348 1268 3147 1772 2130 207 3670 1195 3170 1177 4473 2173 3647 3965 3670 524 1644 4557 2351 4024 1866 1667 2786 2230 4839 179 3334 932 329 250 3100 1001 2752 3942 4921 681 3303 1537 2853 887 2054 2123 462 872 1674 3528 1265 3053 3961 1154 3974 646 254 1439 3276 2037 2526 376 4704 2790 4067 4501 11 3403 2822 3650 1320 695 215 4244
4749 1922 71 1768 4454 3160 596 2523 196 4883 2000 4187 3128 4568 436 4804 724 3723 3580 1744 3112 3802 1194 1244 3830 4697 4601 1173 327 3705 1345 4750 1202 2267 3064 4348 4085 562 3247 2029 2099 3616 3965 444 887 2868 2505 960 1150 3608 2447 2540 1265 89 3673 4698 3269 1321 334 4724 2397 4023 1246 3754 2425 374 1242 2147 3419 2385 3193 3276 15 1180 4450 2797 2350 3031 321 1999 4424 1641 4353 4050 2492 1063 526 511 435 3553 2542 1922 1963 426 3871 2894 1593 2121 326 3978
1483 2908 2931 4075 2529 4462 3378 977 719 2328 228 3407 1927 1617 1555 4236 3830 680 3433 954 2707 436 1702 567 4914 372 82 958 2496 3273 449 3141 363 1899 4882 2994 4374 4105 4855 4666 4187 2031 3670 887 4633 3134 4753 4111 3584 1469 2448 949 4517 4687 3664 1895 128 2684 1781 1998 4777 2143 3106 329 1501 770 767 2820 184 4752 2030 339 2295 614 1414 383 2861 2806 771 1464 1487 1329 3917 2237 4241 2570 4663 2867 4136 924 2090 1413 4013 3392 3854 3643 2918 2494 1066 4505
4264 4745 2951 2831 2010 2021 2507 313 1374 876 2590 4774 3473 249 1472 43 4002 566 1485 4165 2597 4254 849 2694 1735 409 2131 2266 1827 2641 2356 4196 3756 4207 2250 1458 1494 2814 3409 1491 642 4449 524 2868 3134 476 2479 4607 1711 20 3228 3327 2423 2448 2988 4486 3003 1494 1535 3146 4341 407 4163 2817 2053 1151 3668 1904 3868 3749 4393 4460 4480 4973 4417 4523 4039 421 2005 4016 2107 2950 4769 4266 3063 4340 2772 1399 1321 2922 1179 4338 378 1809 841 4419 560 3126 4548 90
4223 1682 475 2415 4326 1740 3080 1106 3916 1273 441 4357 4157 1441 3323 178 2093 2194 469 4688 3097 2706 1350 2182 2436 2470 2407 941 3553 4861 3298 2481 2347 3616 2635 3376 1904 1654 2441 1302 4123 1115 1644 2505 4753 2479 2291 4445 4573 1420 2313 515 1792 3541 4098 762 4303 728 2620 4512 28 2155 3024 210 612 60 1794 2448 2109 2552 2949 4394 3646 3473 4661 3314 248 508 1823 2902 2213 299 3344 1772 4718 2458 4248 1675 3789 3193 1485 4639 3094 1470 2188 1640 288 4356 3124 69
2691 4286 519 706 4785 1570 1881 1204 4707 4215 1870 4699 4652 3445 1975 2323 2287 453 2014 439 273 1804 3531 20 2684 3726 1949 845 141 541 1910 857 1966 498 2918 2482 2678 2143 2300 3236 735 3771 4557 960 4111 4607 4445 3713 2237 572 2418 3138 2145 2429 3683 2781 4435 2464 3485 4744 2430 2708 3084 3367 3246 829 4323 1185 4317 4589 667 3471 688 1981 3089 3254 4760 3631 1578 2841 3772 2755 772 4772 4256 3264 4808 1312 2455 3658 2252 2662 488 2307 3683 2160 3958 1110 4157 337
3519 1356 2137 672 1952 4550 3905 985 1923 1943 1841 3087 1943 4483 22 1134 1672 1891 4997 2983 3319 1749 4402 3646 469 1318 612 2526 3253 3611 215 3628 3068 58 2540 2926 2045 1792 801 316 4520 3590 2351 1150 3584 1711 4573 2237 3608 834 1590 3583 2191 3309 2102 2775 4948 3752 2222 3261 4743 1595 159 1453 1248 1174 1743 1208 1264 1657 4697 3627 3607 4299 4815 2677 3530 1040 1080 1621 4806 4728 2655 830 1769 2825 4907 2094 967 1458 4639 3813 608 293 2387 4709 4436 2867 3602 3608
1518 3568 1993 2266 2038 4583 2093 2949 1302 200 1466 1340 3068 779 4627 1163 2833 1241 226 232 880 4943 2604 2834 4814 2189 3582 349 1417 4668 4209 3813 1981 3205 1778 3798 795 4726 2902 3542 3605 1748 4024 3608 1469 20 1420 572 834 570 2020 4343 4497 4709 313 4436 1948 3402 4432 3658 1066 916 2511 4934 3389 1329 4913 1239 2497 1914 1647 2263 3793 1586 2703 4854 4774 395 863 453 3987 1906 2763 2615 2041 1351 2998 1334 1543 3261 1632 1528 1271 2986 3192 327 1140 257 4494 2699
2782 848 2087 2976 2201 2164 3948 4792 4067 480 521 3578 3366 3607 4386 3175 2012 2009 3361 4883 1531 1434 2728 2347 1119 3196 1969 2068 3083 983 811 1317 4470 4882 612 4751 1220 4468 1252 4997 3626 562 1866 2447 2448 3228 2313 2418 1590 2020 2778 1461 2443 4561 3233 2930 4716 3122 2900 708 4193 1779 4295 2768 572 1104 2635 1897 4114 3377 1891 2002 329 4148 4450 4655 3980 651 4575 595 2796 2297 3077 3429 1329 3344 3135 3187 3500 3405 4424 2927 1855 2778 4777 2498 4069 115 1896 3686
4365 1818 980 2626 853 2662 4026 1869 3183 2281 3204 2556 4907 4301 1655 548 1798 2910 3276 1383 4701 1107 3887 4623 925 2988 728 1524 628 4509 3907 2158 4692 561 2293 2550 1219 787 3898 19 2257 3921 1667 2540 949 3327 515 3138 3583 4343 1461 2146 1744 2302 4034 3167 2516 2581 3814 3632 1077 2955 4298 3104 1837 2474 177 2465 4441 1043 204 643 354 4877 1306 2712 2855 1256 2064 19 619 4429 196 1772 2538 2057 2695 1572 3240 1542 4329 4029 2019 4293 4534 4111 1904 3632 2124 410
4502 2717 3663 4262 161 4478 3439 1387 1454 829 4054 1735 4206 2577 3860 1964 1739 2769 419 4332 3889 2060 3005 553 1089 237 2905 2493 2348 4282 4480 4552 2272 4683 86 1995 1074 4050 1114 4435 3827 2361 2786 1265 4517 2423 1792 2145 2191 4497 2443 1744 773 4020 1996 2325 3357 570 4879 4813 2289 4874 607 849 1952 4697 1795 3299 3759 3686 1909 3449 102 3438 2045 3049 3466 519 3968 4307 1950 3239 265 4710 167 4945 4075 857 3308 440 521 1848 1373 2985 3193 4896 3524 858 4333 3734
2127 2955 966 4380 2711 667 2743 1719 762 3496 3069 2025 3450 855 1683 1507 1180 1598 300 1309 808 4838 3486 1430 483 3701 1938 1649 3626 4370 2748 564 125 4422 916 2246 197 336 3119 3331 841 2993 2230 89 4687 2448 3541 2429 3309 4709 4561 2302 4020 516 1556 2395 3494 2133 1598 2000 2368 4943 4321 760 1606 1157 1380 3894 4171 3164 1472 1361 4243 4460 3720 2260 3939 1154 4038 2903 1929 4345 4683 281 3525 826 4436 2607 4132 4566 858 768 1416 3955 4586 1603 2251 494 3194 3897
1427 1361 723 1382 305 4069 2584 3928 3012 2219 3847 4457 4399 1021 3303 4364 4367 2222 3209 3791 914 3556 4014 1152 1463 2307 3787 660 1289 1963 2064 2745 1326 2617 3608 1503 4095 500 4838 3735 1114 1650 4839 3673 3664 2988 4098 3683 2102 313 3233 4034 1996 1556 4561 4586 2990 4452 548 596 1874 4847 2947 2680 1338 3519 3294 934 3646 3870 2005 218 3257 3223 3682 1553 1886 4627 1876 3848 4613 2209 2112 1745 3697 3138 2706 3968 479 3906 4256 2078 2093 402 2299 202 1882 2860 3840 2928
659 2058 16 3411 570 1114 3821 2965 1912 3437 1761 807 2590 1467 961 2148 4849 2059 2595 1297 4780 28 14 1844 4840 1703 4452 3189 4479 3531 3583 4190 2267 821 4273 3174 4138 1578 2259 3927 1310 3949 179 4698 1895 4486 762 2781 2775 4436 2930 3167 2325 2395 4586 1414 1362 1190 3562 3634 4581 1671 271 2459 1622 2745 14 545 4213 902 3541 864 2640 2984 2006 401 3776 464 3941 4423 3562 1384 599 4040 4553 837 1057 4436 4386 162 1687 3548 2626 4570 4258 4975 434 4190 2807 4413
3717 4485 2263 1306 3725 3229 2184 256 3888 4800 327 4498 1274 135 1302 1148 4152 2513 4076 804 408 4814 3930 2257 3086 357 3771 4830 2244 4179 3015 4681 3146 4268 2653 387 4672 4906 1198 1919 3197 1053 3334 3269 128 3003 4303 4435 4948 1948 4716 2516 3357 3494 2990 1362 4110 2587 3173 3093 2967 4746 4154 2788 4090 1778 649 4595 167 2783 4519 1700 2084 2942 4817 1941 1299 4290 78 4811 329 3676 1548 3225 3909 95 1275 1748 2424 2690 2137 730 1033 2270 3177 2130 2199 4698 206 2842
4119 3147 314 914 1617 1794 3916 1816 4552 3248 2891 2737 4701 3304 4820 463 1961 3181 309 1642 144 79 1687 3451 3539 1595 372 4231 4836 2793 3710 1226 2928 629 4225 2215 3313 2717 1760 1535 3788 859 932 1321 2684 1494 728 2464 3752 3402 3122 2581 570 2133 4452 1190 2587 3008 2701 3752 282 3203 885 1505 3603 2126 4618 1040 66 1310 1063 3625 1600 893 4891 4018 4373 3851 430 2572 1069 152 1247 953 4242 3675 1484 1719 4220 2151 3656 171 2568 4111 3250 1492 68 2112 4330 1115
708 3577 2088 1784 4899 2313 3267 1534 3364 1015 793 3911 4696 1814 2930 3766 2883 2214 724 4965 4385 1255 2525 838 2089 2325 3285 789 2146 2686 2509 2604 1411 4154 1905 1286 2633 1815 1602 1319 378 4511 329 334 1781 1535 2620 3485 2222 4432 2900 3814 4879 1598 548 3562 3173 2701 3933 4038 3106 341 3313 3795 4633 2270 13 1315 3980 4297 691 3948 2726 1191 742 1868 4236 4148 2967 4011 23 1823 3857 1268 2492 1354 3078 426 4523 1980 4165 2860 1353 1844 3370 4700 4865 2336 2099 3961
1223 1033 4085 1775 863 1846 327 1810 4776 4116 3381 2429 4308 2347 4468 3081 1050 3561 1240 451 3980 277 3199 4628 2016 1585 4717 2595 4937 4955 2750 3903 1239 3093 599 1754 1230 2211 1308 4834 4514 105 250 4724 1998 3146 4512 4744 3261 3658 708 3632 4813 2000 596 3634 3093 3752 4038 1848 1549 2413 616 3506 2977 2824 2624 26 2706 68 4984 477 3950 2832 2602 3156 4161 621 3012 4427 4117 1291 3159 2759 3086 1461 3116 1147 1733 1487 803 2855 4756 3187 2034 1533 1471 4007 4288 781
3001 2149 1022 1143 4056 4086 826 459 3776 4034 3895 1704 1395 906 2819 3078 1435 3394 4243 3373 3236 3320 2427 1385 1482 2509 3585 424 899 1605 1104 230 584 4337 1387 2650 4397 3329 400 4125 217 2101 3100 2397 4777 4341 28 2430 4743 1066 4193 1077 2289 2368 1874 4581 2967 282 3106 1549 1998 3451 4271 710 2801 3932 4687 1823 381 4294 3244 4751 1545 2529 2611 4856 40 503 4862 3772 3283 3832 4533 3501 1915 2725 1430 681 1131 4862 4637 1451 4810 4976 583 3015 3742 3101 2527 1966
3870 3109 2929 4251 2030 3868 3649 3287 4973 3483 2413 3683 4769 3803 1590 929 4277 1627 1961 3493 4219 3370 3893 1735 2807 4420 3189 2480 1313 2777 2641 2255 3613 998 3623 1417 1389 1120 2387 1322 3600 1939 1001 4023 2143 407 2155 2708 1595 916 1779 2955 4874 4943 4847 1671 4746 3203 341 2413 3451 2748 909 3928 2721 3950 2181 93 806 904 4348 525 2918 3439 2563 1717 3454 4202 371 3377 3319 12 4672 1682 761 2482 275 4780 3837 3157 1199 1106 890 2287 3376 1479 3087 3967 2838 4517
2771 114 3022 1214 1687 4399 936 4598 176 3059 4151 3403 4576 3878 1759 246 2372 2347 4874 2321 2388 2239 1141 2407 4289 4309 3603 1420 2060 1830 2511 1171 1659 4237 3500 1049 1210 2958 3688 4347 1566 106 2752 1246 3106 4163 3024 3084 159 2511 4295 4298 607 4321 2947 271 4154 885 3313 616 4271 909 2615 2627 3470 3030 274 4104 1420 4027 4564 612 1220 4476 2933 4515 3618 1907 3774 660 983 47 4162 4980 3639 4409 1558 3790 3836 2906 1009 3551 4460 4311 504 3308 713 4675 651 10
984 1432 3304 1985 1409 3358 3775 3827 3032 1147 4225 1030 2237 2048 120 1565 2352 879 2728 1769 1419 1764 2407 1939 4855 1173 1855 648 4275 3204 2456 3928 2355 4610 1999 318 3542 4007 107 4897 1876 2742 3942 3754 329 2817 210 3367 1453 4934 2768 3104 849 760 2680 2459 2788 1505 3795 3506 710 3928 2627 4109 3897 2235 572 877 115 439 3413 4860 3287 761 1649 2800 3866 3461 4888 3317 4772 924 342 2164 137 4336 4057 4263 838 3497 2598 2456 4778 4932 4396 674 2178 1765 2091 1745
1174 4450 1754 4592 4588 1054 2546 4034 3798 3388 1398 3043 2407 2944 544 1493 3490 2230 3602 1086 1441 744 3008 4319 3701 4054 483 1212 2237 210 2331 4746 1371 2176 2558 4286 1997 331 1181 3241 3967 2994 4921 2425 1501 2053 612 3246 1248 3389 572 1837 1952 1606 1338 1622 4090 3603 4633 2977 2801 2721 3470 3897 2236 1838 3117 113 482 3712 2030 2284 1256 3901 2560 298 4291 614 2604 3625 1734 1845 1821 1400 2965 3311 4256 358 4696 4270 4843 2164 1540 2983 3724 295 1250 1221 2926 2314
3858 2185 3467 3165 3566 1146 4255 4799 4174 216 3284 3632 1102 2836 732 2990 1544 3250 761 1354 3547 2929 2161 3661 2368 4844 3361 3870 2628 3932 3589 1902 4622 4007 578 3019 4810 513 4356 1663 3655 3064 681 374 770 1151 60 829 1174 1329 1104 2474 4697 1157 3519 2745 1778 2126 2270 2824 3932 3950 3030 2235 1838 844 4925 4470 3690 3062 3702 341 2889 4858 2198 477 4394 2899 3410 3060 3591 2691 2703 3994 3032 3266 4827 3380 3543 1082 2875 3504 1758 2110 2266 4215 2544 792 3099 565
1224 4689 1875 1248 197 4810 4788 1913 1839 1838 4922 717 2717 2914 4262 3686 2982 988 687 3957 311 3389 1975 11 623 1623 984 4630 714 3813 2832 1829 2018 737 2573 812 4178 4631 2275 868 334 2911 3303 1242 767 3668 1794 4323 1743 4913 2635 177 1795 1380 3294 14 649 4618 13 2624 4687 2181 274 572 3117 4925 4134 2024 4845 186 2792 4767 525 4588 4783 164 4473 4447 3396 3354 1388 684 2568 2230 3956 3464 3979 972 3291 3302 4773 3185 464 3236 4703 57 3495 755 3235 708
707 4435 4325 2050 1542 1167 213 2617 3919 293 86 3833 884 190 1748 2194 989 4381 866 4407 1224 4811 314 4636 1328 3028 4391 2725 3622 3667 1929 647 3261 4946 4524 2654 3578 4533 2926 861 4543 3898 1537 2147 2820 1904 2448 1185 1208 1239 1897 2465 3299 3894 934 545 4595 1040 1315 26 1823 93 4104 877 113 4470 2024 4168 4054 1934 3528 3184 1270 2871 2669 2741 1845 4298 3460 1835 702 4682 2101 2304 1777 3854 255 1354 1685 4506 4337 2107 4693 985 1331 1811 3470 1093 107 2221
856 4256 305 2640 4092 1059 2811 4456 120 1396 2196 2573 4884 4457 4001 2564 999 1772 2671 3109 4594 489 3951 3627 820 3254 4801 2241 957 1790 2161 2816 4621 4505 3737 3932 2874 1826 1708 3521 2258 1263 2853 3419 184 3868 2109 4317 1264 2497 4114 4441 3759 4171 3646 4213 167 66 3980 2706 381 806 1420 115 482 3690 4845 4054 3761 4670 1645 2615 4912 4744 3921 1478 286 1226 4945 1430 2973 663 638 1228 3667 3700 3639 2481 356 2307 1652 163 2637 2878 3455 2454 250 2541 2997 3074
3929 3288 2166 1126 947 4307 4002 2426 702 3162 4262 3669 1746 3763 4617 919 2194 1978 1096 1230 2803 2944 1010 4536 2992 2099 1785 2868 3103 3675 1133 933 872 2453 941 1002 4905 19 123 4464 3772 3398 887 2385 4752 3749 2552 4589 1657 1914 3377 1043 3686 3164 3870 902 2783 1310 4297 68 4294 904 4027 439 3712 3062 186 1934 4670 2051 730 3478 4966 48 1284 816 2195 3399 3606 274 2744 2496 1369 4962 4401 4442 4656 4946 1048 1958 1394 1710 550 2063 4870 1181 1177 414 349 559
3071 354 1149 3828 3650 3161 2403 1050 2822 4629 3581 710 2417 1418 2913 4959 4997 2833 4807 4291 1181 1510 4010 3466 3692 1813 1793 40 718 1919 430 2656 4672 2588 2805 4962 1647 4904 2549 761 2134 3385 2054 3193 2030 4393 2949 667 4697 1647 1891 204 1909 1472 2005 3541 4519 1063 691 4984 3244 4348 4564 3413 2030 3702 2792 3528 1645 730 3164 1575 2728 1493 4780 913 3235 4651 1921 4325 945 1785 3988 2307 3357 1965 2894 157 2312 420 2361 3069 2062 3446 3666 2481 2030 4877 4782 3081
2351 1258 1497 2384 3629 4423 1282 3483 770 1684 3366 4242 1316 2806 2910 2685 3858 4012 4553 2490 4332 603 3683 3763 411 2800 251 2341 1537 491 327 1245 4251 362 4703 4648 4920 3202 4583 303 285 3586 2123 3276 339 4460 4394 3471 3627 2263 2002 643 3449 1361 218 864 1700 3625 3948 477 4751 525 612 4860 2284 341 4767 3184 2615 3478 1575 4280 2754 4490 4171 1760 3482 3733 3946 2356 1064 1034 2665 604 3261 3575 4043 1084 3389 1949 3840 2849 898 3543 3235 1143 1072 3018 4622 2648
558 2020 4478 173 1921 762 4231 246 3506 2048 4344 3802 4537 1893 1230 4038 458 4997 352 89 1588 2658 4573 1435 3443 3893 1114 3005 1124 236 284 520 3511 919 691 2048 250 2148 1720 4292 2391 4976 462 15 2295 4480 3646 688 3607 3793 329 354 102 4243 3257 2640 2084 1600 2726 3950 1545 2918 1220 3287 1256 2889 525 1270 4912 4966 2728 2754 3052 294 1571 1430 3195 874 1004 3702 2983 724 1142 1988 4785 1119 2650 1597 3824 2990 3657 4906 3575 1826 827 55 3181 3090 1794 2797
177 2050 131 1796 1412 3504 1497 4266 629 1548 3860 2954 1383 4572 4075 667 581 1997 4355 2489 283 1020 2229 3910 3575 2503 3755 377 3029 70 3158 2529 1486 2157 4156 4583 1958 3844 918 3915 3700 4055 872 1180 614 4973 3473 1981 4299 1586 4148 4877 3438 4460 3223 2984 2942 893 1191 2832 2529 3439 4476 761 3901 4858 4588 2871 4744 48 1493 4490 294 4475 911 3047 1477 156 837 3222 4655 3627 4763 2368 261 3226 1159 1281 4086 3464 3380 1531 4229 1486 3852 4600 2978 215 3131 3731
2636 767 3240 3574 4061 3681 975 3338 4684 2801 3960 895 92 2874 3003 2444 354 395 2235 4925 2945 386 4586 4364 782 1586 2204 591 1358 4871 277 2025 2403 703 577 4863 2376 1615 4660 239 3241 2915 1674 4450 1414 4417 4661 3089 4815 2703 4450 1306 2045 3720 3682 2006 4817 4891 742 2602 2611 2563 2933 1649 2560 2198 4783 2669 3921 1284 4780 4171 1571 911 384 941 4584 1792 1515 2230 2198 3994 638 4629 3407 4089 649 1453 1662 1241 4739 3017 2508 830 715 3272 496 73 1537 2485
1720 4194 1640 4622 4480 2237 4764 4302 4037 2154 4476 1548 344 4463 1282 2374 3575 1142 4922 1650 1690 3799 325 469 3568 2692 1519 645 2247 897 357 3878 2226 288 4573 615 2104 491 2564 111 169 3432 3528 2797 383 4523 3314 3254 2677 4854 4655 2712 3049 2260 1553 401 1941 4018 1868 3156 4856 1717 4515 2800 298 477 164 2741 1478 816 913 1760 1430 3047 941 4759 1590 4033 2205 2162 3261 1586 4384 1173 515 2435 1502 4876 1799 1713 4965 1085 3630 4408 241 3854 746 1723 3439 286
1992 2208 1601 3418 1136 365 4856 1900 1908 2666 312 252 857 3474 563 3889 1408 273 4534 2235 3891 1307 1314 130 741 4577 4378 3270 2966 213 1851 4612 3401 241 4075 1024 2601 4527 1449 36 4905 1095 1265 2350 2861 4039 248 4760 3530 4774 3980 2855 3466 3939 1886 3776 1299 4373 4236 4161 40 3454 3618 3866 4291 4394 4473 1845 286 2195 3235 3482 3195 1477 4584 1590 4909 2006 3672 1063 1443 4821 1434 1080 1537 3939 2685 3724 3978 1586 3282 1960 3784 2661 2230 1093 2972 2294 2251 2646
3774 643 1764 1390 1281 240 2785 2264 193 43 4635 4477 3077 4602 809 374 3260 205 2980 1714 793 4887 263 1790 1758 1304 4887 4422 438 1208 1070 2791 4773 4344 1705 394 1754 2089 100 1721 3528 3871 3053 3031 2806 421 508 3631 1040 395 651 1256 519 1154 4627 464 4290 3851 4148 621 503 4202 1907 3461 614 2899 4447 4298 1226 3399 4651 3733 874 156 1792 4033 2006 4375 1868 4113 1148 2722 4615 1964 4401 3644 3745 690 2477 4547 4130 4517 2207 1594 928 2166 1707 3882 1428 3534
1398 4869 1838 4758 2200 1521 572 2245 4854 1906 4361 3629 604 4013 450 1196 4431 1188 4334 515 276 466 1582 1429 1584 35 469 493 289 4295 1691 4506 3025 992 2411 1947 3015 1123 3317 3329 2747 4758 3961 321 771 2005 1823 1578 1080 863 4575 2064 3968 4038 1876 3941 78 430 2967 3012 4862 371 3774 4888 2604 3410 3396 3460 4945 3606 1921 3946 1004 837 1515 2205 3672 1868 4059 2581 3160 4653 183 1449 236 566 361 3750 4104 3167 336 864 1139 4886 1131 3039 917 1811 724 2633
355 4972 1737 358 3277 1090 3297 1564 3005 3033 1681 2550 1154 4384 676 2648 216 2256 1900 1403 1535 3425 3430 4735 1601 188 259 1593 3118 4482 1445 931 45 2075 3881 2786 3451 3821 2193 2457 2669 2005 1154 1999 1464 4016 2902 2841 1621 453 595 19 4307 2903 3848 4423 4811 2572 4011 4427 3772 3377 660 3317 3625 3060 3354 1835 1430 274 4325 2356 3702 3222 2230 2162 1063 4113 2581 3272 1489 229 4645 2248 1306 1781 3196 3672 4260 1796 4599 1884 4847 4225 400 190 2220 2102 1208 2773
2208 4909 1336 606 3552 2363 2148 2521 2071 4715 1429 1652 1191 2679 1512 3944 25 4991 660 3830 23 885 3643 927 2457 4905 3691 4035 4667 4270 1122 3154 2954 518 2317 4617 4761 253 755 3268 4201 4130 3974 4424 1487 2107 2213 3772 4806 3987 2796 619 1950 1929 4613 3562 329 1069 23 4117 3283 3319 983 4772 1734 3591 1388 702 2973 2744 945 1064 2983 4655 2198 3261 1443 1148 3160 1489 910 2280 1116 3871 1116 176 4982 830 3258 121 4743 3108 4352 1631 664 4658 3839 500 4928 2378
4573 1827 1319 639 1464 4180 3341 2857 578 1446 3490 4151 4610 2878 4198 3375 1276 1472 1235 3260 4453 2773 3366 4623 4367 3694 3990 1889 764 3717 328 762 4236 1890 246 1305 4654 1308 2284 1146 3309 1583 646 1641 1329 2950 299 2755 4728 1906 2297 4429 3239 4345 2209 1384 3676 152 1823 1291 3832 12 47 924 1845 2691 684 4682 663 2496 1785 1034 724 3627 3994 1586 4821 2722 4653 229 2280 4253 770 2328 531 270 2169 2976 2240 3862 2921 252 3052 2600 4915 4994 723 3257 616 4430
2648 3028 510 712 4014 2796 1083 648 1350 4907 3926 3520 1912 986 3240 1048 372 2190 3926 1201 3026 3327 2936 4548 3678 2748 491 3962 2854 3066 2312 2242 2689 221 341 2525 855 2733 1855 2937 2910 2851 254 4353 3917 4769 3344 772 2655 2763 3077 196 265 4683 2112 599 1548 1247 3857 3159 4533 4672 4162 342 1821 2703 2568 2101 638 1369 3988 2665 1142 4763 638 4384 1434 4615 183 4645 1116 770 2880 649 3637 1797 3884 4908 2994 900 3736 4669 3911 630 3998 2970 499 4551 1187 4729
1511 3840 4154 974 4037 42 2621 3339 4141 3477 1164 371 3829 2422 2563 1353 2719 570 523 3535 306 473 3309 2648 2958 1869 1650 506 1929 924 1540 1314 4989 3994 238 1337 879 1236 2140 4301 3087 1622 1439 4050 2237 4266 1772 4772 830 2615 3429 1772 4710 281 1745 4040 3225 953 1268 2759 3501 1682 4980 2164 1400 3994 2230 2304 1228 4962 2307 604 1988 2368 4629 1173 1080 1964 1449 2248 3871 2328 649 4308 1873 1526 2720 2659 2319 3334 789 3332 4902 3160 4228 3346 2332 3696 2745 193
3022 751 3572 4691 2889 2555 1416 3041 4103 2493 2956 3906 183 568 4132 3922 3908 1399 4907 287 3289 3846 2754 2421 3150 1677 2908 144 157 583 1832 858 1664 4355 1108 2182 4718 3491 3054 2870 2850 4181 3276 2492 4241 3063 4718 4256 1769 2041 1329 2538 167 3525 3697 4553 3909 4242 2492 3086 1915 761 3639 137 2965 3032 3956 1777 3667 4401 3357 3261 4785 261 3407 515 1537 4401 236 1306 1116 531 3637 1873 2172 2920 1882 2328 4765 4376 3754 1699 2632 4876 3435 3549 4441 1459 1135 494
1492 1853 609 2087 4229 3825 1217 4285 4264 1396 3626 171 4788 548 2913 3062 4423 2922 3095 3614 1638 3503 1642 4232 1772 1976 3472 2946 3494 1753 3057 901 4062 3911 1538 2033 3821 2961 2762 2654 4741 497 2037 1063 2570 4340 2458 3264 2825 1351 3344 2057 4945 826 3138 837 95 3675 1354 1461 2725 2482 4409 4336 3311 3266 3464 3854 3700 4442 1965 3575 1119 3226 4089 2435 3939 3644 566 1781 176 270 1797 1526 2920 2136 2251 1610 528 891 4978 4938 1520 4106 4549 3145 1440 4570 4340 3938
961 3128 1704 565 462 2474 3716 915 595 824 612 75 1339 1258 314 3057 4029 3503 3228 4754 4155 3798 1222 618 2329 4755 1798 349 3132 577 719 4957 2854 433 2297 2009 1124 4020 3624 2615 3377 4254 2526 526 4663 2772 4248 4808 4907 2998 3135 2695 4075 4436 2706 1057 1275 1484 3078 3116 1430 275 1558 4057 4256 4827 3979 255 3639 4656 2894 4043 2650 1159 649 1502 2685 3745 361 3196 4982 2169 3884 2720 1882 2251 2229 3327 3339 4434 929 925 4290 362 2160 1740 1576 155 331 4250
3850 4467 1755 557 3224 1639 4230 4352 3155 3485 3208 233 235 4624 275 1488 835 1597 4445 1435 4019 2668 1500 175 3040 1960 2778 3521 3864 1799 3916 391 2801 4787 3371 4328 1382 150 2297 1093 1407 4849 376 511 2867 1399 1675 1312 2094 1334 3187 1572 857 2607 3968 4436 1748 1719 426 1147 681 4780 3790 4263 358 3380 972 1354 2481 4946 157 1084 1597 1281 1453 4876 3724 690 3750 3672 830 2976 4908 2659 2328 1610 3327 2613 4942 872 4403 3510 457 4738 1378 4473 991 1903 4985 4796
3295 2177 4350 3919 4649 559 4551 1779 3734 2621 3536 4587 3127 3126 1886 2053 909 4515 783 4780 1891 3087 103 21 2285 1915 264 2200 3577 1632 3180 1177 1904 3786 2332 1941 72 3455 3371 3783 2248 3942 4704 435 4136 1321 3789 2455 967 1543 3500 3240 3308 4132 479 4386 2424 4220 4523 1733 1131 3837 3836 838 4696 3543 3291 1685 356 1048 2312 3389 3824 4086 1662 1799 3978 2477 4104 4260 3258 2240 2994 2319 4765 528 3339 4942 1482 4117 4112 2908 121 1277 1201 475 3974 3578 4373 1165
1890 2072 4604 3455 984 3234 3203 444 4386 1377 4719 4479 1685 644 681 3710 1026 4731 2043 2238 3302 1204 2042 1427 4874 4891 4859 4797 1802 4029 3192 352 1362 4698 4580 3297 3718 2680 677 1367 2051 3172 2790 3553 924 2922 3193 3658 1458 3261 3405 1542 440 4566 3906 162 2690 2151 1980 1487 4862 3157 2906 3497 4270 1082 3302 4506 2307 1958 420 1949 2990 3464 1241 1713 1586 4547 3167 1796 121 3862 900 3334 4376 891 4434 872 4117 4146 2786 2335 2892 173 3402 1574 3458 177 3739 1201
640 931 2064 937 4887 4991 765 4681 645 2823 1127 3076 3059 925 1107 744 2187 3116 3605 1689 2638 3803 4055 3795 2534 2665 1694 887 1391 1965 1691 2229 213 1684 2770 3581 3177 2550 3865 3180 4944 1813 4067 2542 2090 1179 1485 2252 4639 1632 4424 4329 521 858 4256 1687 2137 3656 4165 803 4637 1199 1009 2598 4843 2875 4773 4337 1652 1394 2361 3840 3657 3380 4739 4965 3282 4130 336 4599 4743 2921 3736 789 3754 4978 929 4403 4112 2786 3636 3559 3064 2375 4279 4955 1661 2037 1304 3872
4526 1831 819 2438 3749 1695 1618 529 849 3580 4530 3274 4236 3428 789 1458 163 1021 4942 2157 1281 1109 3331 2263 3529 4538 1778 3768 4071 3250 3152 4895 4004 4918 4003 1237 2371 4307 1353 3235 2353 4372 4501 1922 1413 4338 4639 2662 3813 1528 2927 4029 1848 768 2078 3548 730 171 2860 2855 1451 1106 3551 2456 2164 3504 3185 2107 163 1710 3069 2849 4906 1531 3017 1085 1960 4517 864 1884 3108 252 4669 3332 1699 4938 925 3510 2908 2335 3559 4698 2827 3302 4615 654 159 491 2289 2009
951 3173 2248 2383 19 3138 2763 514 715 2690 1995 2700 2961 1649 4392 4012 4695 904 4458 1236 2587 1674 3274 3698 380 4741 4427 2869 27 4627 696 275 2725 3217 2227 3976 4449 3095 2712 1162 3317 866 11 1963 4013 378 3094 488 608 1271 1855 2019 1373 1416 2093 2626 1033 2568 1353 4756 4810 890 4460 4778 1540 1758 464 4693 2637 550 2062 898 3575 4229 2508 3630 3784 2207 1139 4847 4352 3052 3911 4902 2632 1520 4290 457 121 2892 3064 2827 77 912 1463 231 3565 2401 2674 1968
2672 4878 4831 666 793 2952 243 238 4488 1994 132 1775 2446 3161 1047 1041 20 999 271 4603 4116 4651 4324 2051 1873 4564 511 2609 3639 717 1993 3956 4474 576 4222 92 2371 4602 808 3382 75 2546 3403 426 3392 1809 1470 2307 293 2986 2778 4293 2985 3955 402 4570 2270 4111 1844 3187 4976 2287 4311 4932 2983 2110 3236 985 2878 2063 3446 3543 1826 1486 830 4408 2661 1594 4886 4225 1631 2600 630 3160 4876 4106 362 4738 1277 173 2375 3302 912 3885 447 2484 3002 4729 247 3005
2516 40 142 4989 2420 3575 590 3298 2865 2380 4699 4859 4625 1004 479 959 4451 987 153 3625 3359 1535 4662 4516 2542 2749 4938 2026 3078 2686 4468 3568 1563 3228 3743 1748 3971 3715 4603 1918 3109 2087 2822 3871 3854 841 2188 3683 2387 3192 4777 4534 3193 4586 2299 4258 3177 3250 3370 2034 583 3376 504 4396 3724 2266 4703 1331 3455 4870 3666 3235 827 3852 715 241 2230 928 1131 400 664 4915 3998 4228 3435 4549 2160 1378 1201 3402 4279 4615 1463 447 487 4018 518 1597 4216 2801
4007 1365 2405 1776 822 4476 1492 3986 3552 3239 2195 3018 4225 3023 4308 3495 4160 3923 593 1890 3192 2952 3080 1621 3375 124 388 3692 2513 727 4081 183 4371 4641 36 1807 1175 3939 2249 2693 1797 4485 3650 2894 3643 4419 1640 2160 4709 327 2498 4111 4896 1603 202 4975 2130 1492 4700 1533 3015 1479 3308 674 295 4215 57 1811 2454 1181 2481 1143 55 4600 3272 3854 1093 2166 3039 190 4658 4994 2970 3346 3549 3145 1740 4473 475 1574 4955 654 231 2484 4018 3604 2079 331 2483 1452
750 4724 2753 4481 4233 3440 4628 1489 1687 2258 3698 4145 4902 2561 4767 31 2123 4625 4664 4071 3602 1884 3917 1055 354 2249 2952 853 1269 1746 3277 2566 2450 3733 1844 3101 3838 4556 3612 4816 1673 2604 1320 1593 2918 560 288 3958 4436 1140 4069 1904 3524 2251 1882 434 2199 68 4865 1471 3742 3087 713 2178 1250 2544 3495 3470 250 1177 2030 1072 3181 2978 496 746 2972 1707 917 2220 3839 723 499 2332 4441 1440 1576 991 3974 3458 1661 159 3565 3002 518 2079 3683 432 1023 787
4263 3026 3387 2269 2370 980 2697 4097 2127 3818 1830 1112 3309 124 4632 368 2495 871 1061 3077 2244 3608 845 2002 3420 2559 1830 252 158 3285 2276 3573 3284 2721 3160 3999 4169 1440 3403 1106 242 4760 695 2121 2494 3126 4356 1110 2867 257 115 3632 858 494 2860 4190 4698 2112 2336 4007 3101 3967 4675 1765 1221 792 755 1093 2541 414 4877 3018 3090 215 73 1723 2294 3882 1811 2102 500 3257 4551 3696 1459 4570 155 1903 3578 177 2037 491 2401 4729 1597 331 432 4139 3837 727
4989 2606 1005 281 1164 4881 3900 527 1878 4839 2488 2273 1083 2238 846 10 4074 4204 1942 2109 700 4965 3260 2936 2331 4392 4251 2979 1194 1498 3292 3599 3076 3399 3934 3160 423 4028 2641 4128 4619 3548 215 326 1066 4548 3124 4157 3602 4494 1896 2124 4333 3194 3840 2807 206 4330 2099 4288 2527 2838 651 2091 2926 3099 3235 107 2997 349 4782 4622 1794 3131 1537 3439 2251 1428 724 1208 4928 616 1187 2745 1135 4340 331 4985 4373 3739 1304 2289 2674 247 4216 2483 1023 3837 4101 2364
4201 1581 630 4020 3596 1659 2546 3122 4018 3837 1799 1635 1416 3677 1739 530 4344 3477 4318 2506 4273 3686 759 3281 2343 354 2138 147 3923 1348 464 593 2491 840 1416 3092 535 3366 889 2423 3195 3365 4244 3978 4505 90 69 337 3608 2699 3686 410 3734 3897 2928 4413 2842 1115 3961 781 1966 4517 10 1745 2314 565 708 2221 3074 559 3081 2648 2797 3731 2485 286 2646 3534 2633 2773 2378 4430 4729 193 494 3938 4250 4796 1165 1201 3872 2009 1968 3005 2801 1452 787 727 2364 1744
