N: 100
M: 20
Symmetric: true
Triangle: false
10 95 7 97 99 35 52 43 23 90 32
2 2 74
6 77 15 30 8 65 76
5 31 60 89 85 22
6 33 69 41 61 48 14
3 37 86 20
5 81 88 59 73 46
2 54 11
4 13 49 78 9
4 56 98 3 47
5 42 17 29 18 94
4 82 36 80 21
3 96 72 93
9 5 87 63 84 64 12 100 1 92
2 53 70
7 67 44 27 83 66 6 51
8 75 50 39 28 10 40 25 68
6 19 91 26 38 4 45
1 79
8 16 55 62 58 34 57 24 71
97 4455 817 3279 2563 3316 325 3359 4596 2456 2773 1370 1179 3015 2853 1697 1189 1526 2846 3922 1263 1778 4771 3820 821 3330 4513 3833 3302 3425 554 2148 2512 938 313 2388 2290 3484 16 246 396 2741 4024 1029 2833 3885 1287 1916 2707 4554 3268 48 3798 4479 2250 1234 527 1519 4638 3291 2081 389 3734 1191 4996 4388 4240 3122 1277 1792 4274 2642 4132 4520 3743 1823 2701 3544 2324 3460 3156 1892 2648 2077 3497 2040 1390 4080 1301 3853 645 2430 3303 1789 3710 2519 1476 2344 3379 1810
4455 1823 376 2528 3923 205 801 600 4274 4516 3989 1710 1697 4781 3603 2083 2426 4656 4473 850 4419 654 3484 3431 4611 563 1591 1105 1916 1930 3846 3231 3051 3590 801 2260 2722 4149 1309 4226 4170 3037 1051 3152 1985 480 881 2954 197 3077 627 3941 2462 4137 2538 4095 2509 1501 3619 4441 2393 4694 2505 3443 4205 665 1395 3468 3396 1405 1380 4321 1642 477 907 1033 2932 28 3300 2855 4427 2682 2854 2179 3838 2992 4392 4789 3838 3192 4336 4967 1513 4634 819 277 2074 4265 4011 2224
817 376 470 779 1832 1103 3240 3524 4256 3820 4167 3800 4867 1382 3135 4448 826 559 1480 4566 3791 2815 4785 4544 2027 3079 507 4851 3199 3254 2393 3255 2168 455 4704 2155 2314 2614 441 459 1616 95 4594 1670 2472 1338 2459 3320 353 4231 1880 4576 854 196 4384 4502 3317 4526 3444 2158 344 3874 1480 1924 3722 2208 3622 4118 2168 3060 3638 2615 1190 2972 4242 1034 38 4766 3735 4601 4346 2052 3561 477 4506 2250 2641 207 2004 4332 854 3823 3289 3857 835 4630 4527 2417 1205 4695
3279 2528 779 4614 1983 2660 1796 3318 176 973 552 4935 4501 2591 914 4731 832 1455 4120 4458 3599 4686 2195 4625 3232 2196 190 4756 4803 206 3106 2743 159 406 2489 4658 598 906 3508 3094 2588 4138 571 1372 2207 613 3349 345 45 4156 2220 3835 1234 2823 4003 2234 4853 565 3573 316 1842 4520 759 4464 4268 418 4714 3294 4274 1735 4723 3276 3126 2392 1194 4856 1772 2451 930 3364 2517 2167 712 3657 429 1845 2911 4186 3330 2398 575 210 204 3908 4222 190 2679 1560 2186 2149
2563 3923 1832 1983 4081 4439 740 196 4094 1854 3232 2698 3408 4080 3094 424 2318 2117 1499 1560 4554 4447 4503 4567 2932 4549 4536 457 448 3633 4364 3805 4883 2335 3448 4864 3315 4291 2224 2672 795 4546 4815 4332 488 175 3573 3795 2522 3047 1711 1447 4198 4337 4458 3437 4860 567 2309 3865 3262 3266 1836 2996 1653 495 4690 2192 1103 648 4770 4767 4978 3646 1539 4032 4719 524 4711 873 4969 790 2422 2914 558 3913 1119 2638 1370 3655 2695 3002 3311 3253 1770 4422 3935 4302 1296 134
3316 205 1103 2660 4439 4052 4773 4216 3737 4398 3959 1948 137 336 3043 240 4704 1237 4448 4584 352 4906 4610 1898 2210 603 3310 4779 2136 3475 4136 3034 1872 3828 1298 4310 3875 1588 3526 4756 4123 738 1414 1286 4675 257 2158 730 903 1613 3058 2616 4336 3525 3021 3898 2675 4557 4374 2876 2274 2200 4469 1970 3444 266 4342 1237 3706 3096 309 4715 1352 3016 4625 152 4972 3188 3438 3814 3553 4354 775 1540 4258 1561 1897 3134 855 2802 1993 3955 239 4303 3470 4546 4100 4057 4061 3536
325 801 3240 1796 740 4773 3965 292 4020 1314 4438 4113 365 4652 2438 1367 54 4333 4446 2233 1543 2865 2629 1597 2433 2619 51 2483 1681 3110 1397 1552 1660 1812 4951 475 2816 525 4764 950 740 3068 1537 4611 1478 388 3146 2485 4517 66 3774 1378 3286 90 2666 1570 3678 602 3620 611 2549 4096 4975 477 2793 380 3159 1162 2094 2229 750 699 3471 2171 1406 1775 1426 376 1413 1420 1428 4656 1248 2389 1575 2879 3843 4104 4368 3312 2727 4379 2842 854 3703 2202 476 3192 4979 3685
3359 600 3524 3318 196 4216 292 3501 1397 4021 80 693 717 1890 3632 2360 1369 3783 3165 4383 1396 1622 1110 2463 2764 204 2940 3612 4820 2938 1532 2854 4943 3661 1424 4742 95 1187 1132 1584 4171 3894 1793 547 4411 851 1061 3094 1034 3507 4847 2618 3894 864 2797 4532 794 2705 3016 2813 2199 3677 1778 2577 3688 3497 4945 3002 2778 4374 322 1489 842 906 1292 531 443 2529 3692 4720 4620 552 544 1505 1183 4752 3200 2829 2959 2313 340 302 1898 4854 2230 160 3049 3720 2747 835
4596 4274 4256 176 4094 3737 4020 1397 4571 4200 3875 3202 2108 3175 4886 4215 4398 4908 3450 4456 3885 1771 3517 645 4498 2234 3955 4957 2401 4229 2844 1457 330 403 2225 3522 4822 2953 4152 2525 4051 1732 1500 1615 3176 2122 3599 4351 1131 3435 1280 153 2291 3457 1950 1612 3180 2647 3397 619 2038 3280 3122 377 1401 2358 1241 707 173 2139 3913 813 460 186 1130 3167 978 1772 4048 1571 794 1539 1785 2088 4807 1962 4148 4821 1670 3236 1017 4921 3061 4835 1373 2550 4931 3156 4353 945
2456 4516 3820 973 1854 4398 1314 4021 4200 1868 731 3068 3979 2735 2262 1250 2420 357 2197 3947 1733 315 3877 2503 4681 178 2566 4359 2179 3856 707 124 3737 2622 4474 504 3910 3176 3356 1712 3905 3571 1476 2592 289 1476 1049 693 1931 853 3511 270 163 1779 711 1512 1137 2389 3377 4060 2845 708 3270 989 4172 1380 4739 2529 3223 1425 2689 1677 79 1823 4275 2801 903 3901 3614 3447 2849 1157 1141 3436 2015 181 1137 60 1696 164 460 934 1498 2356 693 4475 56 2324 3078 3149
2773 3989 4167 552 3232 3959 4438 80 3875 731 4278 1889 1622 4664 514 3471 3201 668 1622 2883 4153 2313 4875 4859 4337 210 4739 3635 4736 2067 3042 4725 3238 1514 1495 4907 4688 3623 2709 3289 3767 4456 4607 3887 3042 2319 4638 2721 467 3468 4144 4484 3879 904 2428 1502 3245 4301 1771 2457 2654 2992 288 4918 1679 3667 2769 4039 4201 4605 2296 1362 1127 1224 2093 4857 201 4631 2138 4481 1155 2628 790 869 786 2161 2646 2295 138 739 1027 2668 2111 3716 4791 4656 4058 411 547 1544
1370 1710 3800 4935 2698 1948 4113 693 3202 3068 1889 3025 28 3465 932 3451 1026 2090 2957 3780 969 3745 993 4250 1504 2147 4430 1744 3902 3129 4015 3003 2133 3985 1894 1762 688 290 3735 392 4892 935 1554 2261 1347 4278 1589 1332 213 544 4307 4151 536 4373 3676 2026 3713 1791 733 2373 3684 4331 4416 2184 428 3051 2176 858 3353 840 1306 772 1371 899 2367 1488 3338 3556 2170 2391 4981 2781 3171 3176 2270 1416 1762 4322 2702 4031 365 2958 1037 2451 1716 4543 3950 2291 4323 77
1179 1697 4867 4501 3408 137 365 717 2108 3979 1622 28 3014 3486 3891 1106 1952 3565 1094 3468 3444 1891 241 920 4454 884 3526 2631 3641 626 2325 2074 1953 1093 3604 4115 1494 2698 3543 3667 1358 639 216 277 2152 4630 2753 4788 2138 1975 3155 2825 2995 4675 673 3724 2955 1356 100 2159 2199 2063 474 4506 3894 4316 2459 3277 1837 3276 1399 1468 4559 1282 65 2245 2222 57 922 1248 4373 2922 1931 1540 849 731 914 1416 3897 3768 2819 3730 1939 3003 1343 3913 178 147 1641 3461
3015 4781 1382 2591 4080 336 4652 1890 3175 2735 4664 3465 3486 2551 4556 386 2334 3498 349 72 4433 1309 3679 391 548 1566 4744 3081 560 3831 1607 2066 4388 3318 965 4011 223 1924 1153 4246 2389 198 4681 169 789 2919 3574 1234 1528 1162 2886 757 4369 379 2559 3073 2234 509 3080 2416 2673 2107 4486 1075 4179 651 3780 4787 1760 2945 1058 3628 2024 916 2272 2061 1331 535 1404 3946 2532 4066 750 1233 2790 1251 3587 869 969 1824 586 4288 432 4113 3553 4648 3365 2726 90 3732
2853 3603 3135 914 3094 3043 2438 3632 4886 2262 514 932 3891 4556 4914 1020 678 2922 2133 93 2142 844 663 4345 2774 4370 2570 2984 3230 374 2438 1185 777 1477 3149 3837 4635 1980 4034 1023 2265 3253 1192 29 481 4807 4618 3917 680 1619 2029 3974 3330 4701 4194 609 2437 4786 3636 3128 3427 4337 4046 1690 2539 3725 1828 1976 3703 121 4895 2263 2167 778 4338 1618 2804 117 2277 2565 1925 1898 2102 542 1160 3591 4908 1622 2075 633 262 4894 2975 3925 3980 2026 294 263 2489 1410
1697 2083 4448 4731 424 240 1367 2360 4215 1250 3471 3451 1106 386 1020 2836 3332 1313 3445 3593 1526 3801 1578 1692 439 1752 2591 3268 4119 4914 28 4650 2204 1703 352 2911 1518 2789 1590 519 4766 2056 3937 4866 4587 135 2470 4414 130 835 3979 2152 3025 3033 4140 4718 2334 3937 3370 4021 4280 4034 2395 2142 4930 2678 2568 4362 1496 3207 3721 2750 343 4165 870 3266 3329 4036 2255 1353 3085 2107 4242 642 4446 4712 1640 3828 2733 4820 630 1497 3738 1644 2201 2906 3286 1059 61 4707
1189 2426 826 832 2318 4704 54 1369 4398 2420 3201 1026 1952 2334 678 3332 2279 4624 2254 2334 2138 1170 3489 3520 4080 1978 2559 1044 397 628 3601 4430 3690 3710 144 4700 4417 3973 53 1551 4102 3821 3861 2091 2766 129 1029 3299 3951 3817 3544 3062 4582 2254 4889 2101 1435 2227 658 4737 2497 3918 1264 3294 911 4583 4266 1634 1752 1216 3939 1217 4320 220 1161 4686 3156 2077 4871 3087 766 2147 4453 2878 1130 4471 4184 4688 1370 3380 729 4879 13 3989 3318 3568 2999 2783 2688 2568
1526 4656 559 1455 2117 1237 4333 3783 4908 357 668 2090 3565 3498 2922 1313 4624 2833 3175 1125 4559 1650 1112 1091 1673 4481 467 4689 117 4362 1135 2476 2457 4695 540 4268 659 268 3161 2534 270 2456 3214 2367 3661 710 3738 3874 988 4585 3826 3447 2995 3628 908 1295 1079 1497 44 358 4394 2029 4645 777 2910 47 3883 2064 985 635 3019 289 1747 4030 2852 1433 2702 3655 481 3733 3433 909 352 426 4086 4407 4833 2365 2711 1318 3549 1635 438 3672 4771 2055 1030 1397 1206 4855
2846 4473 1480 4120 1499 4448 4446 3165 3450 2197 1622 2957 1094 349 2133 3445 2254 3175 413 140 91 2554 1519 3020 3023 2475 4379 3412 25 943 3598 1451 3767 890 3532 4763 1816 1536 917 4299 962 4877 4488 3179 646 4462 3955 1966 4533 1334 1645 3688 4179 2344 2916 3980 249 2796 2806 2747 2612 2933 1811 621 3887 3496 3584 1547 3993 2036 446 4926 3449 2122 3703 4755 2154 1772 76 4800 3802 2654 1022 2118 4736 3324 986 893 4823 1991 4409 828 293 979 1254 131 3136 709 2022 1896
3922 850 4566 4458 1560 4584 2233 4383 4456 3947 2883 3780 3468 72 93 3593 2334 1125 140 1632 4936 3944 4619 2594 1398 4109 87 2885 1645 3810 955 3827 668 3566 3516 2603 1605 2204 89 147 629 1633 59 145 3902 2327 2641 25 267 545 1507 796 3555 454 3168 2265 1091 2490 525 3196 4746 4186 718 4792 1240 1018 2890 1424 4895 4586 721 4336 900 3190 1216 3491 186 1840 243 4868 2839 4812 4480 2523 129 1066 1218 2892 2757 943 1698 4614 3664 73 4181 3208 3537 826 2693 3606
1263 4419 3791 3599 4554 352 1543 1396 3885 1733 4153 969 3444 4433 2142 1526 2138 4559 91 4936 4395 3582 52 2097 1759 3984 1075 337 880 1843 3872 3901 583 318 1746 1850 3714 511 1380 3565 1578 3627 3097 2157 3034 1760 2293 3084 2219 475 1173 4661 785 2469 3532 3407 3580 618 4121 954 3846 2255 2338 4029 4342 4831 389 2212 1723 2362 2374 4143 4513 995 1403 11 443 2864 1241 1832 1700 1960 1556 1658 3695 709 1716 4202 795 3334 366 4545 692 1089 2100 2627 3659 3655 693 2100
1778 654 2815 4686 4447 4906 2865 1622 1771 315 2313 3745 1891 1309 844 3801 1170 1650 2554 3944 3582 4154 2891 1272 4814 2913 428 1544 4623 2379 114 598 3900 4859 1719 2115 3415 3507 1309 2550 3793 2359 620 4579 37 4265 4383 3385 1621 1692 652 2912 2696 2615 4531 3979 2893 1301 749 790 138 562 812 3905 4184 2965 1223 4447 1007 3378 1837 4381 3234 4949 159 765 3609 4373 2050 2694 1769 1600 4690 2013 3830 2238 3798 162 3574 1127 1156 3969 3406 2213 1745 457 1080 4687 861 4200
4771 3484 4785 2195 4503 4610 2629 1110 3517 3877 4875 993 241 3679 663 1578 3489 1112 1519 4619 52 2891 3399 850 1237 2679 1326 924 2732 2774 1885 1902 2921 2881 810 1377 4006 4030 3322 3179 982 665 3173 2255 4808 519 3079 2748 1164 2227 1580 33 3567 2700 1489 3301 4318 1763 4727 1580 1161 47 3919 530 4641 3405 3589 2184 1507 3404 2079 176 3882 1248 1244 4716 2948 699 2514 4857 4828 3523 3268 2112 2398 3592 3774 2429 4312 520 3561 1866 614 1122 3973 2210 3338 739 2081 1403
3820 3431 4544 4625 4567 1898 1597 2463 645 2503 4859 4250 920 391 4345 1692 3520 1091 3020 2594 2097 1272 850 3953 1336 2448 3732 4204 4514 3045 1778 321 2827 4542 4239 1187 4331 2651 3885 4512 4011 3330 1966 1341 4623 4112 4213 3942 3418 1566 2332 1846 3991 2646 4329 3340 2913 675 3260 1437 2313 3916 1517 3413 2303 499 1270 4949 251 3175 392 3138 3814 522 1325 986 4481 2167 911 3564 3672 1770 144 680 3599 3041 496 835 26 1163 1640 896 1149 3905 3713 4723 3826 1742 4416 525
821 4611 2027 3232 2932 2210 2433 2764 4498 4681 4337 1504 4454 548 2774 439 4080 1673 3023 1398 1759 4814 1237 1336 2195 2620 3551 4794 3926 2394 1800 345 2133 4361 2122 4084 3462 2440 2840 2347 387 4576 4079 2768 1673 2597 4017 3366 36 4596 2950 4416 1116 176 4733 1330 106 4204 4540 3448 3348 3132 2738 1771 1322 2270 280 3650 3976 3629 1181 2564 75 1580 159 1369 1183 207 1173 2343 3774 3010 4628 2308 4694 3566 3888 2914 1112 1790 4542 1019 3641 1582 3862 4721 4869 1281 477 229
3330 563 3079 2196 4549 603 2619 204 2234 178 210 2147 884 1566 4370 1752 1978 4481 2475 4109 3984 2913 2679 2448 2620 2730 2708 1036 355 3305 3234 3264 2057 4903 4821 1530 3116 754 2291 2799 4099 352 3441 4043 940 143 3241 1950 4467 3682 2150 1010 3783 1160 3206 4787 4450 1748 4903 3889 454 949 3565 1971 4306 1962 3072 3455 2337 3341 1277 1896 2456 2343 2604 902 694 2444 2083 2122 2910 3657 3464 979 1755 4457 3064 41 989 1542 1453 4928 2487 1266 543 1662 4104 1559 3244 1217
4513 1591 507 190 4536 3310 51 2940 3955 2566 4739 4430 3526 4744 2570 2591 2559 467 4379 87 1075 428 1326 3732 3551 2708 2874 4554 4628 2446 763 3630 4482 836 4745 4705 3565 1827 4755 1572 4204 3599 1908 4002 4615 858 377 1645 788 1446 2133 1936 1380 4007 4279 2732 3710 2199 524 336 2416 3337 4331 4772 1353 2032 3542 453 2898 4668 3017 2844 460 2661 998 196 2137 2834 283 3219 759 329 270 4562 4878 1192 3307 3899 3790 2437 4798 2107 2838 1684 1756 3371 3632 3491 749 4757
3833 1105 4851 4756 457 4779 2483 3612 4957 4359 3635 1744 2631 3081 2984 3268 1044 4689 3412 2885 337 1544 924 4204 4794 1036 4554 4281 2983 726 3734 3007 560 2154 2396 1240 1705 3443 651 2642 59 3815 4559 4512 116 1494 1243 2602 2614 1030 3235 3138 3619 3519 4636 345 3671 2181 3801 4658 2973 3597 4040 3512 2570 2685 820 1539 1646 2278 4373 3670 3396 922 766 1811 4909 1917 2357 1700 1441 2152 490 1515 201 1426 4340 1567 2567 983 3949 1641 3939 1199 3338 235 3756 1672 271 109
3302 1916 3199 4803 448 2136 1681 4820 2401 2179 4736 3902 3641 560 3230 4119 397 117 25 1645 880 4623 2732 4514 3926 355 4628 2983 1085 3515 2230 4556 1276 1452 766 2198 3094 3486 3297 4801 1323 4103 3095 1211 1781 969 2891 3927 3208 1488 2619 368 3174 2461 3722 4031 2215 3052 855 3188 2857 1076 1063 2757 1233 4926 2680 330 3026 1485 3845 4463 22 3676 1171 2935 502 291 868 3515 2071 1629 1907 506 1744 2205 1581 2849 399 4742 2882 2391 2907 2455 4053 3609 1410 1345 2180 4747
3425 1930 3254 206 3633 3475 3110 2938 4229 3856 2067 3129 626 3831 374 4914 628 4362 943 3810 1843 2379 2774 3045 2394 3305 2446 726 3515 3204 868 3484 3175 3503 2688 4205 4817 4785 3874 3977 1964 576 3436 1988 2744 1387 941 529 945 715 687 1496 795 3056 2633 3683 1135 2119 1183 4487 2122 761 4399 4489 2523 1146 3863 4694 1617 299 4051 1726 4033 4562 1624 3914 4095 2967 317 721 1917 3518 47 4022 3707 4369 178 1018 2881 4686 3113 4163 2856 4922 1637 3171 1319 1526 2462 1462
554 3846 2393 3106 4364 4136 1397 1532 2844 707 3042 4015 2325 1607 2438 28 3601 1135 3598 955 3872 114 1885 1778 1800 3234 763 3734 2230 868 179 2790 1616 2957 2962 3298 393 3846 3792 4742 2884 3822 3744 1337 4855 3203 3076 1079 650 2512 1097 2558 3725 1755 1982 780 4591 3272 3794 167 4991 3704 1068 4831 4862 567 366 460 743 4817 498 877 825 2860 1322 2895 386 1141 1015 2503 1785 2764 3338 2649 142 11 3509 4220 1667 4341 2349 479 582 4336 1945 3161 508 3353 690 3037
2148 3231 3255 2743 3805 3034 1552 2854 1457 124 4725 3003 2074 2066 1185 4650 4430 2476 1451 3827 3901 598 1902 321 345 3264 3630 3007 4556 3484 2790 2094 3617 4767 2758 254 620 4341 1811 3211 2596 4146 4506 158 3591 2492 1983 797 2664 4358 2285 743 799 4626 749 1247 3290 2960 461 3962 2963 872 349 1454 4997 3691 3314 1135 2624 4593 4603 3347 990 1418 190 1823 2206 4736 4681 55 4295 1476 3703 949 2207 2105 2874 1193 1549 2453 1145 3388 2413 4371 1146 2798 4864 3059 4801 715
2512 3051 2168 159 4883 1872 1660 4943 330 3737 3238 2133 1953 4388 777 2204 3690 2457 3767 668 583 3900 2921 2827 2133 2057 4482 560 1276 3175 1616 3617 4042 3252 2022 1218 2984 194 2111 4723 257 4014 3393 662 2260 4173 3468 2291 4744 1107 4062 3091 1605 968 4201 3206 1837 3536 3415 618 2062 4264 2262 947 3711 191 821 2807 2085 2968 1816 1216 2034 2988 2049 4281 2651 3524 2767 3870 577 3579 398 1438 3590 4209 4589 4528 2154 4264 3229 739 4364 2207 4044 341 681 3665 307 656
938 3590 455 406 2335 3828 1812 3661 403 2622 1514 3985 1093 3318 1477 1703 3710 4695 890 3566 318 4859 2881 4542 4361 4903 836 2154 1452 3503 2957 4767 3252 4839 1081 4497 1980 4463 2074 3241 517 3659 627 2631 153 4419 2805 1482 1770 2443 3190 60 1856 2346 2428 3411 433 4311 755 4322 3962 1025 2921 4518 3153 742 182 808 847 2944 1212 3740 935 150 4115 3097 877 3010 221 4544 2977 3304 2057 3839 861 3281 2964 2326 2018 4823 1019 4612 1650 4261 1762 4122 1790 4842 1267 1221
313 801 4704 2489 3448 1298 4951 1424 2225 4474 1495 1894 3604 965 3149 352 144 540 3532 3516 1746 1719 810 4239 2122 4821 4745 2396 766 2688 2962 2758 2022 1081 1034 3477 3476 939 3881 3291 4924 2970 1613 648 2663 4461 67 4449 1021 1773 4148 470 3648 3494 1593 3227 1165 4004 175 34 4488 766 2850 2019 1885 4275 469 1631 4056 3324 4405 88 1591 1207 3011 755 4279 1219 1927 2172 2082 2138 3645 4707 4156 646 2517 4761 1411 4122 441 1904 1722 2965 3948 3367 2535 897 3106 1710
2388 2260 2155 4658 4864 4310 475 4742 3522 504 4907 1762 4115 4011 3837 2911 4700 4268 4763 2603 1850 2115 1377 1187 4084 1530 4705 1240 2198 4205 3298 254 1218 4497 3477 1452 1690 2294 1211 253 3153 2629 3352 4126 2478 3635 3575 4866 4477 4850 3542 4073 1170 3325 3598 3063 1252 3975 3768 2839 4931 2376 4304 4837 1380 214 1244 4291 3923 2364 86 3846 4218 2541 763 2575 1299 2633 4523 2894 669 2095 4128 879 178 1241 4275 4431 4175 580 1321 4412 3812 2154 600 4301 1209 4765 4032 109
2290 2722 2314 598 3315 3875 2816 95 4822 3910 4688 688 1494 223 4635 1518 4417 659 1816 1605 3714 3415 4006 4331 3462 3116 3565 1705 3094 4817 393 620 2984 1980 3476 1690 2542 4999 2768 2686 4773 138 771 3161 4965 3012 3174 205 3963 3140 3295 1804 2124 1195 4488 3470 2749 3882 4624 1258 4709 3279 3812 3356 2124 240 2373 2120 932 3948 1878 3625 4994 1847 3601 3129 2072 2650 4719 3222 3280 3293 646 684 320 4070 2358 3157 172 1180 2361 2762 4438 2443 1427 3323 2936 3762 1942 4166
3484 4149 2614 906 4291 1588 525 1187 2953 3176 3623 290 2698 1924 1980 2789 3973 268 1536 2204 511 3507 4030 2651 2440 754 1827 3443 3486 4785 3846 4341 194 4463 939 2294 4999 4207 532 649 277 998 1652 3231 769 1440 2076 2787 1101 2303 4578 3849 813 4125 734 3276 923 35 3352 2503 1238 3176 583 3834 1435 3210 3784 457 698 3436 933 1456 4474 1408 903 1939 1671 3638 2362 3356 4086 4697 4106 2374 3588 2826 3163 656 2297 3484 4423 3751 1472 4236 259 4391 3938 987 1249 4760
16 1309 441 3508 2224 3526 4764 1132 4152 3356 2709 3735 3543 1153 4034 1590 53 3161 917 89 1380 1309 3322 3885 2840 2291 4755 651 3297 3874 3792 1811 2111 2074 3881 1211 2768 532 1795 2466 2678 2177 876 1456 1356 1218 3977 3704 1760 1497 4607 3591 4533 2138 4017 3342 2063 3262 1603 4125 2173 1576 786 2559 3295 4305 3632 2619 4495 2479 1240 2167 4131 3099 891 4666 2290 4424 2684 1647 1069 4917 4431 4943 531 875 384 449 641 1909 1775 1412 65 774 2265 4383 4572 733 3825 1976
246 4226 459 3094 2672 4756 950 1584 2525 1712 3289 392 3667 4246 1023 519 1551 2534 4299 147 3565 2550 3179 4512 2347 2799 1572 2642 4801 3977 4742 3211 4723 3241 3291 253 2686 649 2466 3934 1991 1420 1705 4659 1595 4810 2764 1874 4408 1526 3047 747 4958 4113 1808 638 2566 1078 122 3885 388 362 418 157 1564 4670 2228 4979 1577 3291 2981 4932 4999 1817 1475 2520 1021 2467 3625 685 1659 1854 636 3906 1101 856 1237 3762 3272 1802 116 3673 1115 4552 1425 4419 4474 2864 2349 2394
396 4170 1616 2588 795 4123 740 4171 4051 3905 3767 4892 1358 2389 2265 4766 4102 270 962 629 1578 3793 982 4011 387 4099 4204 59 1323 1964 2884 2596 257 517 4924 3153 4773 277 2678 1991 880 3303 2764 4714 1981 1504 1567 1253 3844 4161 579 268 1011 3504 4460 2387 2364 772 802 2785 4653 1569 4605 2930 1866 1691 479 4670 483 1312 2169 4622 2687 1482 4288 1007 4832 1047 992 4518 1349 1539 2525 2814 2077 4519 3869 4336 1686 3581 32 4906 2078 989 4159 4187 4950 4919 315 269
2741 3037 95 4138 4546 738 3068 3894 1732 3571 4456 935 639 198 3253 2056 3821 2456 4877 1633 3627 2359 665 3330 4576 352 3599 3815 4103 576 3822 4146 4014 3659 2970 2629 138 998 2177 1420 3303 2061 4760 3500 1740 4713 1024 2957 3836 1826 3710 2258 4005 40 2006 2904 4290 3107 863 3672 4694 1702 3385 2456 1672 249 4165 3676 1111 3108 4304 468 4811 3831 3451 4628 3567 1548 2133 4019 481 3118 3548 1026 235 342 2178 3913 3729 1917 2888 4529 213 654 958 1002 3124 1285 1132 1853
4024 1051 4594 571 4815 1414 1537 1793 1500 1476 4607 1554 216 4681 1192 3937 3861 3214 4488 59 3097 620 3173 1966 4079 3441 1908 4559 3095 3436 3744 4506 3393 627 1613 3352 771 1652 876 1705 2764 4760 1685 649 3101 4878 198 4540 2552 1302 11 693 3298 2367 2555 1608 3026 3552 1002 4046 2325 4640 3669 2544 4900 2580 1811 4349 3122 3384 31 3342 2826 2604 4750 4840 1407 1153 1427 3200 3427 2034 1989 4953 3223 3747 1857 166 1237 2740 3358 2213 3654 4194 439 4612 3528 1606 4015 4325
1029 3152 1670 1372 4332 1286 4611 547 1615 2592 3887 2261 277 169 29 4866 2091 2367 3179 145 2157 4579 2255 1341 2768 4043 4002 4512 1211 1988 1337 158 662 2631 648 4126 3161 3231 1456 4659 4714 3500 649 3618 73 2998 1290 1101 909 2861 3844 610 1789 3878 1940 3368 3572 3651 3461 1692 4291 898 2760 2344 4465 558 697 2866 4655 1194 1012 4832 1566 987 3539 510 4176 4049 2544 4056 2207 2031 3276 3434 3353 2066 2894 1456 4502 4362 336 2264 2760 588 3559 699 2014 1294 1501 1896
2833 1985 2472 2207 488 4675 1478 4411 3176 289 3042 1347 2152 789 481 4587 2766 3661 646 3902 3034 37 4808 4623 1673 940 4615 116 1781 2744 4855 3591 2260 153 2663 2478 4965 769 1356 1595 1981 1740 3101 73 1329 871 2905 4092 4674 129 2847 1035 25 2895 4382 2562 52 1447 95 1550 1717 4506 3842 917 707 196 4539 2597 4796 1958 2436 3820 2962 4730 613 643 941 3494 28 3685 3811 2863 992 4127 4641 386 207 4416 4793 2947 338 4338 2765 4445 2895 1335 482 474 133 3364
3885 480 1338 613 175 257 388 851 2122 1476 2319 4278 4630 2919 4807 135 129 710 4462 2327 1760 4265 519 4112 2597 143 858 1494 969 1387 3203 2492 4173 4419 4461 3635 3012 1440 1218 4810 1504 4713 4878 2998 871 1778 3389 3476 2683 2115 1921 4285 3471 1120 709 4490 3104 1357 2510 534 3200 842 2501 1833 3448 3559 749 655 1457 1495 4943 4636 3880 935 423 3994 309 3229 784 796 1958 3210 2877 1586 856 2816 4108 1933 4257 4924 2454 4224 4325 3349 1026 920 1912 325 4994 1970
1287 881 2459 3349 3573 2158 3146 1061 3599 1049 4638 1589 2753 3574 4618 2470 1029 3738 3955 2641 2293 4383 3079 4213 4017 3241 377 1243 2891 941 3076 1983 3468 2805 67 3575 3174 2076 3977 2764 1567 1024 198 1290 2905 3389 1135 3636 2718 1355 2547 3787 3477 201 566 4733 554 1565 2396 3096 4683 4018 439 4467 4103 3579 934 3213 2840 1483 146 2531 3748 3099 2939 163 4557 3928 2400 49 4114 2802 3742 3465 4693 516 2287 3554 3959 1319 4633 3758 2617 3906 4201 4428 3852 941 469 3839
1916 2954 3320 345 3795 730 2485 3094 4351 693 2721 1332 4788 1234 3917 4414 3299 3874 1966 25 3084 3385 2748 3942 3366 1950 1645 2602 3927 529 1079 797 2291 1482 4449 4866 205 2787 3704 1874 1253 2957 4540 1101 4092 3476 3636 1470 4006 4243 2608 4568 3528 3827 4227 296 3515 3021 1490 21 4264 3028 3558 1632 3637 4679 753 2963 4723 2837 4801 832 211 3609 3649 4745 1690 3505 106 922 1398 3154 3833 1192 3887 3013 2594 2874 2886 2561 1698 2738 3837 4040 938 3222 3933 2738 4616 2818
2707 197 353 45 2522 903 4517 1034 1131 1931 467 213 2138 1528 680 130 3951 988 4533 267 2219 1621 1164 3418 36 4467 788 2614 3208 945 650 2664 4744 1770 1021 4477 3963 1101 1760 4408 3844 3836 2552 909 4674 2683 2718 4006 820 2279 4502 2974 4477 2881 4986 759 1192 3584 2861 1843 4126 2023 1333 1650 1091 646 3240 4778 344 951 606 313 4785 4046 2098 4658 1451 2714 2592 2750 3750 71 3793 3710 4860 2779 952 4716 3802 2360 2261 4913 3067 2312 2181 220 1759 3927 4409 4515
4554 3077 4231 4156 3047 1613 66 3507 3435 853 3468 544 1975 1162 1619 835 3817 4585 1334 545 475 1692 2227 1566 4596 3682 1446 1030 1488 715 2512 4358 1107 2443 1773 4850 3140 2303 1497 1526 4161 1826 1302 2861 129 2115 1355 4243 2279 2981 1348 4607 3038 1930 1581 2743 191 4080 1693 2795 4533 1752 3420 941 2170 4755 4175 1953 2794 952 2509 4281 3603 4897 4111 4057 1849 339 1024 4262 1611 4261 1565 366 1451 1204 3616 2009 2392 4481 2410 424 4234 299 2977 1018 3337 3428 542 1601
3268 627 1880 2220 1711 3058 3774 4847 1280 3511 4144 4307 3155 2886 2029 3979 3544 3826 1645 1507 1173 652 1580 2332 2950 2150 2133 3235 2619 687 1097 2285 4062 3190 4148 3542 3295 4578 4607 3047 579 3710 11 3844 2847 1921 2547 2608 4502 1348 1575 4312 2050 1816 1810 4499 4838 634 2365 4578 3349 4549 3423 4075 2824 789 756 1346 4034 1853 3884 4601 3031 3995 4793 3412 203 1864 3293 411 4569 3725 1414 4115 1260 2345 129 841 691 696 174 1958 1279 4368 4517 310 4822 640 153 4545
48 3941 4576 3835 1447 2616 1378 2618 153 270 4484 4151 2825 757 3974 2152 3062 3447 3688 796 4661 2912 33 1846 4416 1010 1936 3138 368 1496 2558 743 3091 60 470 4073 1804 3849 3591 747 268 2258 693 610 1035 4285 3787 4568 2974 4607 4312 3818 3673 3669 3207 3363 2527 1413 4647 461 1496 4901 2430 3823 3649 4376 1978 2028 1469 2721 2157 1357 1695 2295 4489 2163 1041 4775 4675 34 1270 3782 2100 3570 4276 3906 2506 4588 3136 2252 3891 2163 3801 1191 2446 1968 569 3769 3987 1947
3798 2462 854 1234 4198 4336 3286 3894 2291 163 3879 536 2995 4369 3330 3025 4582 2995 4179 3555 785 2696 3567 3991 1116 3783 1380 3619 3174 795 3725 799 1605 1856 3648 1170 2124 813 4533 4958 1011 4005 3298 1789 25 3471 3477 3528 4477 3038 2050 3673 620 2338 2386 674 4619 3409 2690 1637 3314 4109 3433 1306 4414 4125 2429 4940 299 3491 4670 2654 3862 265 2807 4062 3669 2244 946 2031 4816 404 336 3575 992 3632 3478 4908 58 1432 1857 3529 536 1081 882 914 3656 3545 753 1066
4479 4137 196 2823 4337 3525 90 864 3457 1779 904 4373 4675 379 4701 3033 2254 3628 2344 454 2469 2615 2700 2646 176 1160 4007 3519 2461 3056 1755 4626 968 2346 3494 3325 1195 4125 2138 4113 3504 40 2367 3878 2895 1120 201 3827 2881 1930 1816 3669 2338 3773 4954 3070 3254 4822 3269 4182 4330 1797 4185 4923 1298 129 860 1899 469 621 4835 285 4098 3083 1859 1374 1664 561 3904 2668 267 4367 4545 584 2222 2861 2609 3036 101 18 375 3798 1506 693 4690 896 2075 1366 4442 441
2250 2538 4384 4003 4458 3021 2666 2797 1950 711 2428 3676 673 2559 4194 4140 4889 908 2916 3168 3532 4531 1489 4329 4733 3206 4279 4636 3722 2633 1982 749 4201 2428 1593 3598 4488 734 4017 1808 4460 2006 2555 1940 4382 709 566 4227 4986 1581 1810 3207 2386 4954 4132 298 1688 4225 2822 4510 2650 4911 1504 3579 743 1062 1476 1147 3396 1450 319 1200 298 3085 1706 3711 4087 4884 1187 4711 2671 3466 3094 1680 3229 2488 271 3835 4655 1230 1447 1400 2426 389 3344 3752 4462 491 2651 3792
1234 4095 4502 2234 3437 3898 1570 4532 1612 1512 1502 2026 3724 3073 609 4718 2101 1295 3980 2265 3407 3979 3301 3340 1330 4787 2732 345 4031 3683 780 1247 3206 3411 3227 3063 3470 3276 3342 638 2387 2904 1608 3368 2562 4490 4733 296 759 2743 4499 3363 674 3070 298 546 3645 2328 2260 935 3453 4983 291 4075 2789 2592 1492 4315 374 4895 3970 3432 1854 98 1812 2804 2877 3770 3940 3334 4312 3794 3119 1208 3461 3290 3304 124 4891 3698 1371 994 455 4938 94 3262 1772 673 2870 2837
527 2509 3317 4853 4860 2675 3678 794 3180 1137 3245 3713 2955 2234 2437 2334 1435 1079 249 1091 3580 2893 4318 2913 106 4450 3710 3671 2215 1135 4591 3290 1837 433 1165 1252 2749 923 2063 2566 2364 4290 3026 3572 52 3104 554 3515 1192 191 4838 2527 4619 3254 1688 3645 142 4004 1905 3533 152 4901 1391 609 3905 4550 1807 2061 3574 1755 682 4665 2132 3936 4654 2548 3608 1192 4972 3717 1724 2951 1589 616 2110 263 3718 2758 3203 1103 859 2114 2792 3300 2471 123 467 1903 4853 659
1519 1501 4526 565 567 4557 602 2705 2647 2389 4301 1791 1356 509 4786 3937 2227 1497 2796 2490 618 1301 1763 675 4204 1748 2199 2181 3052 2119 3272 2960 3536 4311 4004 3975 3882 35 3262 1078 772 3107 3552 3651 1447 1357 1565 3021 3584 4080 634 1413 3409 4822 4225 2328 4004 3892 4953 1109 260 1663 1871 2503 3165 4329 3724 3572 3470 3611 823 1821 3718 646 853 2149 4115 2835 4501 2216 4821 2797 2305 165 323 1582 4178 2355 4479 3852 2370 1534 3928 887 817 531 3374 222 2899 2881
4638 3619 3444 3573 2309 4374 3620 3016 3397 3377 1771 733 100 3080 3636 3370 658 44 2806 525 4121 749 4727 3260 4540 4903 524 3801 855 1183 3794 461 3415 755 175 3768 4624 3352 1603 122 802 863 1002 3461 95 2510 2396 1490 2861 1693 2365 4647 2690 3269 2822 2260 1905 4953 3578 3589 4420 4057 3869 1737 383 2908 346 4804 1900 1539 2430 2793 731 820 1523 2921 2301 100 1972 2173 3325 3575 4505 1304 3515 297 2279 3540 1580 2889 2610 3617 4369 1425 2741 2667 3472 2463 970 3208
3291 4441 2158 316 3865 2876 611 2813 619 4060 2457 2373 2159 2416 3128 4021 4737 358 2747 3196 954 790 1580 1437 3448 3889 336 4658 3188 4487 167 3962 618 4322 34 2839 1258 2503 4125 3885 2785 3672 4046 1692 1550 534 3096 21 1843 2795 4578 461 1637 4182 4510 935 3533 1109 3589 4314 4153 1511 3107 990 56 265 4145 4655 1082 3201 2819 2828 2634 1369 2680 213 2818 3569 2208 2329 4361 831 3643 1543 2442 2134 2160 3004 2862 2968 4902 2022 132 4761 42 2206 2682 2172 1069 4736
2081 2393 344 1842 3262 2274 2549 2199 2038 2845 2654 3684 2199 2673 3427 4280 2497 4394 2612 4746 3846 138 1161 2313 3348 454 2416 2973 2857 2122 4991 2963 2062 3962 4488 4931 4709 1238 2173 388 4653 4694 2325 4291 1717 3200 4683 4264 4126 4533 3349 1496 3314 4330 2650 3453 152 260 4420 4153 3294 748 776 1095 4832 558 2264 2227 1842 4211 2706 186 3636 4628 4369 2750 4888 3250 1240 1156 3762 4242 1244 4776 4585 2578 4268 3332 3587 2346 2249 3706 4233 2488 3624 2779 4239 579 1572 4916
389 4694 3874 4520 3266 2200 4096 3677 3280 708 2992 4331 2063 2107 4337 4034 3918 2029 2933 4186 2255 562 47 3916 3132 949 3337 3597 1076 761 3704 872 4264 1025 766 2376 3279 3176 1576 362 1569 1702 4640 898 4506 842 4018 3028 2023 1752 4549 4901 4109 1797 4911 4983 4901 1663 4057 1511 748 415 1618 4058 2008 4560 907 894 4706 280 3024 1138 1466 1875 1662 57 2006 4423 2431 474 2908 1349 1971 631 1114 1245 2270 1591 1587 4023 4404 4440 4824 3166 223 664 3362 3605 3226 2527
3734 2505 1480 759 1836 4469 4975 1778 3122 3270 288 4416 474 4486 4046 2395 1264 4645 1811 718 2338 812 3919 1517 2738 3565 4331 4040 1063 4399 1068 349 2262 2921 2850 4304 3812 583 786 418 4605 3385 3669 2760 3842 2501 439 3558 1333 3420 3423 2430 3433 4185 1504 291 1391 1871 3869 3107 776 1618 2472 4566 1293 1832 4389 4928 2152 1111 2963 1751 2638 4369 1279 2211 1043 1808 1457 4934 1869 725 372 1710 2414 3324 796 148 109 3075 4999 723 4970 2175 3823 2518 4121 2641 4695 1355
1191 3443 1924 4464 2996 1970 477 2577 377 989 4918 2184 4506 1075 1690 2142 3294 777 621 4792 4029 3905 530 3413 1771 1971 4772 3512 2757 4489 4831 1454 947 4518 2019 4837 3356 3834 2559 157 2930 2456 2544 2344 917 1833 4467 1632 1650 941 4075 3823 1306 4923 3579 4075 609 2503 1737 990 1095 4058 4566 2624 3342 1805 3061 75 2827 1306 2407 2623 2964 169 92 4557 1186 2338 1619 1544 2289 3148 1828 1771 3799 926 1206 2252 4437 4186 3608 1944 1572 2532 3152 2814 4785 2650 961 3513
4996 4205 3722 4268 1653 3444 2793 3688 1401 4172 1679 428 3894 4179 2539 4930 911 2910 3887 1240 4342 4184 4641 2303 1322 4306 1353 2570 1233 2523 4862 4997 3711 3153 1885 1380 2124 1435 3295 1564 1866 1672 4900 4465 707 3448 4103 3637 1091 2170 2824 3649 4414 1298 743 2789 3905 3165 383 56 4832 2008 1293 3342 4330 829 90 4490 2251 1718 3175 89 2343 2069 421 3156 2677 27 279 4144 3863 1843 498 1019 705 1864 923 2898 1944 2366 2814 2908 3031 1976 1115 3692 992 259 1452 3456
4388 665 2208 418 495 266 380 3497 2358 1380 3667 3051 4316 651 3725 2678 4583 47 3496 1018 4831 2965 3405 499 2270 1962 2032 2685 4926 1146 567 3691 191 742 4275 214 240 3210 4305 4670 1691 249 2580 558 196 3559 3579 4679 646 4755 789 4376 4125 129 1062 2592 4550 4329 2908 265 558 4560 1832 1805 829 1390 2596 2387 4544 4395 1152 4308 4117 4411 4330 2736 1353 4281 2675 2092 3990 3246 2615 2977 3029 2407 4404 355 4913 1098 1718 3842 3000 3205 4022 1190 3588 2664 2405 4337
4240 1395 3622 4714 4690 4342 3159 4945 1241 4739 2769 2176 2459 3780 1828 2568 4266 3883 3584 2890 389 1223 3589 1270 280 3072 3542 820 2680 3863 366 3314 821 182 469 1244 2373 3784 3632 2228 479 4165 1811 697 4539 749 934 753 3240 4175 756 1978 2429 860 1476 1492 1807 3724 346 4145 2264 907 4389 3061 90 2596 1255 2230 500 205 3568 3293 4246 255 3701 4126 1632 2455 515 3303 3296 3680 4702 1647 923 3225 3029 3592 645 3343 4525 4788 3341 2787 62 3009 474 2481 4150 4778
3122 3468 4118 3294 2192 1237 1162 3002 707 2529 4039 858 3277 4787 1976 4362 1634 2064 1547 1424 2212 4447 2184 4949 3650 3455 453 1539 330 4694 460 1135 2807 808 1631 4291 2120 457 2619 4979 4670 3676 4349 2866 2597 655 3213 2963 4778 1953 1346 2028 4940 1899 1147 4315 2061 3572 4804 4655 2227 894 4928 75 4490 2387 2230 3305 1887 3024 37 2208 4808 122 1005 4547 1391 4820 4910 3303 4461 903 4498 149 4424 1580 68 2401 1228 3985 1392 1093 2721 3530 189 1958 559 2034 4157 3329
1277 3396 2168 4274 1103 3706 2094 2778 173 3223 4201 3353 1837 1760 3703 1496 1752 985 3993 4895 1723 1007 1507 251 3976 2337 2898 1646 3026 1617 743 2624 2085 847 4056 3923 932 698 4495 1577 483 1111 3122 4655 4796 1457 2840 4723 344 2794 4034 1469 299 469 3396 374 3574 3470 1900 1082 1842 4706 2152 2827 2251 4544 500 1887 18 3887 1319 596 2338 2042 3682 1556 2616 3146 4445 2092 4974 2231 3004 4931 4349 559 2231 3897 894 4246 1104 3304 696 1975 956 4250 1858 4515 1017 2496
1792 1405 3060 1735 648 3096 2229 4374 2139 1425 4605 840 3276 2945 121 3207 1216 635 2036 4586 2362 3378 3404 3175 3629 3341 4668 2278 1485 299 4817 4593 2968 2944 3324 2364 3948 3436 2479 3291 1312 3108 3384 1194 1958 1495 1483 2837 951 952 1853 2721 3491 621 1450 4895 1755 3611 1539 3201 4211 280 1111 1306 1718 4395 205 3024 3887 1689 3252 3306 4992 2205 3211 3903 2325 4670 3491 163 1009 2684 1632 4959 1763 1982 3747 1000 3765 2826 2337 3244 567 1548 4656 4465 4916 671 4225 4194
4274 1380 3638 4723 4770 309 750 322 3913 2689 2296 1306 1399 1058 4895 3721 3939 3019 446 721 2374 1837 2079 392 1181 1277 3017 4373 3845 4051 498 4603 1816 1212 4405 86 1878 933 1240 2981 2169 4304 31 1012 2436 4943 146 4801 606 2509 3884 2157 4670 4835 319 3970 682 823 2430 2819 2706 3024 2963 2407 3175 1152 3568 37 1319 3252 3851 3554 2353 4898 115 4136 1402 3118 1725 4166 779 2467 716 305 3273 4819 221 3214 3379 1077 1706 1749 4688 2065 145 4809 3414 4324 1183 4033
2642 4321 2615 3276 4767 4715 699 1489 813 1677 1362 772 1468 3628 2263 2750 1217 289 4926 4336 4143 4381 176 3138 2564 1896 2844 3670 4463 1726 877 3347 1216 3740 88 3846 3625 1456 2167 4932 4622 468 3342 4832 3820 4636 2531 832 313 4281 4601 1357 2654 285 1200 3432 4665 1821 2793 2828 186 1138 1751 2623 89 4308 3293 2208 596 3306 3554 2096 2210 3161 4491 3624 335 294 1844 283 1511 778 2685 3202 2834 4216 3207 373 2323 629 1242 4120 292 4712 3973 3626 3262 2413 2559 3118
4132 1642 1190 3126 4978 1352 3471 842 460 79 1127 1371 4559 2024 2167 343 4320 1747 3449 900 4513 3234 3882 3814 75 2456 460 3396 22 4033 825 990 2034 935 1591 4218 4994 4474 4131 4999 2687 4811 2826 1566 2962 3880 3748 211 4785 3603 3031 1695 3862 4098 298 1854 2132 3718 731 2634 3636 1466 2638 2964 2343 4117 4246 4808 2338 4992 2353 2210 1108 4172 1294 2305 1832 3324 4347 619 2545 238 3191 4610 812 670 2443 4041 2556 691 1315 3318 675 1862 3995 617 1977 4064 129 2889
4520 477 2972 2392 3646 3016 2171 906 186 1823 1224 899 1282 916 778 4165 220 4030 2122 3190 995 4949 1248 522 1580 2343 2661 922 3676 4562 2860 1418 2988 150 1207 2541 1847 1408 3099 1817 1482 3831 2604 987 4730 935 3099 3609 4046 4897 3995 2295 265 3083 3085 98 3936 646 820 1369 4628 1875 4369 169 2069 4411 255 122 2042 2205 4898 3161 4172 4673 4067 3454 947 785 3191 2675 2166 371 4919 4695 1414 1043 2797 2569 2510 4814 346 3042 1883 2576 4910 3483 4928 242 513 2155
3743 907 4242 1194 1539 4625 1406 1292 1130 4275 2093 2367 65 2272 4338 870 1161 2852 3703 1216 1403 159 1244 1325 159 2604 998 766 1171 1624 1322 190 2049 4115 3011 763 3601 903 891 1475 4288 3451 4750 3539 613 423 2939 3649 2098 4111 4793 4489 2807 1859 1706 1812 4654 853 1523 2680 4369 1662 1279 92 421 4330 3701 1005 3682 3211 115 4491 1294 4067 4365 3697 3081 1294 4896 2832 2821 2904 3941 2002 1405 1791 3585 3091 2746 4727 3770 4271 1286 1877 1095 2457 1065 4690 2384 3857
1823 1033 1034 4856 4032 152 1775 531 3167 2801 4857 1488 2245 2061 1618 3266 4686 1433 4755 3491 11 765 4716 986 1369 902 196 1811 2935 3914 2895 1823 4281 3097 755 2575 3129 1939 4666 2520 1007 4628 4840 510 643 3994 163 4745 4658 4057 3412 2163 4062 1374 3711 2804 2548 2149 2921 213 2750 57 2211 4557 3156 2736 4126 4547 1556 3903 4136 3624 2305 3454 3697 552 4075 3140 3242 4409 1982 703 822 404 2855 878 2264 1968 1714 4330 3888 383 2301 3926 1615 3419 779 4058 527 1628
2701 2932 38 1772 4719 4972 1426 443 978 903 201 3338 2222 1331 2804 3329 3156 2702 2154 186 443 3609 2948 4481 1183 694 2137 4909 502 4095 386 2206 2651 877 4279 1299 2072 1671 2290 1021 4832 3567 1407 4176 941 309 4557 1690 1451 1849 203 1041 3669 1664 4087 2877 3608 4115 2301 2818 4888 2006 1043 1186 2677 1353 1632 1391 2616 2325 1402 335 1832 947 3081 4075 2690 168 3629 3482 3532 1495 2462 2206 1746 337 774 3961 1217 1524 2882 2638 1889 924 336 1561 1837 366 4362 4072
3544 28 4766 2451 524 3188 376 2529 1772 3901 4631 3556 57 535 117 4036 2077 3655 1772 1840 2864 4373 699 2167 207 2444 2834 1917 291 2967 1141 4736 3524 3010 1219 2633 2650 3638 4424 2467 1047 1548 1153 4049 3494 3229 3928 3505 2714 339 1864 4775 2244 561 4884 3770 1192 2835 100 3569 3250 4423 1808 2338 27 4281 2455 4820 3146 4670 3118 294 3324 785 1294 3140 168 2297 4556 984 1051 1564 2789 4902 276 3317 3232 3396 2000 4129 1432 3775 4575 3759 3788 4658 2509 2674 2943 1222
2324 3300 3735 930 4711 3438 1413 3692 4048 3614 2138 2170 922 1404 2277 2255 4871 481 76 243 1241 2050 2514 911 1173 2083 283 2357 868 317 1015 4681 2767 221 1927 4523 4719 2362 2684 3625 992 2133 1427 2544 28 784 2400 106 2592 1024 3293 4675 946 3904 1187 3940 4972 4501 1972 2208 1240 2431 1457 1619 279 2675 515 4910 4445 3491 1725 1844 4347 3191 4896 3242 3629 4556 879 3544 4112 4454 2920 427 3340 4034 3289 3136 2191 1410 1625 1369 3604 2257 697 4467 2505 718 2813 2025
3460 2855 4601 3364 873 3814 1420 4720 1571 3447 4481 2391 1248 3946 2565 1353 3087 3733 4800 4868 1832 2694 4857 3564 2343 2122 3219 1700 3515 721 2503 55 3870 4544 2172 2894 3222 3356 1647 685 4518 4019 3200 4056 3685 796 49 922 2750 4262 411 34 2031 2668 4711 3334 3717 2216 2173 2329 1156 474 4934 1544 4144 2092 3303 3303 2092 163 4166 283 619 2675 2832 4409 3482 984 3544 53 3955 2501 2919 842 2948 3767 455 2695 1374 2499 2812 166 134 216 2456 371 3231 4816 2786 4535
3156 4427 4346 2517 4969 3553 1428 4620 794 2849 1155 4981 4373 2532 1925 3085 766 3433 3802 2839 1700 1769 4828 3672 3774 2910 759 1441 2071 1917 1785 4295 577 2977 2082 669 3280 4086 1069 1659 1349 481 3427 2207 3811 1958 4114 1398 3750 1611 4569 1270 4816 267 2671 4312 1724 4821 3325 4361 3762 2908 1869 2289 3863 3990 3296 4461 4974 1009 779 1511 2545 2166 2821 1982 3532 1051 4112 3955 2248 2187 2290 1406 2973 3143 806 3722 4135 2949 2099 3025 772 739 547 4117 1612 436 115 36
1892 2682 2052 2167 790 4354 4656 552 1539 1157 2628 2781 2922 4066 1898 2107 2147 909 2654 4812 1960 1600 3523 1770 3010 3657 329 2152 1629 3518 2764 1476 3579 3304 2138 2095 3293 4697 4917 1854 1539 3118 2034 2031 2863 3210 2802 3154 71 4261 3725 3782 404 4367 3466 3794 2951 2797 3575 831 4242 1349 725 3148 1843 3246 3680 903 2231 2684 2467 778 238 371 2904 703 1495 1564 4454 2501 2187 1733 717 1663 1800 1310 3034 3161 2950 2517 4171 2017 3819 1448 2556 621 2616 4844 2985 629
2648 2854 3561 712 2422 775 1248 544 1785 1141 790 3171 1931 750 2102 4242 4453 352 1022 4480 1556 4690 3268 144 4628 3464 270 490 1907 47 3338 3703 398 2057 3645 4128 646 4106 4431 636 2525 3548 1989 3276 992 2877 3742 3833 3793 1565 1414 2100 336 4545 3094 3119 1589 2305 4505 3643 1244 1971 372 1828 498 2615 4702 4498 3004 1632 716 2685 3191 4919 3941 822 2462 2789 2920 2919 2290 717 4237 1572 4981 3516 4259 4213 2756 3966 4294 1838 4732 4288 1642 4135 1840 2418 2123 2628
2077 2179 477 3657 2914 1540 2389 1505 2088 3436 869 3176 1540 1233 542 642 2878 426 2118 2523 1658 2013 2112 680 2308 979 4562 1515 506 4022 2649 949 1438 3839 4707 879 684 2374 4943 3906 2814 1026 4953 3434 4127 1586 3465 1192 3710 366 4115 3570 3575 584 1680 1208 616 165 1304 1543 4776 631 1710 1771 1019 2977 1647 149 4931 4959 305 3202 4610 4695 2002 404 2206 4902 427 842 1406 1663 1572 1846 1582 1538 2618 2226 1097 1847 3367 4339 2732 1094 11 353 900 4999 913 1332
3497 3838 4506 429 558 4258 1575 1183 4807 2015 786 2270 849 2790 1160 4446 1130 4086 4736 129 3695 3830 2398 3599 4694 1755 4878 201 1744 3707 142 2207 3590 861 4156 178 320 3588 531 1101 2077 235 3223 3353 4641 856 4693 3887 4860 1451 1260 4276 992 2222 3229 3461 2110 323 3515 2442 4585 1114 2414 3799 705 3029 923 4424 4349 1763 3273 2834 812 1414 1405 2855 1746 276 3340 2948 2973 1800 4981 1582 4267 1772 286 1476 3252 2169 2146 2523 4661 4723 483 2185 2227 2298 2821 4373
2040 2992 2250 1845 3913 1561 2879 4752 1962 181 2161 1416 731 1251 3591 4712 4471 4407 3324 1066 709 2238 3592 3041 3566 4457 1192 1426 2205 4369 11 2105 4209 3281 646 1241 4070 2826 875 856 4519 342 3747 2066 386 2816 516 3013 2779 1204 2345 3906 3632 2861 2488 3290 263 1582 297 2134 2578 1245 3324 926 1864 2407 3225 1580 559 1982 4819 4216 670 1043 1791 878 337 3317 4034 3767 3143 1310 3516 1538 1772 1146 3352 2120 3186 4957 3657 347 3729 4672 4862 1909 58 1608 3808 446
1390 4392 2641 2911 1119 1897 3843 3200 4148 1137 2646 1762 914 3587 4908 1640 4184 4833 986 1218 1716 3798 3774 496 3888 3064 3307 4340 1581 178 3509 2874 4589 2964 2517 4275 2358 3163 384 1237 3869 2178 1857 2894 207 4108 2287 2594 952 3616 129 2506 3478 2609 271 3304 3718 4178 2279 2160 4268 2270 796 1206 923 4404 3029 68 2231 3747 221 3207 2443 2797 3585 2264 774 3232 3289 455 806 3034 4259 2618 286 3352 1754 2924 283 4039 3327 2236 3903 143 448 3017 3291 699 822 1860
4080 4789 207 4186 2638 3134 4104 2829 4821 60 2295 4322 1416 869 1622 3828 4688 2365 893 2892 4202 162 2429 835 2914 41 3899 1567 2849 1018 4220 1193 4528 2326 4761 4431 3157 656 449 3762 4336 3913 166 1456 4416 1933 3554 2874 4716 2009 841 4588 4908 3036 3835 124 2758 2355 3540 3004 3332 1591 148 2252 2898 355 3592 2401 3897 1000 3214 373 4041 2569 3091 1968 3961 3396 3136 2695 3722 3161 4213 2226 1476 2120 2924 3541 4967 1931 1654 4047 3124 3341 2380 1491 83 704 4820 2019
1301 3838 2004 3330 1370 855 4368 2959 1670 1696 138 2702 3897 969 2075 2733 1370 2711 4823 2757 795 3574 4312 26 1112 989 3790 2567 399 2881 1667 1549 2154 2018 1411 4175 172 2297 641 3272 1686 3729 1237 4502 4793 4257 3959 2886 3802 2392 691 3136 58 101 4655 4891 3203 4479 1580 2862 3587 1587 109 4437 1944 4913 645 1228 894 3765 3379 2323 2556 2510 2746 1714 1217 2000 2191 1374 4135 2950 2756 1097 3252 3186 283 4967 3064 3798 3654 147 1119 173 3522 1074 1272 732 1730 2883
3853 3192 4332 2398 3655 2802 3312 2313 3236 164 739 4031 3768 1824 633 4820 3380 1318 1991 943 3334 1127 520 1163 1790 1542 2437 983 4742 4686 4341 2453 4264 4823 4122 580 1180 3484 1909 1802 3581 1917 2740 4362 2947 4924 1319 2561 2360 4481 696 2252 1432 18 1230 3698 1103 3852 2889 2968 2346 4023 3075 4186 2366 1098 3343 3985 4246 2826 1077 629 691 4814 4727 4330 1524 4129 1410 2499 2949 2517 3966 1847 2169 4957 4039 1931 3798 555 1863 4844 429 1667 2480 3971 2173 615 323 3694
645 4336 854 575 2695 1993 2727 340 1017 460 1027 365 2819 586 262 630 729 3549 4409 1698 366 1156 3561 1640 4542 1453 4798 3949 2882 3113 2349 1145 3229 1019 441 1321 2361 4423 1775 116 32 2888 3358 336 338 2454 4633 1698 2261 2410 174 3891 1857 375 1447 1371 859 2370 2610 4902 2249 4404 4999 3608 2814 1718 4525 1392 1104 2337 1706 1242 1315 346 3770 3888 2882 1432 1625 2812 2099 4171 4294 3367 2146 3657 3327 1654 3654 1863 4699 4578 1758 1907 1065 2755 1105 3279 1060 2473
2430 4967 3823 210 3002 3955 4379 302 4921 934 2668 2958 3730 4288 4894 1497 4879 1635 828 4614 4545 3969 1866 896 1019 4928 2107 1641 2391 4163 479 3388 739 4612 1904 4412 2762 3751 1412 3673 4906 4529 2213 2264 4338 4224 3758 2738 4913 424 1958 2163 3529 3798 1400 994 2114 1534 3617 2022 3706 4440 723 1944 2908 3842 4788 1093 3304 3244 1749 4120 3318 3042 4271 383 2638 3775 1369 166 3025 2017 1838 4339 2523 347 2236 4047 147 4844 4578 4030 3307 2788 1587 430 4186 1777 4319 2614
3303 1513 3289 204 3311 239 2842 1898 3061 1498 2111 1037 1939 432 2975 3738 13 438 293 3664 692 3406 614 1149 3641 2487 2838 3939 2907 2856 582 2413 4364 1650 1722 3812 4438 1472 65 1115 2078 213 3654 2760 2765 4325 2617 3837 3067 4234 1279 3801 536 1506 2426 455 2792 3928 4369 132 4233 4824 4970 1572 3031 3000 3341 2721 696 567 4688 292 675 1883 1286 2301 1889 4575 3604 134 772 3819 4732 2732 4661 3729 3903 3124 1119 429 1758 3307 3652 398 4107 4749 135 4761 848 3325
1789 4634 3857 3908 3253 4303 854 4854 4835 2356 3716 2451 3003 4113 3925 1644 3989 3672 979 73 1089 2213 1122 3905 1582 1266 1684 1199 2455 4922 4336 4371 2207 4261 2965 2154 2443 4236 774 4552 989 654 4194 588 4445 3349 3906 4040 2312 299 4368 1191 1081 693 389 4938 3300 887 1425 4761 2488 3166 2175 2532 1976 3205 2787 3530 1975 1548 2065 4712 1862 2576 1877 3926 924 3759 2257 216 739 1448 4288 1094 4723 4672 143 3341 173 1667 1907 2788 398 3040 289 1848 1373 2316 3837 935
3710 819 835 4222 1770 3470 3703 2230 1373 693 4791 1716 1343 3553 3980 2201 3318 4771 1254 4181 2100 1745 3973 3713 3862 543 1756 3338 4053 1637 1945 1146 4044 1762 3948 600 1427 259 2265 1425 4159 958 439 3559 2895 1026 4201 938 2181 2977 4517 2446 882 4690 3344 94 2471 817 2741 42 3624 223 3823 3152 1115 4022 62 189 956 4656 145 3973 3995 4910 1095 1615 336 3788 697 2456 547 2556 1642 11 483 4862 448 2380 3522 2480 1065 1587 4107 289 1818 4485 4577 692 1079 118
2519 277 4630 190 4422 4546 2202 160 2550 4475 4656 4543 3913 4648 2026 2906 3568 2055 131 3208 2627 457 2210 4723 4721 1662 3371 235 3609 3171 3161 2798 341 4122 3367 4301 3323 4391 4383 4419 4187 1002 4612 699 1335 920 4428 3222 220 1018 310 1968 914 896 3752 3262 123 531 2667 2206 2779 664 2518 2814 3692 1190 3009 1958 4250 4465 4809 3626 617 3483 2457 3419 1561 4658 4467 371 4117 621 4135 353 2185 1909 3017 1491 1074 3971 2755 430 4749 1848 4485 208 2210 2651 4776 2087
1476 2074 4527 2679 3935 4100 476 3049 4931 56 4058 3950 178 3365 294 3286 2999 1030 3136 3537 3659 1080 3338 3826 4869 4104 3632 3756 1410 1319 508 4864 681 1790 2535 1209 2936 3938 4572 4474 4950 3124 3528 2014 482 1912 3852 3933 1759 3337 4822 569 3656 2075 4462 1772 467 3374 3472 2682 4239 3362 4121 4785 992 3588 474 559 1858 4916 3414 3262 1977 4928 1065 779 1837 2509 2505 3231 1612 2616 1840 900 2227 58 3291 83 1272 2173 1105 4186 135 1373 4577 2210 173 4052 4151 4148
2344 4265 2417 1560 4302 4057 3192 3720 3156 2324 411 2291 147 2726 263 1059 2783 1397 709 826 3655 4687 739 1742 1281 1559 3491 1672 1345 1526 3353 3059 3665 4842 897 4765 3762 987 733 2864 4919 1285 1606 1294 474 325 941 2738 3927 3428 640 3769 3545 1366 491 673 1903 222 2463 2172 579 3605 2641 2650 259 2664 2481 2034 4515 671 4324 2413 4064 242 4690 4058 366 2674 718 4816 436 4844 2418 4999 2298 1608 699 704 732 615 3279 1777 4761 2316 692 2651 4052 605 4736 4184
3379 4011 1205 2186 1296 4061 4979 2747 4353 3078 547 4323 1641 90 2489 61 2688 1206 2022 2693 693 861 2081 4416 477 3244 749 271 2180 2462 690 4801 307 1267 3106 4032 1942 1249 3825 2349 315 1132 4015 1501 133 4994 469 4616 4409 542 153 3987 753 4442 2651 2870 4853 2899 970 1069 1572 3226 4695 961 1452 2405 4150 4157 1017 4225 1183 2559 129 513 2384 527 4362 2943 2813 2786 115 2985 2123 913 2821 3808 822 4820 1730 323 1060 4319 848 3837 1079 4776 4151 4736 69 914
1810 2224 4695 2149 134 3536 3685 835 945 3149 1544 77 3461 3732 1410 4707 2568 4855 1896 3606 2100 4200 1403 525 229 1217 4757 109 4747 1462 3037 715 656 1221 1710 109 4166 4760 1976 2394 269 1853 4325 1896 3364 1970 3839 2818 4515 1601 4545 1947 1066 441 3792 2837 659 2881 3208 4736 4916 2527 1355 3513 3456 4337 4778 3329 2496 4194 4033 3118 2889 2155 3857 1628 4072 1222 2025 4535 36 629 2628 1332 4373 446 1860 2019 2883 3694 2473 2614 3325 935 118 2087 4148 4184 914 2937
