N: 50
M: 10
Symmetric: true
Triangle: false
5 24 36 30 18 42
8 46 25 15 31 27 9 48 21
3 22 39 32
3 19 23 45
5 6 38 29 37 5
7 41 49 50 28 47 4 35
5 2 13 17 10 7
5 8 33 26 11 20
1 16
8 12 44 3 1 43 34 14 40
3000 3975 1101 2444 2528 4258 608 2283 4178 3923 1741 384 4850 4475 120 22 424 1890 138 2649 4518 264 2678 3744 4951 1465 4637 2799 551 4402 2372 155 2315 4924 2564 4868 722 492 612 3223 4746 2842 3007 1326 616 2661 3208 929 2345 1482
3975 484 2527 345 1969 3280 2990 3631 2828 912 4793 2819 3262 4883 3045 4404 1799 2616 4216 3100 3148 668 3159 1844 3924 56 1229 4099 3688 3776 708 1997 2994 2456 1785 2227 1409 1872 3972 2068 37 2485 1674 189 1314 2625 4793 4450 2360 1887
1101 2527 1905 3032 81 655 3655 2236 1526 1458 613 3208 2020 4796 2445 3667 2432 2871 2680 3532 3010 430 3209 1293 475 3925 4476 656 3375 860 1398 1071 2578 2537 660 3347 326 2138 1505 2392 2452 692 331 215 2139 372 3046 1809 3198 114
2444 345 3032 3520 1028 3009 676 4551 1525 1776 900 4391 1963 699 2375 1263 4772 248 2740 3272 4164 1818 1742 3720 266 2149 664 1167 3644 4457 3143 2732 2205 478 318 4004 4071 3400 854 1054 1999 3482 1985 988 1117 2865 3173 114 2275 1859
2528 1969 81 1028 806 2021 488 1686 2126 186 682 4654 4181 120 2108 2495 518 1302 2197 3602 866 2989 1669 2439 1470 4007 873 1560 3674 919 550 4627 2180 699 4531 83 4388 2926 2376 4440 2495 392 4636 4002 4091 4663 4350 4795 869 1774
4258 3280 655 3009 2021 105 256 2492 2694 4763 4181 335 2938 1306 4779 3859 694 903 1869 4601 745 1370 4474 3737 4967 4338 4185 535 3827 3311 128 2976 3323 1452 3827 3339 1003 4468 4109 2319 1223 4927 2005 1941 3980 4579 3484 3822 2292 3292
608 2990 3655 676 488 256 1899 3760 2899 1165 2318 1733 2921 1402 3606 1376 3567 4317 1157 516 4917 457 4221 543 3775 4071 3834 1680 3916 3704 3331 1095 523 4465 14 1919 434 3199 1360 702 415 2353 3319 2508 1465 141 2217 3211 3203 2760
2283 3631 2236 4551 1686 2492 3760 2796 2490 1545 3426 3569 3255 2896 2455 3121 2177 2548 2851 1657 4351 2718 2099 4260 4596 3168 1284 1876 3979 3424 120 569 2315 2064 3963 3388 2617 1046 229 2724 4520 910 942 2294 164 2897 3382 820 1548 3890
4178 2828 1526 1525 2126 2694 2899 2490 1473 849 1520 2235 416 4125 1427 2957 4011 912 1643 545 983 4364 3097 1849 368 357 810 2713 3362 3604 188 4863 3994 2753 1758 4704 3250 780 812 2317 2345 4311 991 675 594 4235 1299 2883 4291 3907
3923 912 1458 1776 186 4763 1165 1545 849 644 1747 1771 3409 2295 3491 877 436 2931 336 1516 3497 2657 4018 3411 3218 3832 4738 4276 39 4217 4743 4588 2763 2509 4398 3494 592 1864 3932 1549 180 313 2921 2400 4186 3706 4735 361 3537 3280
1741 4793 613 900 682 4181 2318 3426 1520 1747 1884 2934 2943 1898 2593 4669 1170 4648 3049 2703 4440 845 3820 1824 4841 4658 722 3593 4880 3675 69 680 407 2463 693 3032 4030 54 1003 1879 2403 4655 3655 1354 4038 98 2578 311 2308 3804
384 2819 3208 4391 4654 335 1733 3569 2235 1771 2934 3554 1995 2115 3062 783 20 2420 1153 313 2544 4507 1660 2864 3428 2461 3851 825 490 3086 2981 1603 3082 4953 1078 947 4532 3350 3339 1485 613 2392 931 436 570 3460 4072 4056 2865 1636
4850 3262 2020 1963 4181 2938 2921 3255 416 3409 2943 1995 3691 3490 508 3279 669 1812 2207 40 715 2918 3515 2219 948 1817 1965 1758 3258 3316 1853 1796 4150 2882 4997 2606 1625 3122 2247 980 2852 1579 2786 2978 2465 2215 683 301 1295 1127
4475 4883 4796 699 120 1306 1402 2896 4125 2295 1898 2115 3490 729 593 3100 1381 1629 274 1780 4837 4846 2727 3571 1648 4843 1963 14 198 3063 1997 657 4792 4710 3693 212 2749 1914 3178 1862 2280 1080 440 3546 410 1689 4411 445 432 715
120 3045 2445 2375 2108 4779 3606 2455 1427 3491 2593 3062 508 593 3616 1151 2745 1154 3124 2383 2577 2730 574 374 1006 4976 1284 4523 3761 2520 2162 666 3487 1776 212 4757 1162 1835 1455 4865 1129 2465 1547 4482 4085 4088 2286 3097 1381 1962
22 4404 3667 1263 2495 3859 1376 3121 2957 877 4669 783 3279 3100 1151 2248 4260 1002 3812 770 2189 3433 397 2458 1633 1168 4009 4923 435 2538 2257 3664 3419 1102 1300 1470 3045 940 1828 3488 2552 641 35 504 687 2680 4357 4445 4415 1474
424 1799 2432 4772 518 694 3567 2177 4011 436 1170 20 669 1381 2745 4260 2895 836 984 974 3448 4520 4105 4849 39 3668 4553 67 2276 2845 1303 3492 20 4400 3320 447 3396 2132 4138 1544 103 2490 1081 1534 1421 2743 3847 1336 4080 3848
1890 2616 2871 248 1302 903 4317 2548 912 2931 4648 2420 1812 1629 1154 1002 836 2488 1916 4068 4791 76 1482 812 1002 2948 4288 2217 3217 875 1791 1259 2988 3838 3301 1084 187 1304 3509 2821 3038 3566 3601 3417 4752 1455 1035 3546 2370 2424
138 4216 2680 2740 2197 1869 1157 2851 1643 336 3049 1153 2207 274 3124 3812 984 1916 4234 1854 161 2572 1117 698 2195 4313 896 578 1828 2992 2136 2324 3253 4179 4193 3506 4026 2382 3716 4631 2730 853 2683 4199 843 2406 1139 2377 3984 3922
2649 3100 3532 3272 3602 4601 516 1657 545 1516 2703 313 40 1780 2383 770 974 4068 1854 1568 3756 2399 773 3968 2654 1176 2046 487 4442 2840 4554 3401 4288 3517 1091 1741 240 1234 585 3356 842 726 3000 96 4566 1868 1462 3077 3028 2712
4518 3148 3010 4164 866 745 4917 4351 983 3497 4440 2544 715 4837 2577 2189 3448 4791 161 3756 3521 4544 2431 2337 1183 73 4300 1641 2373 144 2804 2301 2532 3383 3053 2783 566 2677 3596 2576 3430 2720 4852 4202 2727 724 2008 1278 1843 1146
264 668 430 1818 2989 1370 457 2718 4364 2657 845 4507 2918 4846 2730 3433 4520 76 2572 2399 4544 604 3359 587 912 3663 3260 3432 2775 3916 1408 4658 2283 1587 1980 3318 625 827 4504 2179 4228 4278 1834 1728 4668 133 3567 2886 1738 99
2678 3159 3209 1742 1669 4474 4221 2099 3097 4018 3820 1660 3515 2727 574 397 4105 1482 1117 773 2431 3359 3485 2598 4624 393 3513 4868 4317 2293 3239 3286 1731 4568 678 3654 1568 3958 2143 2912 1109 3897 2375 4806 627 4534 1931 3502 1324 806
3744 1844 1293 3720 2439 3737 543 4260 1849 3411 1824 2864 2219 3571 374 2458 4849 812 698 3968 2337 587 2598 2219 4230 1914 3642 363 3092 1776 3776 2523 1031 39 1683 2789 4263 2650 2086 1463 953 4711 3222 12 4017 4648 3975 4582 28 777
4951 3924 475 266 1470 4967 3775 4596 368 3218 4841 3428 948 1648 1006 1633 39 1002 2195 2654 1183 912 4624 4230 2706 2202 1373 1178 256 3311 2337 3997 1718 1930 2038 878 707 459 1053 4515 901 1485 4149 3434 2196 3460 548 3135 4924 455
1465 56 3925 2149 4007 4338 4071 3168 357 3832 4658 2461 1817 4843 4976 1168 3668 2948 4313 1176 73 3663 393 1914 2202 3887 3557 990 2246 2786 325 3376 903 4627 4391 684 2096 4296 1483 2452 2867 3700 730 4031 708 681 1636 561 4908 2772
4637 1229 4476 664 873 4185 3834 1284 810 4738 722 3851 1965 1963 1284 4009 4553 4288 896 2046 4300 3260 3513 3642 1373 3557 2153 2046 2488 938 1897 1938 3002 3872 310 4160 1374 4548 3514 1035 1969 231 4765 2070 330 4403 2610 3016 1815 2150
2799 4099 656 1167 1560 535 1680 1876 2713 4276 3593 825 1758 14 4523 4923 67 2217 578 487 1641 3432 4868 363 1178 990 2046 2067 4347 2316 3088 2660 1523 327 4651 1040 1823 1465 1761 2282 1332 2512 1560 206 1247 4450 4482 2371 4280 2053
551 3688 3375 3644 3674 3827 3916 3979 3362 39 4880 490 3258 198 3761 435 2276 3217 1828 4442 2373 2775 4317 3092 256 2246 2488 4347 1479 816 2570 2936 4612 3518 3699 4624 2866 1954 4881 1312 671 4976 4088 1239 2085 2611 3317 1131 3960 4435
4402 3776 860 4457 919 3311 3704 3424 3604 4217 3675 3086 3316 3063 2520 2538 2845 875 2992 2840 144 3916 2293 1776 3311 2786 938 2316 816 361 3351 3550 4124 1740 3569 4853 2236 3002 4402 3557 2008 3847 414 1589 633 3150 284 3313 2450 1345
2372 708 1398 3143 550 128 3331 120 188 4743 69 2981 1853 1997 2162 2257 1303 1791 2136 4554 2804 1408 3239 3776 2337 325 1897 3088 2570 3351 579 2122 1033 2438 199 3576 10 4476 1548 209 1404 2058 1242 3879 4536 4217 4442 3452 356 4505
155 1997 1071 2732 4627 2976 1095 569 4863 4588 680 1603 1796 657 666 3664 3492 1259 2324 3401 2301 4658 3286 2523 3997 3376 1938 2660 2936 3550 2122 1963 2371 1562 4371 3618 3139 2578 809 3463 1346 2877 3770 1510 3559 4557 3104 2380 2440 2170
2315 2994 2578 2205 2180 3323 523 2315 3994 2763 407 3082 4150 4792 3487 3419 20 2988 3253 4288 2532 2283 1731 1031 1718 903 3002 1523 4612 4124 1033 2371 3524 2417 1004 4813 4434 4924 2696 63 4187 4699 246 4764 1641 4857 1462 107 2063 1276
4924 2456 2537 478 699 1452 4465 2064 2753 2509 2463 4953 2882 4710 1776 1102 4400 3838 4179 3517 3383 1587 4568 39 1930 4627 3872 327 3518 1740 2438 1562 2417 1482 4906 3828 957 1419 2106 1114 1603 1728 2277 2912 4046 3290 3180 4198 1245 3470
2564 1785 660 318 4531 3827 14 3963 1758 4398 693 1078 4997 3693 212 1300 3320 3301 4193 1091 3053 1980 678 1683 2038 4391 310 4651 3699 3569 199 4371 1004 4906 4207 1699 2122 4657 4502 1849 2185 2136 1082 2915 762 3183 1347 4002 4535 3591
4868 2227 3347 4004 83 3339 1919 3388 4704 3494 3032 947 2606 212 4757 1470 447 1084 3506 1741 2783 3318 3654 2789 878 684 4160 1040 4624 4853 3576 3618 4813 3828 1699 3029 30 1077 1071 4045 3110 1236 3032 3767 4310 1480 676 4069 3573 3228
722 1409 326 4071 4388 1003 434 2617 3250 592 4030 4532 1625 2749 1162 3045 3396 187 4026 240 566 625 1568 4263 707 2096 1374 1823 2866 2236 10 3139 4434 957 2122 30 2141 835 957 3300 1848 4949 4690 2278 3869 1881 2482 1257 3871 3876
492 1872 2138 3400 2926 4468 3199 1046 780 1864 54 3350 3122 1914 1835 940 2132 1304 2382 1234 2677 827 3958 2650 459 4296 4548 1465 1954 3002 4476 2578 4924 1419 4657 1077 835 3615 4393 3556 811 1959 3234 416 661 4359 3973 2899 2341 3312
612 3972 1505 854 2376 4109 1360 229 812 3932 1003 3339 2247 3178 1455 1828 4138 3509 3716 585 3596 4504 2143 2086 1053 1483 3514 1761 4881 4402 1548 809 2696 2106 4502 1071 957 4393 1057 3254 3523 4367 1171 4670 2176 3656 3022 313 3581 2699
3223 2068 2392 1054 4440 2319 702 2724 2317 1549 1879 1485 980 1862 4865 3488 1544 2821 4631 3356 2576 2179 2912 1463 4515 2452 1035 2282 1312 3557 209 3463 63 1114 1849 4045 3300 3556 3254 3574 2086 820 1362 3803 1698 1537 4219 3488 2762 3632
4746 37 2452 1999 2495 1223 415 4520 2345 180 2403 613 2852 2280 1129 2552 103 3038 2730 842 3430 4228 1109 953 901 2867 1969 1332 671 2008 1404 1346 4187 1603 2185 3110 1848 811 3523 2086 543 3103 1799 4626 406 3340 934 856 4247 3318
2842 2485 692 3482 392 4927 2353 910 4311 313 4655 2392 1579 1080 2465 641 2490 3566 853 726 2720 4278 3897 4711 1485 3700 231 2512 4976 3847 2058 2877 4699 1728 2136 1236 4949 1959 4367 820 3103 538 482 3726 644 437 791 3357 2662 654
3007 1674 331 1985 4636 2005 3319 942 991 2921 3655 931 2786 440 1547 35 1081 3601 2683 3000 4852 1834 2375 3222 4149 730 4765 1560 4088 414 1242 3770 246 2277 1082 3032 4690 3234 1171 1362 1799 482 4605 4680 2037 2071 874 3643 3951 2739
1326 189 215 988 4002 1941 2508 2294 675 2400 1354 436 2978 3546 4482 504 1534 3417 4199 96 4202 1728 4806 12 3434 4031 2070 206 1239 1589 3879 1510 4764 2912 2915 3767 2278 416 4670 3803 4626 3726 4680 510 3206 3362 1971 375 4352 1398
616 1314 2139 1117 4091 3980 1465 164 594 4186 4038 570 2465 410 4085 687 1421 4752 843 4566 2727 4668 627 4017 2196 708 330 1247 2085 633 4536 3559 1641 4046 762 4310 3869 661 2176 1698 406 644 2037 3206 4217 440 820 116 943 4677
2661 2625 372 2865 4663 4579 141 2897 4235 3706 98 3460 2215 1689 4088 2680 2743 1455 2406 1868 724 133 4534 4648 3460 681 4403 4450 2611 3150 4217 4557 4857 3290 3183 1480 1881 4359 3656 1537 3340 437 2071 3362 440 3058 2366 1467 1712 4259
3208 4793 3046 3173 4350 3484 2217 3382 1299 4735 2578 4072 683 4411 2286 4357 3847 1035 1139 1462 2008 3567 1931 3975 548 1636 2610 4482 3317 284 4442 3104 1462 3180 1347 676 2482 3973 3022 4219 934 791 874 1971 820 2366 979 4797 4566 2994
929 4450 1809 114 4795 3822 3211 820 2883 361 311 4056 301 445 3097 4445 1336 3546 2377 3077 1278 2886 3502 4582 3135 561 3016 2371 1131 3313 3452 2380 107 4198 4002 4069 1257 2899 313 3488 856 3357 3643 375 116 1467 4797 4310 1084 3100
2345 2360 3198 2275 869 2292 3203 1548 4291 3537 2308 2865 1295 432 1381 4415 4080 2370 3984 3028 1843 1738 1324 28 4924 4908 1815 4280 3960 2450 356 2440 2063 1245 4535 3573 3871 2341 3581 2762 4247 2662 3951 4352 943 1712 4566 1084 4499 2443
1482 1887 114 1859 1774 3292 2760 3890 3907 3280 3804 1636 1127 715 1962 1474 3848 2424 3922 2712 1146 99 806 777 455 2772 2150 2053 4435 1345 4505 2170 1276 3470 3591 3228 3876 3312 2699 3632 3318 654 2739 1398 4677 4259 2994 3100 2443 4774
