12 32.30 86.40
30 33.43 112.02
50 35.22 92.38
135 38.52 121.50
185 39.75 104.87
212 41.73 72.65
218 39.13 75.47
221 38.85 77.04
265 30.38 84.37
275 33.65 84.42
295 43.57 116.22
346 39.85 89.67
357 39.73 86.27
364 41.53 93.65
395 39.07 95.62
402 38.05 85.00
411 30.53 91.15
437 44.32 69.80
452 39.18 76.67
462 42.37 71.03
497 42.77 84.60
534 44.93 93.05
546 32.32 90.08
558 38.60 92.17
588 46.60 112.00
616 40.85 96.75
645 39.50 119.78
651 43.20 71.50
670 40.28 74.82
690 35.62 106.08
697 42.75 73.80
749 35.87 78.78
755 46.77 100.75
775 40.00 82.88
797 35.40 97.60
827 44.92 123.00
839 40.22 76.85
859 41.73 71.43
864 33.95 81.12
885 44.38 100.28
901 36.12 86.68
906 30.30 97.70
991 40.78 111.97
996 44.20 72.57
1014 37.50 77.33
1032 46.97 122.90
1054 38.37 81.60
1070 43.13 89.33
1083 41.15 104.82