1 33.58 85.85
2 32.67 85.44
3 33.57 86.75
4 32.90 87.25
5 31.32 85.45
6 31.28 85.72
7 33.97 86.09
8 34.65 86.77
9 32.38 86.37
10 30.68 88.25
11 30.63 88.07
12 32.30 86.40
13 34.75 87.62
14 32.34 86.99
15 31.87 86.02
16 33.23 87.62
17 32.17 110.88
18 33.68 112.08
19 31.45 109.6
20 33.47 111.73
21 35.13 111.67
22 31.60 110.35
23 33.55 113.17
24 33.42 112.38
25 35.95 112.15
26 35.27 113.95
27 33.53 112.38
28 36.93 111.45
29 34.23 111.33
30 33.43 112.02
31 34.65 112.43
32 32.82 109.68
33 33.62 111.92
34 34.27 110.00
35 34.27 110.00
36 32.12 110.93
37 33.30 111.67
38 35.02 110.73
39 33.10 115.00
40 32.65 114.62
41 32.85 114.40
42 35.97 89.95
43 33.52 92.40
44 33.22 92.80
45 36.00 94.17
46 35.33 94.37
47 36.27 93.15
48 34.48 93.10
49 35.83 90.65
50 35.22 92.38
51 34.92 92.15
52 34.83 92.25
53 34.17 91.93
54 36.18 94.13
55 33.45 94.00
56 36.13 90.93
57 37.78 122.32
58 41.48 120.53
59 40.98 124.10
60 35.43 119.05
61 39.13 121.45
62 33.93 116.95
63 35.28 116.62
64 34.27 116.68
65 37.60 118.60
66 39.28 120.70
67 33.62 114.72
68 34.20 118.37
69 33.30 117.35
70 32.62 116.47
71 33.13 117.28
72 37.38 120.57
73 39.78 121.85
74 35.68 117.68
75 33.97 117.63
76 37.98 122.05
77 41.78 124.23
78 34.87 116.78
79 34.90 117.88
80 32.82 115.68
81 34.08 118.03
82 33.67 117.73
83 41.33 124.28
84 36.00 121.32
85 36.68 121.77
86 36.77 119.72
87 33.87 117.97
88 34.58 117.38
89 33.92 118.33
90 37.65 122.12
91 32.83 115.57
92 32.57 117.12
93 34.10 117.78
94 38.90 120.00
95 34.73 118.22
96 36.33 119.95
97 37.70 121.82
98 33.82 118.15
99 33.78 118.05
100 33.90 118.40
101 37.60 118.92
102 33.80 117.27
103 39.10 121.57
104 38.57 121.30
105 38.67 121.40
106 37.28 120.52
107 32.87 117.15
108 37.63 120.95
109 37.42 122.05
110 35.05 118.15
111 41.73 122.53
112 36.58 121.85
113 41.32 122.32
114 34.23 118.07
115 38.22 122.28
116 34.77 114.62
117 32.70 117.20
118 34.10 117.23
119 37.73 122.22
120 34.05 117.62
121 34.20 119.20
122 33.83 116.50
123 35.05 118.13
124 37.47 122.12
125 35.67 120.63
126 37.83 122.83
127 34.12 119.12
128 39.58 124.22
129 34.95 121.12
130 35.67 121.28
131 36.12 121.47
132 40.15 122.25
133 40.50 122.30
134 33.95 117.45
135 38.52 121.50
136 38.70 121.60
137 36.67 121.60
138 37.52 122.25
139 33.42 117.62
140 33.02 118.58
141 32.82 117.13
142 32.73 117.17
143 32.57 116.98
144 32.57 116.98
145 32.82 116.97
146 37.75 122.68
147 37.62 122.38
148 37.37 121.92
149 37.33 121.82
150 35.23 120.65
151 33.38 117.58
152 34.03 120.40
153 33.25 119.45
154 34.75 118.73
155 33.67 117.88
156 34.43 119.83
157 34.90 120.45
158 34.02 118.45
159 38.52 122.82
160 40.03 124.07
161 41.78 122.47
162 37.90 121.25
163 35.33 117.10
164 40.63 120.95
165 33.63 116.17
166 33.80 118.33
167 38.27 121.93
168 39.32 120.13
169 33.70 117.83
170 34.28 116.15
171 39.13 123.20
172 34.22 118.48
173 35.20 120.95
174 35.20 120.95
175 36.32 119.40
176 39.52 105.35
177 40.17 103.22
178 37.45 105.87
179 39.22 106.87
180 39.90 105.12
181 39.72 104.75
182 38.82 104.72
183 37.30 108.63
184 40.50 107.53
185 39.75 104.87
186 37.15 107.75
187 39.65 106.92
188 39.57 104.83
189 38.68 104.77
190 39.57 105.50
191 40.45 105.02
192 40.58 105.08
193 39.12 108.53
194 40.43 104.63
195 38.55 106.93
196 38.55 106.92
197 38.05 103.52
198 38.12 102.60
199 39.25 106.30
200 39.18 103.70
201 38.50 107.88
202 38.50 107.88
203 38.28 104.52
204 39.53 107.80
205 38.53 106.05
206 40.48 106.82
207 37.25 104.33
208 40.00 105.87
209 41.17 73.13
210 41.37 73.48
211 41.33 72.05
212 41.73 72.65
213 41.22 72.67
214 41.27 72.88
215 41.27 72.90
216 41.30 72.08
217 41.93 72.68
218 39.13 75.47
219 39.67 75.60
220 38.95 77.46
221 38.85 77.04
222 29.73 85.03
223 29.12 81.57
224 28.08 81.55
225 28.47 80.55
226 30.22 81.88
227 30.78 86.52
228 29.62 83.10
229 29.18 81.05
230 30.65 86.52
231 30.48 86.53
232 27.60 82.77
233 26.13 80.13
234 26.58 81.87
235 26.07 80.15
236 26.65 81.87
237 29.68 82.27
238 25.48 80.38
239 30.43 86.68
240 30.33 81.52
241 30.50 81.70
242 30.23 81.68
243 24.55 81.75
244 24.57 81.68
245 28.03 81.95
246 27.85 82.52
247 30.84 85.18
248 30.40 81.42
249 28.10 80.63
250 25.82 80.28
251 25.92 80.28
252 25.65 80.43
253 26.13 81.80
254 28.62 80.68
255 28.43 81.32
256 28.55 81.33
257 30.20 85.68
258 28.23 80.60
259 30.35 87.32
260 30.47 87.20
261 27.97 82.60
262 27.92 82.68
263 28.78 81.25
264 27.40 82.55
265 30.38 84.37
266 27.97 82.53
267 28.52 80.80
268 30.07 85.58
269 27.65 80.42
270 26.68 80.12
271 30.72 87.02
272 31.53 84.18
273 31.53 82.52
274 33.95 83.32
275 33.65 84.42
276 33.65 84.42
277 33.88 84.30
278 33.78 84.52
279 33.37 81.97
280 31.15 81.38
281 32.52 84.93
282 33.92 84.52
283 34.53 84.87
284 32.33 85.00
285 31.88 81.57
286 32.02 81.15
287 33.01 85.07
288 32.70 83.65
289 30.97 83.20
290 32.63 83.60
291 34.35 85.17
292 32.13 81.20
293 30.78 83.28
294 31.25 82.40
295 43.57 116.22
296 42.53 113.77
297 44.52 114.22
298 47.77 116.82
299 45.82 115.43
300 43.00 115.17
301 45.92 116.13
302 43.52 112.07
303 46.38 117.02
304 42.17 112.32
305 42.30 113.37
306 44.88 116.10
307 43.05 115.87
308 47.47 115.80
309 42.92 112.60
310 45.18 113.90
311 45.17 114.47
312 42.65 111.58
313 43.50 114.30
314 42.48 114.48
315 38.88 90.05
316 41.77 88.32
317 38.57 90.15
318 40.48 88.93
319 41.16 89.60
320 37.07 89.22
321 37.78 89.25
322 38.51 89.09
323 40.03 88.28
324 41.90 87.65
325 41.87 87.62
326 41.78 87.75
327 41.98 87.90
328 40.20 87.60
329 41.93 88.72
330 39.83 88.87
331 41.92 88.25
332 40.93 90.43
333 42.08 87.82
334 41.07 87.85
335 40.52 90.66
336 37.75 89.00
337 41.37 88.68
338 39.48 88.28
339 41.45 90.52
340 38.32 88.86
341 40.67 89.68
342 39.93 91.20
343 42.20 89.10
344 38.63 88.96
345 38.55 89.85
346 39.85 89.67
347 41.74 89.67
348 39.53 89.33
349 38.99 89.17
350 39.38 86.50
351 39.13 86.62
352 41.72 86.00
353 38.05 87.53
354 41.00 85.20
355 41.62 87.42
356 40.65 86.15
357 39.73 86.27
358 40.23 85.38
359 41.70 86.32
360 39.45 87.30
361 40.42 86.93
362 40.78 91.12
363 41.88 91.70
364 41.53 93.65
365 42.40 90.70
366 43.40 94.75
367 42.55 94.18
368 40.62 93.93
369 43.15 93.33
370 41.10 92.45
371 42.40 96.38
372 43.17 95.15
373 42.55 92.40
374 37.67 95.48
375 37.75 97.22
376 39.55 97.65
377 37.77 99.97
378 37.00 101.88
379 38.33 96.20
380 39.37 94.92
381 39.05 96.77
382 37.93 100.72
383 39.37 101.70
384 38.85 99.27
385 39.38 99.83
386 38.07 97.87
387 38.82 94.88
388 37.05 100.97
389 39.15 96.67
390 37.62 97.27
391 37.30 98.58
392 38.85 94.90
393 38.87 98.82
394 38.80 97.65
395 39.07 95.62
396 38.95 95.67
397 37.65 97.43
398 36.97 86.43
399 36.67 87.50
400 37.90 85.97
401 37.60 83.32
402 38.05 85.00
403 37.08 84.07
404 38.23 85.67
405 38.18 85.73
406 37.75 87.17
407 37.07 88.77
408 37.48 82.52
409 31.38 92.30
410 32.50 93.67
411 30.53 91.15
412 29.55 89.67
413 29.78 93.30
414 31.22 92.95
415 31.33 92.55
416 28.47 91.78
417 31.05 93.20
418 29.18 90.07
419 28.22 93.75
420 28.13 94.40
421 29.57 90.65
422 29.73 92.12
423 30.20 92.00
424 30.12 93.22
425 29.70 91.10
426 28.78 89.05
427 32.52 92.05
428 29.70 91.20
429 30.03 91.88
430 29.98 90.25
431 29.83 90.02
432 30.03 90.03
433 28.30 91.98
434 32.52 93.75
435 32.47 93.82
436 30.35 89.82
437 44.32 69.80
438 44.80 68.82
439 44.45 68.37
440 43.88 69.93
441 46.87 68.02
442 45.45 69.55
443 45.78 69.63
444 46.13 67.78
445 46.95 67.88
446 43.65 70.32
447 46.68 68.05
448 44.07 69.12
449 44.88 70.88
450 38.82 76.87
451 39.18 76.67
452 39.18 76.67
453 39.33 76.42
454 39.08 76.77
455 39.70 77.72
456 38.55 75.13
457 38.28 76.40
458 39.47 76.17
459 38.33 75.50
460 42.47 71.28
461 42.58 70.92
462 42.37 71.03
463 41.78 70.50
464 41.67 69.97
465 42.57 71.60
466 41.67 70.28
467 42.72 71.12
468 41.40 70.62
469 41.25 70.07
470 41.68 70.97
471 42.18 71.18
472 41.65 70.52
473 42.26 73.18
474 42.15 70.93
475 42.17 72.72
476 42.20 72.53
477 42.27 71.87
478 45.07 83.57
479 42.22 83.75
480 42.30 85.23
481 42.13 86.43
482 46.25 84.47
483 43.07 85.95
484 47.47 87.85
485 42.42 83.02
486 42.23 83.33
487 45.73 87.08
488 42.97 83.75
489 42.88 85.52
490 47.17 88.50
491 43.83 82.53
492 44.37 84.68
493 45.82 88.12
494 46.53 90.13
495 42.27 84.47
496 42.23 85.55
497 42.77 84.60
498 44.27 86.25
499 46.88 87.95
500 45.12 87.63
501 43.17 86.25
502 45.57 84.80
503 42.67 83.42
504 43.53 84.08
505 46.47 84.37
506 46.35 87.40
507 42.62 82.83
508 45.92 85.92
509 44.73 85.58
510 44.45 83.40
511 42.23 83.53
512 43.68 93.37
513 45.87 95.38
514 47.50 94.93
515 46.40 94.13
516 46.82 95.88
517 46.83 92.18
518 47.90 91.82
519 43.65 94.42
520 46.30 96.07
521 47.22 93.52
522 47.38 92.85
523 48.57 93.38
524 45.13 94.52
525 44.22 93.92
526 44.45 95.82
527 44.83 93.47
528 45.07 93.38
529 44.88 93.22
530 46.90 95.07
531 46.60 94.32
532 44.55 95.08
533 43.92 92.50
534 44.93 93.05
535 45.55 94.07
536 48.07 96.18
537 47.58 90.83
538 48.93 95.35
539 43.65 95.58
540 33.65 88.45
541 33.45 88.58
542 33.48 90.98
543 33.50 90.08
544 30.40 89.07
545 31.47 89.33
546 32.32 90.08
547 30.42 88.92
548 31.67 89.17
549 31.18 90.47
550 32.55 88.57
551 32.33 88.75
552 31.62 91.25
553 34.39 89.54
554 34.27 88.77
555 38.82 92.22
556 37.23 89.58
557 37.75 92.13
558 38.60 92.17
559 37.17 94.50
560 39.32 94.72
561 39.12 94.60
562 40.10 92.55
563 37.33 94.35
564 35.66 95.36
565 36.77 90.47
566 38.85 94.55
567 40.25 93.72
568 37.23 93.38
569 40.28 95.53
570 38.75 90.37
571 38.65 90.63
572 38.13 91.77
573 37.22 92.42
574 36.88 91.90
575 38.73 93.55
576 45.80 108.53
577 45.78 111.15
578 45.67 105.67
579 45.95 112.50
580 48.60 112.37
581 45.25 112.55
582 46.67 113.15
583 48.22 106.62
584 47.13 104.80
585 47.48 111.37
586 46.43 109.83
587 48.55 109.77
588 46.60 112.00
589 47.33 106.93
590 48.30 114.27
591 47.05 109.45
592 45.70 110.43
593 47.50 111.18
594 46.43 105.87
595 46.92 114.08
596 44.57 112.32
597 47.72 104.18
598 47.60 115.37
599 44.65 111.10
600 44.68 111.12
601 48.10 105.58
602 42.58 99.98
603 42.05 102.80
604 40.32 96.75
605 41.43 99.65
606 41.78 99.15
607 42.83 103.08
608 41.45 97.35
609 40.87 100.00
610 40.07 95.58
611 40.97 98.32
612 40.60 98.43
613 40.33 101.39
614 40.53 101.63
615 40.73 99.00
616 40.85 96.75
617 40.22 100.58
618 42.05 101.05
619 41.98 97.43
620 41.37 96.02
621 41.13 100.68
622 42.47 98.68
623 41.12 95.92
624 41.30 95.90
625 41.62 98.95
626 41.87 103.60
627 41.10 102.98
628 42.87 100.55
629 39.83 117.13
630 39.50 117.08
631 40.62 116.87
632 37.62 114.52
633 40.83 115.78
634 39.28 114.85
635 39.50 115.97
636 39.42 118.70
637 38.55 118.63
638 36.53 115.57
639 36.57 115.67
640 36.08 115.17
641 40.10 118.92
642 36.62 116.02
643 36.23 115.03
644 42.58 116.17
645 39.50 119.78
646 38.07 117.08
647 41.33 116.25
648 40.90 117.80
649 37.58 116.08
650 44.58 71.18
651 43.20 71.50
652 42.80 72.00
653 42.90 72.27
654 43.57 71.43
655 43.63 72.30
656 42.93 71.43
657 44.27 71.30
658 42.78 71.52
659 43.08 70.82
660 44.00 71.38
661 39.45 74.57
662 40.28 74.28
663 40.87 74.28
664 40.03 74.35
665 40.02 74.60
666 39.37 75.07
667 40.80 74.42
668 40.70 74.17
669 40.85 74.05
670 40.28 74.82
671 35.05 106.60
672 34.38 103.32
673 32.33 104.27
674 36.45 103.15
675 34.10 105.68
676 36.02 106.95
677 32.25 107.70
678 36.75 108.23
679 35.52 108.78
680 35.17 107.90
681 32.68 103.20
682 32.85 106.10
683 32.30 106.77
684 35.65 105.15
685 35.88 106.28
686 34.98 106.05
687 32.90 106.40
688 36.74 104.50
689 33.30 104.53
690 35.62 106.08
691 32.63 108.17
692 34.07 106.90
693 36.42 105.57
694 33.23 107.27
695 35.18 103.60
696 32.63 106.40
697 42.75 73.80
698 40.75 74.37
699 42.22 75.98
700 42.93 78.73
701 42.97 78.20
702 42.17 76.90
703 40.73 73.43
704 44.05 75.73
705 43.35 73.62
706 43.23 75.40
707 40.78 73.10
708 42.48 76.47
709 42.15 79.25
710 44.93 74.85
711 41.70 74.80
712 40.77 73.98
713 40.65 73.78
714 40.77 73.90
715 41.50 74.10
716 43.10 78.95
717 44.68 75.40
718 42.87 75.12
719 44.65 73.47
720 41.63 73.88
721 43.12 77.67
722 43.12 77.67
723 44.38 74.20
724 42.85 73.93
725 43.12 76.12
726 43.15 75.38
727 44.00 76.02
728 40.85 72.63
729 41.07 73.72
730 35.43 82.55
731 35.27 75.55
732 35.22 80.93
733 34.90 76.88
734 36.13 76.50
735 35.25 75.50
736 36.27 76.18
737 35.00 78.88
738 35.13 78.93
739 36.08 79.95
740 35.75 81.38
741 35.90 82.82
742 34.82 77.62
743 35.32 77.63
744 35.03 79.50
745 35.92 75.68
746 35.08 77.05
747 34.70 77.43
748 35.17 79.02
749 35.87 78.78
750 35.85 77.88
751 35.33 77.97
752 35.24 79.39
753 34.27 77.92
754 36.13 80.23
755 46.77 100.75
756 48.12 98.90
757 48.10 98.87
758 46.78 102.80
759 46.90 96.80
760 47.95 97.18
761 47.97 97.40
762 46.92 98.68
763 46.10 97.15
764 48.42 101.35
765 48.27 101.28
766 47.75 101.83
767 48.18 103.63
768 39.21 82.23
769 40.92 81.43
770 39.05 84.67
771 39.10 84.43
772 41.52 81.68
773 41.57 81.48
774 41.42 81.87
775 40.00 82.88
776 40.08 83.07
777 39.90 84.20
778 41.02 83.67
779 40.82 82.52
780 39.82 82.93
781 41.60 83.80
782 41.63 81.40
783 39.83 84.05
784 41.27 80.67
785 39.95 81.90
786 34.67 99.27
787 34.30 97.02
788 36.75 96.00
789 35.35 99.20
790 36.38 97.80
791 34.65 98.40
792 36.30 99.77
793 35.00 99.05
794 34.57 98.42
795 34.88 95.78
796 35.23 97.47
797 35.40 97.60
798 35.53 97.65
799 34.68 94.62
800 36.73 97.10
801 36.16 97.09
802 35.42 97.38
803 36.20 95.90
804 36.33 97.92
805 46.15 123.88
806 45.25 122.75
807 44.83 117.82
808 42.08 124.47
809 43.60 118.95
810 43.38 124.95
811 45.68 121.88
812 44.50 123.28
813 44.12 123.22
814 45.53 122.95
815 42.15 121.73
816 45.28 118.00
817 42.18 120.35
818 45.50 118.40
819 42.37 122.87
820 44.63 124.05
821 43.42 124.25
822 44.02 117.02
823 45.68 118.85
824 45.60 122.60
825 44.27 121.15
826 43.23 123.37
827 44.92 123.00
828 42.62 123.37
829 45.62 121.15
830 45.55 122.40
831 40.65 75.43
832 40.30 78.32
833 40.75 80.33
834 40.27 79.09
835 41.80 78.63
836 41.18 78.90
837 42.08 80.18
838 41.38 79.87
839 40.22 76.85
840 40.37 77.42
841 40.32 78.83
842 40.13 76.30
843 40.28 79.40
844 40.20 76.77
845 40.43 76.57
846 40.08 75.02
847 39.88 75.25
848 41.47 78.13
849 40.35 79.93
850 40.50 80.22
851 40.38 75.97
852 39.73 77.43
853 40.85 77.83
854 41.33 75.73
855 41.25 76.92
856 40.20 75.15
857 41.17 71.58
858 41.60 71.42
859 41.73 71.43
860 41.36 71.25
861 34.50 82.72
862 32.48 80.72
863 32.90 80.03
864 33.95 81.12
865 34.18 79.72
866 34.85 82.35
867 34.90 82.22
868 33.92 80.80
869 33.68 78.93
870 33.82 78.72
871 33.97 80.47
872 34.92 81.96
873 45.45 98.43
874 44.30 96.80
875 43.80 99.32
876 43.75 99.32
877 43.77 103.60
878 44.15 103.10
879 44.38 98.22
880 45.93 102.17
881 43.77 98.03
882 45.53 100.43
883 44.05 101.60
884 44.05 101.60
885 44.38 100.28
886 44.05 103.07
887 45.16 103.32
888 43.58 96.73
889 44.92 97.15
890 42.92 97.38
891 36.48 82.40
892 35.03 85.20
893 36.62 87.42
894 35.95 85.08
895 36.02 89.40
896 35.60 88.92
897 35.82 83.98
898 35.05 90.00
899 35.35 89.87
900 35.15 85.51
901 36.12 86.68
902 36.00 86.50
903 32.42 99.68
904 27.73 98.03
905 35.23 101.70
906 30.30 97.70
907 30.20 97.68
908 32.39 101.48
909 32.30 101.45
910 25.90 97.43
911 31.79 98.96
912 32.78 97.43
913 28.37 97.67
914 34.43 100.28
915 30.58 96.37
916 27.77 97.5
917 27.70 97.28
918 28.45 99.22
919 30.07 95.55
920 36.02 102.55
921 32.73 96.97
922 32.97 96.83
923 32.90 97.03
924 32.85 96.85
925 32.68 96.87
926 29.37 100.92
927 32.43 99.85
928 31.80 106.4
929 29.62 95.17
930 32.82 97.35
931 31.15 97.72
932 29.27 94.87
933 31.07 97.83
934 33.07 96.07
935 31.83 104.80
936 26.23 97.67
937 29.35 99.17
938 29.97 95.35
939 29.65 95.28
940 30.50 99.77
941 29.38 98.58
942 29.98 99.08
943 31.08 97.68
944 27.50 97.82
945 27.53 99.47
946 29.37 100.78
947 32.38 94.72
948 33.65 101.82
949 31.23 94.75
950 30.37 104.02
951 26.18 98.23
952 31.95 102.18
953 32.78 98.07
954 28.72 96.25
955 33.63 95.45
956 34.17 101.71
957 30.58 94.02
958 29.53 98.28
959 33.60 102.05
960 28.08 97.03
961 31.37 100.50
962 29.53 98.47
963 29.33 98.47
964 30.17 102.42
965 33.72 96.67
966 28.03 95.87
967 32.22 98.18
968 31.15 97.42
969 32.37 95.40
970 28.85 96.92
971 31.62 97.22
972 33.98 98.50
973 31.78 103.20
974 38.03 109.78
975 37.50 110.70
976 37.70 113.10
977 39.33 112.58
978 40.20 112.93
979 41.05 113.07
980 39.00 110.15
981 38.37 110.72
982 41.12 111.97
983 41.78 111.85
984 38.72 113.03
985 38.77 109.75
986 41.18 112.02
987 39.62 110.75
988 40.22 111.72
989 40.50 110.63
990 37.08 113.60
991 40.78 111.97
992 40.17 112.20
993 40.45 109.52
994 41.22 114.05
995 44.47 73.15
996 44.20 72.57
997 45.55 72.33
998 43.53 73.95
999 44.42 72.02
1000 42.88 72.88
1001 38.13 78.45
1002 37.50 76.20
1003 36.57 79.33
1004 38.72 77.18
1005 37.13 76.62
1006 37.95 79.82
1007 37.08 76.37
1008 37.33 79.20
1009 37.13 76.50
1010 36.93 76.28
1011 36.90 76.20
1012 36.82 76.03
1013 38.50 77.30
1014 37.50 77.33
1015 37.32 79.97
1016 38.27 78.85
1017 36.95 78.98
1018 37.85 75.48
1019 48.80 122.53
1020 47.48 122.77
1021 48.50 122.33
1022 48.88 118.47
1023 47.32 119.52
1024 47.92 122.28
1025 47.62 117.65
1026 47.08 122.58
1027 46.57 119.60
1028 46.97 123.97
1029 47.15 122.48
1030 47.20 119.32
1031 48.25 122.68
1032 46.97 122.90
1033 48.42 119.53
1034 46.27 119.12
1035 48.12 123.50
1036 48.22 123.67
1037 46.75 117.12
1038 47.95 124.55
1039 47.50 122.22
1040 47.45 122.30
1041 47.53 122.30
1042 47.25 123.15
1043 47.63 117.53
1044 47.67 117.34
1045 47.28 121.33
1046 47.27 122.58
1047 46.48 122.81
1048 46.10 118.28
1049 47.40 120.20
1050 48.35 122.65
1051 46.57 120.53
1052 37.78 81.12
1053 37.30 81.22
1054 38.37 81.60
1055 39.28 80.23
1056 38.88 79.85
1057 38.37 82.55
1058 37.87 80.40
1059 39.40 77.98
1060 39.65 79.92
1061 39.35 81.43
1062 40.18 80.65
1063 37.46 80.20
1064 44.25 88.52
1065 44.87 91.48
1066 44.48 88.13
1067 42.62 89.03
1068 43.87 91.25
1069 43.20 90.18
1070 43.13 89.33
1071 44.13 87.67
1072 42.95 87.90
1073 43.12 88.05
1074 44.78 89.67
1075 44.22 88.53
1076 44.00 88.57
1077 45.63 89.45
1078 45.48 91.72
1079 43.93 90.27
1080 44.92 89.62
1081 42.57 110.10
1082 42.92 106.47
1083 41.15 104.82
1084 44.52 109.02
1085 42.75 105.38
1086 41.33 111.00
1087 44.35 105.53
1088 43.60 110.73
1089 42.82 108.73
1090 41.32 105.68
1091 44.35 104.81
1092 41.80 107.20
1093 43.05 108.45
1094 41.60 109.07
1095 44.77 106.97
1096 43.97 107.97
1097 44.55 110.42
