N: 100
M: 20
Symmetric: true
Triangle: false
5 20 81 94 75 92
2 89 26
5 99 17 24 61 3
6 11 57 84 38 7 5
2 31 43
10 22 34 35 19 4 9 72 88 100 8
6 83 18 27 91 97 10
5 25 29 87 77 44
2 90 73
6 14 60 28 69 63 74
7 71 50 55 78 82 30 6
2 48 58
4 2 1 45 16
4 66 12 40 68
6 80 49 39 62 42 56
4 21 15 70 65
7 13 98 96 95 33 52 23
5 86 54 36 76 59
5 41 67 46 37 64
7 51 47 85 79 53 32 93
792 1042 74 175 4790 4064 1421 1157 4612 608 872 4081 3801 456 32 2036 1643 3580 1932 1593 3802 849 722 3792 1102 4437 4820 1045 2914 1968 3201 1084 1331 4199 3255 3775 2541 1481 2082 4574 3832 4981 2991 459 222 4210 1372 1308 2164 4761 1761 2446 738 3247 1183 439 436 2274 3586 2104 4301 1971 4028 2619 2077 1468 1778 4418 4000 3727 4446 852 66 38 1568 4711 4975 3555 2281 3133 4589 3269 374 378 2241 3338 1132 794 732 148 2659 3211 4631 734 4507 2565 1482 1345 1013 191
1042 740 761 2302 3969 2885 1104 4599 822 4927 2739 4662 3925 1901 2864 4759 230 546 2080 3442 1241 4078 142 2912 818 1719 3140 447 4027 4683 4701 814 4874 174 2211 17 356 3898 3138 992 1918 4467 4486 4142 150 2245 3781 2931 3361 855 2309 3804 360 1680 2681 3362 2250 821 1837 2936 4071 3637 217 4966 584 4706 1751 2127 4835 3602 1326 3872 3190 3591 3729 738 3878 3615 3996 4654 242 4766 4884 4675 1026 1808 1564 3975 1845 2762 2080 159 3372 1665 3503 3960 2815 2526 2484 606
74 761 259 2338 2918 3747 2404 1497 721 1890 648 1615 2681 4749 35 1234 3212 1476 3089 1189 667 1987 4796 3513 4435 4685 4235 3566 2770 4897 112 4681 4013 4670 2140 260 2064 1198 4195 2464 4301 2333 1531 2444 2079 727 4274 4592 2618 2516 3278 3479 4587 3747 1096 534 391 612 3739 2583 2580 243 2199 3996 4483 2305 1114 4149 419 4031 968 2293 3156 4080 2359 1876 2405 4951 3510 2922 2874 3201 3198 382 2290 1844 3141 1988 3814 2473 533 3670 3060 1336 259 1889 1785 1599 2956 3064
175 2302 2338 899 2309 1170 1668 4439 2075 2263 2409 4287 718 431 1348 2567 673 2450 437 297 621 4969 4379 14 4189 286 4600 2433 3259 1457 837 418 1452 3262 4242 3975 231 516 1663 2817 2486 50 2023 3343 4543 4469 2457 2297 843 2978 728 585 4096 2343 2356 4793 1275 3459 2524 2451 1358 1936 2198 1812 592 2750 2233 1229 2975 61 2809 2777 535 33 2125 521 3554 4226 2720 4423 239 2131 2214 1912 905 1488 3343 709 238 3542 380 4783 1114 888 1336 3237 4901 4485 1917 1613
4790 3969 2918 2309 3012 2688 4899 2358 2718 2928 812 3438 568 674 1803 248 571 291 4934 844 2818 406 3860 4986 4704 1530 4910 1403 119 146 2503 905 1076 605 4144 1053 2312 592 2677 593 1179 440 2295 2765 2669 4003 805 2409 3755 3585 2529 3873 4344 874 2219 3364 3822 1744 3619 3821 1170 1027 3429 2313 3690 2058 1293 3122 2939 739 1235 1218 2179 3069 3393 2860 449 2240 4657 4560 4185 1028 4800 2598 1346 3130 4354 343 110 2146 2652 1807 3267 2027 559 2412 3379 2332 331 4749
4064 2885 3747 1170 2688 3042 3336 1798 3367 3226 3460 4490 1261 2743 3925 2894 59 988 1992 2229 1010 1598 136 1721 1815 1151 4867 177 1597 824 1031 4938 1447 2783 1601 1654 3618 490 1129 2083 4700 1542 4321 4967 3110 3783 2632 4018 1274 4433 3381 4913 1815 2041 2084 4223 3988 1309 1665 32 67 2619 3371 69 4570 904 676 4508 4250 2074 4335 2659 1482 1276 3690 2803 1715 3414 1252 2117 3010 3472 2443 1624 3171 2547 2794 4138 385 495 4545 2315 4063 3157 4178 377 3113 4909 862 3042
1421 1104 2404 1668 4899 3336 4654 3568 226 2291 4539 3770 2765 1416 3550 102 796 1647 4713 2338 2744 568 1116 3897 35 2491 2372 1349 906 3291 2017 2277 2921 1238 3968 4310 4079 1237 2980 87 3732 2331 1770 3702 94 3247 2498 102 533 1320 4148 2518 206 1328 2819 3457 2991 3016 132 519 2032 3717 1261 4104 3543 22 848 4832 2090 724 2457 565 1790 1512 2622 3505 777 1780 1995 4948 4743 3346 1436 3628 2102 2471 2729 1579 1376 32 4555 3438 1446 2538 2833 2809 2881 3010 2294 1324
1157 4599 1497 4439 2358 1798 3568 2791 1966 295 1735 1242 2498 2905 1483 1273 4531 3192 685 2547 1175 2740 3058 4593 3868 4925 2900 699 284 2170 4874 1546 778 2558 4940 3846 125 797 3618 4051 4275 34 3013 947 4618 247 4473 826 4585 2208 2117 4600 4098 4141 2620 1111 77 889 823 2716 4288 4921 4363 2705 2433 1104 3010 3472 4134 596 4703 4703 1676 3805 2340 2327 206 1897 2368 4255 2985 1620 34 2893 1564 3702 4237 4186 435 1245 1505 2589 1824 3814 3672 598 4623 4065 2136 2181
4612 822 721 2075 2718 3367 226 1966 3500 1109 1338 1182 195 731 23 3675 3220 701 2048 3906 1175 2238 3997 1746 4339 3556 2849 780 3780 3468 2349 4245 2526 3244 1745 668 3251 4810 1380 3794 2161 1484 4633 2944 987 4659 4630 3415 619 1418 4798 2872 3956 3000 2187 1713 1977 859 1353 3473 2710 1892 144 724 3777 386 2731 4092 3161 1361 276 567 191 3195 4108 3608 313 1654 114 576 4406 1346 3566 4149 3285 2003 3761 2601 591 3159 3581 2749 1002 4703 700 950 4016 1556 321 4065
608 4927 1890 2263 2928 3226 2291 295 1109 3709 652 4165 1734 1010 581 1233 4733 3574 3265 53 800 3622 2924 2440 4487 1107 370 867 3985 2395 2058 2156 2129 1766 4747 2235 455 2887 4116 2320 3448 1319 4267 1750 2668 3384 2353 2007 3426 2142 4560 3847 294 2497 480 4200 1703 2909 1990 4162 2221 2615 4530 1179 2767 1064 2900 249 4532 4325 4450 4098 1033 1010 3292 2587 912 1425 622 4954 2469 120 4704 2037 4392 3086 1628 2154 1426 377 3265 2568 3521 4225 1214 527 929 4781 4477 3363
872 2739 648 2409 812 3460 4539 1735 1338 652 388 1496 3342 995 3211 1745 1091 730 1739 4395 1174 868 1118 4233 4175 1150 985 3904 3215 2616 1738 101 47 2630 2905 4312 731 156 4629 2603 957 1596 4888 4018 69 2981 4023 2548 1084 3321 1560 1199 821 527 2708 1043 1872 207 805 86 828 4721 2757 990 3330 972 4332 3911 1756 3322 4464 3517 2463 4646 4365 1976 3337 3145 3990 1603 4542 631 4499 16 4930 3306 2042 2465 178 531 3597 1817 802 1126 4008 1698 1182 2569 1654 601
4081 4662 1615 4287 3438 4490 3770 1242 1182 4165 1496 3570 141 4254 4010 1865 506 4020 4973 762 4782 778 1836 942 1721 1394 4685 507 56 3910 4524 1458 2081 924 2653 278 2172 3845 1634 1848 1495 1234 4294 2488 1712 1771 4476 4200 3858 4034 2004 1503 2510 4237 4342 2043 3527 4840 93 671 837 3664 1885 2136 1929 3905 3163 2449 1678 3735 428 854 4743 1606 1949 4280 576 3881 761 2286 3145 2511 2675 3128 3373 2221 3805 3590 3550 1148 540 741 1152 1099 2034 4035 129 1063 4838 2562
3801 3925 2681 718 568 1261 2765 2498 195 1734 3342 141 161 3139 2783 2809 1666 4514 3879 4119 1344 4989 3585 3639 3591 1586 611 737 3956 227 4476 828 4382 4214 3691 1867 3911 1738 3617 3847 847 4787 4751 363 3711 3994 220 2077 1149 2320 1204 4343 3941 2747 4005 3782 4571 774 4069 681 2492 733 924 3151 2505 1131 2950 645 4082 2419 2157 2168 526 3762 1396 189 1741 1702 4524 672 3103 974 3793 794 1530 482 1381 4406 4001 4306 3987 2527 4804 2875 3255 3337 2516 3620 4089 2763
456 1901 4749 431 674 2743 1416 2905 731 1010 995 4254 3139 3358 804 1840 1053 2032 4260 28 297 3009 1304 2657 3796 3876 4024 3414 475 2270 2844 2149 3279 795 1972 51 2060 1247 3453 3939 512 4623 116 1609 675 3459 38 4079 375 4315 403 4840 126 3909 545 1174 3505 537 1186 1284 425 1400 2150 1721 2306 1719 4429 225 907 1761 4383 2874 2339 4332 3020 3172 1045 2799 1196 1617 3663 4641 656 3551 2852 2576 1814 3835 3560 4618 3977 4833 1178 3278 1535 3220 4005 24 4752 4342
32 2864 35 1348 1803 3925 3550 1483 23 581 3211 4010 2783 804 1834 1356 1822 1663 1261 4248 2523 3590 2059 1488 750 2698 3941 1910 4841 3689 881 2438 4388 1386 452 2924 1525 954 3736 3163 4743 2393 1970 1570 3889 2836 4608 878 4165 1477 1734 395 86 4990 1778 3274 4541 2957 3432 1116 2954 3560 955 2498 3081 1229 3727 3991 4583 4481 4217 974 45 1729 3048 269 1549 1674 813 1181 4819 3332 1399 2073 110 1218 2990 95 2809 1001 1602 3131 2123 385 4855 367 4192 1293 1681 2839
2036 4759 1234 2567 248 2894 102 1273 3675 1233 1745 1865 2809 1840 1356 548 851 185 1557 2950 3315 961 3515 210 1491 3555 786 4438 4896 347 4521 4724 3676 538 2260 4478 3740 222 4622 2141 1333 4175 580 2353 645 961 1824 3113 4119 4685 1229 1879 23 4402 21 50 473 998 61 2102 3682 3045 208 1442 2942 817 232 801 2127 2447 418 4499 483 2713 4251 940 3602 2888 3614 2500 4982 1436 2546 815 3624 2481 2479 272 1248 2750 1900 2050 124 573 3163 3502 3097 1798 3589 2136
1643 230 3212 673 571 59 796 4531 3220 4733 1091 506 1666 1053 1822 851 2079 396 294 2271 531 4859 220 2221 1099 4559 2248 3323 1576 4653 1192 1552 2661 3771 3084 1849 2905 2757 2786 164 3450 468 2870 4610 1899 1945 514 3716 1495 4802 988 4011 3066 2531 2260 3612 2999 3011 3978 4540 2704 1473 3946 4029 90 1943 4174 1150 3603 1148 4737 2829 1676 1899 209 1384 1993 2655 4186 1987 3101 3254 151 3785 3196 1266 2838 2892 2783 4122 3208 1086 1938 2190 2473 2454 86 2616 4245 990
3580 546 1476 2450 291 988 1647 3192 701 3574 730 4020 4514 2032 1663 185 396 708 3751 956 2503 1491 3129 2670 3321 693 876 428 4161 2576 2248 3108 4377 1521 3818 3232 1236 1882 4346 964 3083 3541 4782 1720 3583 4496 16 2961 1898 586 2632 1775 4040 2722 1874 4664 596 4463 994 674 1275 4441 4725 4568 1671 2347 4116 2499 3074 1718 2050 4842 4392 1859 4666 1297 336 2541 1487 1495 4103 1313 354 397 4380 1331 4488 4778 3371 684 1407 2117 2884 1787 2271 4075 4962 1883 3641 1928
1932 2080 3089 437 4934 1992 4713 685 2048 3265 1739 4973 3879 4260 1261 1557 294 3751 4895 641 1867 1167 1291 2537 2547 2785 1640 4856 2686 4512 3979 2324 3212 2291 408 1306 3013 4432 3607 2995 4344 3199 3716 968 4977 4414 2959 785 2056 1335 1734 784 2450 4925 4373 2733 65 1092 1205 1157 1999 529 1467 855 4929 544 4784 4181 3871 327 445 4492 255 4814 394 4044 100 3993 3121 4151 2474 101 2399 2046 3805 2300 457 4394 3831 1467 3634 473 2719 4423 2697 3195 4336 4175 2596 2377
1593 3442 1189 297 844 2229 2338 2547 3906 53 4395 762 4119 28 4248 2950 2271 956 641 677 3178 2927 3663 1605 644 1755 2733 546 3851 767 1600 1436 212 3897 4744 3867 4040 1204 3782 2708 3386 3744 2675 3447 2499 4152 2640 4927 3170 1037 40 1033 4058 1569 3606 1756 3884 4407 1147 1333 2818 3536 4600 2477 37 3650 4425 4491 500 359 3945 3546 877 1563 1988 1144 37 1277 1833 3982 2578 3053 4950 343 1082 3271 3451 1124 387 2396 3316 3873 4271 1069 103 2786 164 2406 3600 1844
3802 1241 667 621 2818 1010 2744 1175 1175 800 1174 4782 1344 297 2523 3315 531 2503 1867 3178 91 1355 3793 4104 2446 4877 2885 3149 807 3708 788 543 3656 2173 4517 2413 1108 3908 4573 1979 4398 3980 2688 2181 4182 3556 2588 1630 2599 3821 4492 3064 4464 3385 3243 2819 1991 1175 2362 4880 838 3201 1257 1505 2372 2421 1971 513 4614 2180 2710 311 3811 3745 661 4603 3548 1157 3335 3462 841 2030 712 207 1046 3072 2861 3041 4295 1577 2334 505 2455 3635 4936 1658 3972 4316 1891 1613
849 4078 1987 4969 406 1598 568 2740 2238 3622 868 778 4989 3009 3590 961 4859 1491 1167 2927 1355 1832 3549 4054 1026 4222 2460 3477 967 1723 3134 154 2201 3685 4975 3545 4431 44 2380 2769 931 4808 381 2795 3124 4629 830 4671 4567 428 1557 2239 1814 541 3892 1357 4577 331 2020 3592 2183 1266 2143 29 4747 4672 334 4766 2624 943 3848 4633 3990 1581 1959 4372 1728 4697 2837 1712 4481 2883 1913 2767 359 4881 3778 1759 4421 2176 4246 4956 3181 1351 807 1209 868 861 1434 1420
722 142 4796 4379 3860 136 1116 3058 3997 2924 1118 1836 3585 1304 2059 3515 220 3129 1291 3663 3793 3549 781 3971 352 3693 1593 1220 444 1701 4366 3079 1654 3916 1201 1829 2558 663 3396 64 3999 4807 3762 4094 788 1500 2449 1006 3618 569 2138 1176 3454 2100 2017 4146 2338 4285 3096 2213 1817 3371 4235 4472 1251 51 3119 2500 2580 484 1149 2200 2176 3616 2154 3082 4501 4405 1906 89 2951 2398 2801 1062 558 4099 3994 4394 2594 4828 4338 2164 2425 1160 3387 320 4145 4266 3472 498
3792 2912 3513 14 4986 1721 3897 4593 1746 2440 4233 942 3639 2657 1488 210 2221 2670 2537 1605 4104 4054 3971 3103 2573 537 4853 674 2557 4515 1165 3367 2569 2692 884 4756 3859 334 1300 3971 2114 1830 1525 4829 1967 2390 169 1533 166 1385 964 841 4500 343 4283 3917 110 1976 3096 1299 315 3892 4441 3363 546 1035 4322 2361 3321 2071 3224 2942 2475 1684 1707 2627 446 661 3953 4937 2505 3541 3700 43 464 1954 3407 357 33 1381 1465 1193 693 3490 3521 1325 909 119 2562 4410
1102 818 4435 4189 4704 1815 35 3868 4339 4487 4175 1721 3591 3796 750 1491 1099 3321 2547 644 2446 1026 352 2573 1492 945 3460 2172 713 2721 3386 4928 286 4410 43 3980 1114 1679 4488 2081 3020 907 1775 2000 4857 268 2909 1437 4405 4877 1983 4584 817 3681 319 1378 2439 3152 4368 2911 4606 4300 736 2104 121 293 532 2054 4549 3177 3596 3206 2262 139 4258 3101 1453 4199 644 2226 3862 301 2260 1531 560 2488 2027 4144 3849 866 248 2454 290 297 884 2684 2402 3201 3705 1554
4437 1719 4685 286 1530 1151 2491 4925 3556 1107 1150 1394 1586 3876 2698 3555 4559 693 2785 1755 4877 4222 3693 537 945 1107 3025 1161 2154 4734 2612 1141 2855 742 3333 4290 1894 1204 4641 1922 3510 1921 2877 575 2523 3232 3982 4445 4046 4752 3214 2982 1615 4250 3207 902 1042 1019 4288 1619 4732 254 2741 1742 3947 1032 2183 4953 205 4988 4698 1994 3911 2244 4352 4635 3138 543 3514 4649 3079 3040 1867 1217 1099 2296 1265 3326 4265 529 4747 2094 2676 4604 3250 1079 2378 1019 4001 4314
4820 3140 4235 4600 4910 4867 2372 2900 2849 370 985 4685 611 4024 3941 786 2248 876 1640 2733 2885 2460 1593 4853 3460 3025 900 3484 1333 4928 1227 199 2810 2308 79 1439 615 4659 1011 3959 3071 2138 2347 258 3112 1150 3360 2308 3404 2411 2069 1819 1322 4880 4221 218 3834 1524 4290 2990 3343 2131 12 1597 4959 102 3402 3736 1705 2869 2502 2511 1490 38 1265 3090 1084 1496 3708 1179 4154 3427 3654 3700 3199 4598 4362 2149 2414 144 3112 587 1163 3927 3049 2602 780 666 3865 3547
1045 447 3566 2433 1403 177 1349 699 780 867 3904 507 737 3414 1910 4438 3323 428 4856 546 3149 3477 1220 674 2172 1161 3484 4907 1904 4124 3166 2799 3152 4494 4104 1258 3089 3458 2412 4431 2006 2829 4565 462 3425 1905 4643 1070 2804 1458 1506 3948 1648 718 2751 2317 1297 3496 260 2116 3888 3005 1467 4301 4111 1167 179 3516 3418 2867 1376 1543 4061 3435 1454 3196 639 4711 3241 2446 2380 1873 3912 765 444 4764 1642 831 3148 1623 4704 14 2562 3206 403 4909 3040 1848 843 3975
2914 4027 2770 3259 119 1597 906 284 3780 3985 3215 56 3956 475 4841 4896 1576 4161 2686 3851 807 967 444 2557 713 2154 1333 1904 3821 1118 4372 4563 2645 1639 507 1113 4352 1872 2666 1938 2604 2839 2293 2062 3317 1396 3955 4642 3479 4393 34 3173 3705 4771 3442 4716 3347 3420 3322 2278 689 582 1483 1763 4603 931 4581 1939 4807 4699 1579 2451 4613 437 2380 566 2967 308 802 3831 278 1744 1665 2952 3211 2441 2943 2341 671 2659 2521 956 1348 3667 4294 2049 4817 4123 1693 1242
1968 4683 4897 1457 146 824 3291 2170 3468 2395 2616 3910 227 2270 3689 347 4653 2576 4512 767 3708 1723 1701 4515 2721 4734 4928 4124 1118 1797 900 928 3512 1164 4508 922 152 3035 4058 3818 872 3274 3703 3495 2517 1924 1913 1529 728 4659 1495 1121 2659 4975 1175 3775 1643 3709 1809 4030 432 4186 597 1365 913 649 3617 907 4625 4116 3453 967 3685 1101 3819 1327 763 3712 2401 1096 4002 1509 3207 4642 530 1456 4127 1315 1047 864 2177 657 4178 3044 61 4818 4145 1265 1202 4698
3201 4701 112 837 2503 1031 2017 4874 2349 2058 1738 4524 4476 2844 881 4521 1192 2248 3979 1600 788 3134 4366 1165 3386 2612 1227 3166 4372 900 2131 1806 1391 2715 922 4483 2389 4664 3241 3877 3735 3789 1786 2387 3876 78 55 1257 2333 3129 3168 3010 3327 4088 1966 1617 151 1473 4415 1277 2721 4869 970 4547 652 2622 4922 2020 4088 1436 3061 2988 2455 2100 525 3146 4141 1009 1568 4052 4160 1137 3013 4905 661 2623 254 1567 2191 1055 3426 2057 3274 4687 2135 3398 2124 4302 4529 3370
1084 814 4681 418 905 4938 2277 1546 4245 2156 101 1458 828 2149 2438 4724 1552 3108 2324 1436 543 154 3079 3367 4928 1141 199 2799 4563 928 1806 1379 1947 4099 1717 116 768 3969 1406 4905 297 1166 900 3650 479 894 1657 4575 4503 4103 1483 3186 2090 3092 4000 4502 4332 4585 64 3546 1599 2400 2313 4276 2002 1892 2550 3914 2671 2332 1814 873 3528 825 4645 3127 4467 1922 4796 4917 976 4840 3362 236 886 1166 2597 4594 1114 895 2947 928 2218 2797 4830 3532 2608 1650 278 4913
1331 4874 4013 1452 1076 1447 2921 778 2526 2129 47 2081 4382 3279 4388 3676 2661 4377 3212 212 3656 2201 1654 2569 286 2855 2810 3152 2645 3512 1391 1947 2498 1226 4104 3582 2760 3035 1804 609 3139 514 3846 4799 670 3153 3296 1099 387 4894 3879 3807 247 4339 198 1575 44 2691 1162 2408 1697 4452 2172 3213 4766 1349 964 2336 2300 3801 3130 1454 975 4191 2242 976 2322 671 1595 860 2389 3619 4826 1597 2818 4747 1674 657 257 2222 2006 4255 3392 4301 514 1591 272 234 3020 994
4199 174 4670 3262 605 2783 1238 2558 3244 1766 2630 924 4214 795 1386 538 3771 1521 2291 3897 2173 3685 3916 2692 4410 742 2308 4494 1639 1164 2715 4099 1226 60 2748 4730 3404 4619 554 4014 3902 1026 4067 1854 1999 4735 3008 2727 3953 4704 1726 838 932 4451 2334 4276 4013 3225 4164 3508 2609 498 2070 2552 3370 305 3535 3619 1240 1750 1708 4044 1825 1720 2939 2323 2433 403 3416 141 2154 4780 4903 947 1653 4118 3260 4847 4944 2192 4231 2220 777 4699 4624 4233 714 1107 1393 305
3255 2211 2140 4242 4144 1601 3968 4940 1745 4747 2905 2653 3691 1972 452 2260 3084 3818 408 4744 4517 4975 1201 884 43 3333 79 4104 507 4508 922 1717 4104 2748 2327 1058 3708 2593 3261 813 3242 1134 289 3680 2192 4010 3159 2468 2693 4858 1481 1873 411 4963 4224 4480 1368 2318 730 3774 1089 4441 2195 3785 3115 1830 2946 3101 1875 2228 2298 3500 4868 35 1484 1084 3195 4966 4179 4326 3369 1246 3440 4333 456 3133 3696 4247 894 2966 1272 4631 2180 212 1078 3062 340 4423 2811 3572
3775 17 260 3975 1053 1654 4310 3846 668 2235 4312 278 1867 51 2924 4478 1849 3232 1306 3867 2413 3545 1829 4756 3980 4290 1439 1258 1113 922 4483 116 3582 4730 1058 958 1691 1004 4212 1257 3898 700 1445 2810 369 823 2907 4811 3451 3860 4309 3024 4356 4076 3381 904 677 2712 4424 3319 2851 4590 2464 901 1405 3272 500 3507 1323 1908 4191 3477 4087 1744 964 3104 4956 582 76 3714 2132 523 2960 2529 2101 4126 1572 2515 2032 1250 2876 1772 4863 4766 3443 4112 1763 1981 2405 1500
2541 356 2064 231 2312 3618 4079 125 3251 455 731 2172 3911 2060 1525 3740 2905 1236 3013 4040 1108 4431 2558 3859 1114 1894 615 3089 4352 152 2389 768 2760 3404 3708 1691 1674 3374 856 391 781 2123 4773 2464 482 3602 581 2554 2371 4866 3717 3241 3466 356 576 4461 727 4986 1834 510 835 1759 3822 3199 1365 48 4067 2520 4100 2956 4620 2106 3194 4376 3108 544 2078 612 1382 469 601 3250 198 1166 40 4262 2448 2217 48 3491 4258 4687 1448 1673 1377 2293 580 197 2387 1331
1481 3898 1198 516 592 490 1237 797 4810 2887 156 3845 1738 1247 954 222 2757 1882 4432 1204 3908 44 663 334 1679 1204 4659 3458 1872 3035 4664 3969 3035 4619 2593 1004 3374 4601 4478 4171 4435 4634 1534 4770 1671 4625 3183 4536 3754 2107 3549 3610 4742 3862 2199 3112 4793 1991 3015 4741 4881 3493 2042 4632 2254 4074 724 4490 1608 3548 2846 1424 448 2704 998 2669 3231 1477 1723 4712 4251 965 1347 840 310 2551 2345 998 1612 1339 4345 3005 1851 3505 4960 22 914 1203 2396 3967
2082 3138 4195 1663 2677 1129 2980 3618 1380 4116 4629 1634 3617 3453 3736 4622 2786 4346 3607 3782 4573 2380 3396 1300 4488 4641 1011 2412 2666 4058 3241 1406 1804 554 3261 4212 856 4478 4673 1642 1147 4083 2431 2735 404 4003 3834 3271 3710 3633 2893 626 3518 806 3497 2069 465 346 916 88 2307 2139 4871 4701 1476 641 4761 561 979 194 3804 1049 4501 1975 603 4253 3085 1796 4136 1429 4396 1836 4520 4820 1982 147 2855 3007 3142 1984 2822 1235 2473 4081 1235 4767 1682 4483 2827 4036
4574 992 2464 2817 593 2083 87 4051 3794 2320 2603 1848 3847 3939 3163 2141 164 964 2995 2708 1979 2769 64 3971 2081 1922 3959 4431 1938 3818 3877 4905 609 4014 813 1257 391 4171 1642 1178 1598 4884 889 3796 33 4142 2385 4281 4129 2015 1940 2759 1904 4895 3373 4776 455 3204 4723 2055 451 4663 1784 2997 4838 4118 4581 1878 492 1530 514 328 2452 3387 1886 2245 3455 603 4155 976 940 1942 1915 4456 1957 251 3318 4030 2687 4479 766 4783 2038 622 4578 4513 3208 699 4254 3610
3832 1918 4301 2486 1179 4700 3732 4275 2161 3448 957 1495 847 512 4743 1333 3450 3083 4344 3386 4398 931 3999 2114 3020 3510 3071 2006 2604 872 3735 297 3139 3902 3242 3898 781 4435 1147 1598 2007 4755 3151 578 3422 2678 304 2701 436 3196 564 1507 2675 2610 3447 424 264 3450 2779 1834 3287 913 4584 4744 2785 3429 1918 2339 3702 1101 1183 2884 4452 1201 4477 483 2768 1303 4463 1177 3695 3201 2304 4240 796 1835 3188 2824 3223 4940 4381 4908 1002 1657 1185 1770 3919 346 1774 2300
4981 4467 2333 50 440 1542 2331 34 1484 1319 1596 1234 4787 4623 2393 4175 468 3541 3199 3744 3980 4808 4807 1830 907 1921 2138 2829 2839 3274 3789 1166 514 1026 1134 700 2123 4634 4083 4884 4755 4660 213 2061 4053 3685 906 1214 4732 3615 834 3426 3165 808 1507 3044 3453 3990 1774 301 425 4663 486 3033 570 2765 1429 4969 1751 4951 2154 1324 2284 2181 3497 1736 1759 4700 527 4269 4371 4925 2238 2210 4517 2934 4809 3022 3991 4599 93 3464 1919 409 1215 4853 606 122 3085 1989
2991 4486 1531 2023 2295 4321 1770 3013 4633 4267 4888 4294 4751 116 1970 580 2870 4782 3716 2675 2688 381 3762 1525 1775 2877 2347 4565 2293 3703 1786 900 3846 4067 289 1445 4773 1534 2431 889 3151 213 3821 1705 2266 1759 2573 1119 4323 2128 4828 1156 2391 2559 4967 3236 686 3164 1391 3445 4100 1010 4035 200 910 2431 1575 4370 1716 1127 501 1985 227 174 2967 1492 4664 807 2836 4455 1265 491 805 2803 4776 4460 4529 3023 30 4141 243 4956 357 3930 1130 2293 2854 896 852 2799
459 4142 2444 3343 2765 4967 3702 947 2944 1750 4018 2488 363 1609 1570 2353 4610 1720 968 3447 2181 2795 4094 4829 2000 575 258 462 2062 3495 2387 3650 4799 1854 3680 2810 2464 4770 2735 3796 578 2061 1705 3891 483 726 4233 3964 1132 2266 1640 1925 1128 1315 4090 1439 1053 2156 1221 1952 156 1222 1343 2208 4611 2641 4680 4909 2180 840 4469 4625 2204 4322 628 1212 2115 603 3460 187 2874 1318 1003 776 4911 2866 1096 1284 2041 3602 2642 3347 4033 2541 2930 649 2467 3440 57 4750
222 150 2079 4543 2669 3110 94 4618 987 2668 69 1712 3711 675 3889 645 1899 3583 4977 2499 4182 3124 788 1967 4857 2523 3112 3425 3317 2517 3876 479 670 1999 2192 369 482 1671 404 33 3422 4053 2266 483 466 4249 4677 429 3126 1696 3470 3819 4477 1695 81 2790 1344 110 4002 4086 4898 1058 243 2299 595 1007 859 965 2550 517 2445 3547 1795 2421 4630 3657 2923 394 3765 2106 2281 616 692 1863 303 4110 2057 1903 4504 1334 2164 4669 2993 2482 2792 1811 426 1257 494 4122
4210 2245 727 4469 4003 3783 3247 247 4659 3384 2981 1771 3994 3459 2836 961 1945 4496 4414 4152 3556 4629 1500 2390 268 3232 1150 1905 1396 1924 78 894 3153 4735 4010 823 3602 4625 4003 4142 2678 3685 1759 726 4249 2089 2234 3893 4476 1596 3953 2335 4131 638 4305 4522 4814 682 3366 803 2896 4732 3941 4809 4442 3573 773 3247 435 2860 694 1658 4720 1807 2192 2515 3401 2643 4099 3368 3619 3717 4107 4604 1079 228 1708 2962 2155 3202 4984 1592 1412 2694 642 3088 3195 4129 1454 469
1372 3781 4274 2457 805 2632 2498 4473 4630 2353 4023 4476 220 38 4608 1824 514 16 2959 2640 2588 830 2449 169 2909 3982 3360 4643 3955 1913 55 1657 3296 3008 3159 2907 581 3183 3834 2385 304 906 2573 4233 4677 2234 1389 1941 3615 4039 4734 4277 4688 934 1736 406 856 1128 1432 3673 3452 152 1322 4789 1967 1664 2321 2836 1537 1947 3155 3379 3324 2705 362 4889 2807 399 1635 4293 4952 43 3819 2684 3431 1002 2774 1744 1023 3427 3550 1804 1721 3522 4689 1710 4097 165 215 894
1308 2931 4592 2297 2409 4018 102 826 3415 2007 2548 4200 2077 4079 878 3113 3716 2961 785 4927 1630 4671 1006 1533 1437 4445 2308 1070 4642 1529 1257 4575 1099 2727 2468 4811 2554 4536 3271 4281 2701 1214 1119 3964 429 3893 1941 354 2055 4196 1544 4549 1952 2206 2139 1619 1863 452 4607 1770 1747 171 1754 360 2770 663 3597 2212 3988 1307 2238 259 4345 2601 4707 944 134 4559 3253 1292 244 2176 2759 1897 4150 1378 2722 2279 4767 1394 3682 4391 1364 2167 57 1274 4996 1177 2586 3532
2164 3361 2618 843 3755 1274 533 4585 619 3426 1084 3858 1149 375 4165 4119 1495 1898 2056 3170 2599 4567 3618 166 4405 4046 3404 2804 3479 728 2333 4503 387 3953 2693 3451 2371 3754 3710 4129 436 4732 4323 1132 3126 4476 3615 2055 373 106 2743 1901 1062 549 645 4863 28 2656 4008 1828 2650 3322 1996 766 1502 3907 4699 582 3701 2142 4992 3076 4228 414 2035 4249 1379 171 1472 3169 877 1613 2244 2561 4882 2249 3989 4379 3903 2159 605 287 137 3725 1901 2332 376 4064 620 501
4761 855 2516 2978 3585 4433 1320 2208 1418 2142 3321 4034 2320 4315 1477 4685 4802 586 1335 1037 3821 428 569 1385 4877 4752 2411 1458 4393 4659 3129 4103 4894 4704 4858 3860 4866 2107 3633 2015 3196 3615 2128 2266 1696 1596 4039 4196 106 4305 3651 1598 3445 4350 361 3093 2324 3093 4067 1256 1405 1554 4160 3320 2235 2765 3489 4992 4772 2244 1776 3374 2941 870 1865 3681 2901 2140 1708 3449 4096 1852 3038 1392 2414 4199 4599 4801 1706 1897 2938 1167 3862 213 3697 2706 2941 2424 1359 3761
1761 2309 3278 728 2529 3381 4148 2117 4798 4560 1560 2004 1204 403 1734 1229 988 2632 1734 40 4492 1557 2138 964 1983 3214 2069 1506 34 1495 3168 1483 3879 1726 1481 4309 3717 3549 2893 1940 564 834 4828 1640 3470 3953 4734 1544 2743 3651 184 4313 2283 2743 3339 3449 1307 4915 2861 3393 3492 4686 1573 3262 1364 1305 3386 4209 3322 875 2356 4323 3490 2321 4118 1727 1701 3245 4531 3906 3271 3099 1338 38 2092 179 3379 2531 3535 280 3653 840 3195 1814 759 2624 2011 3997 275 3040
2446 3804 3479 585 3873 4913 2518 4600 2872 3847 1199 1503 4343 4840 395 1879 4011 1775 784 1033 3064 2239 1176 841 4584 2982 1819 3948 3173 1121 3010 3186 3807 838 1873 3024 3241 3610 626 2759 1507 3426 1156 1925 3819 2335 4277 4549 1901 1598 4313 2952 2328 2464 4943 386 1993 4924 824 4240 3355 4063 3260 4760 4575 1394 4395 4167 2462 4229 2261 3971 342 1547 3540 3776 2966 2150 1079 4359 724 4505 2455 4885 3189 4724 3807 2034 4616 4009 1497 3857 3567 2241 1090 2889 4607 3120 3325 4604
738 360 4587 4096 4344 1815 206 4098 3956 294 821 2510 3941 126 86 23 3066 4040 2450 4058 4464 1814 3454 4500 817 1615 1322 1648 3705 2659 3327 2090 247 932 411 4356 3466 4742 3518 1904 2675 3165 2391 1128 4477 4131 4688 1952 1062 3445 2283 2328 4263 1802 1777 3422 2261 3385 2106 2822 1536 57 196 3334 1766 2129 1288 1382 2570 3710 1007 901 3518 1414 2171 4963 3436 1703 3831 237 3499 44 89 4191 779 2998 2166 3109 3584 3178 3581 595 4369 2690 4027 4326 1082 3484 2268 2645
3247 1680 3747 2343 874 2041 1328 4141 3000 2497 527 4237 2747 3909 4990 4402 2531 2722 4925 1569 3385 541 2100 343 3681 4250 4880 718 4771 4975 4088 3092 4339 4451 4963 4076 356 3862 806 4895 2610 808 2559 1315 1695 638 934 2206 549 4350 2743 2464 1802 3604 341 4248 2703 4226 1490 4741 64 3621 1044 3860 4598 63 3846 3122 2172 3169 2552 3537 257 4269 1460 2114 1136 573 4477 1890 2548 3906 4106 2035 2068 3062 1785 95 4098 429 1154 1857 3702 1199 1005 1534 4262 1050 3299 453
1183 2681 1096 2356 2219 2084 2819 2620 2187 480 2708 4342 4005 545 1778 21 2260 1874 4373 3606 3243 3892 2017 4283 319 3207 4221 2751 3442 1175 1966 4000 198 2334 4224 3381 576 2199 3497 3373 3447 1507 4967 4090 81 4305 1736 2139 645 361 3339 4943 1777 341 4500 281 1195 1011 709 4309 1877 353 3487 4676 2682 3027 56 456 2765 2397 1702 2028 2051 2885 248 3837 2395 2324 282 636 3691 2236 1435 1448 1241 3215 4620 1151 4628 1301 2878 2712 1400 1999 4454 2734 573 2634 4270 1488
439 3362 534 4793 3364 4223 3457 1111 1713 4200 1043 2043 3782 1174 3274 50 3612 4664 2733 1756 2819 1357 4146 3917 1378 902 218 2317 4716 3775 1617 4502 1575 4276 4480 904 4461 3112 2069 4776 424 3044 3236 1439 2790 4522 406 1619 4863 3093 3449 386 3422 4248 281 2930 2783 1969 2489 1609 2263 2887 2409 4993 349 1057 2725 564 2391 973 2461 921 1811 1473 2984 1002 1177 786 4338 148 1093 2088 4280 3669 1551 2936 4901 1783 2624 3662 1126 1282 4663 4990 3870 4760 2257 2572 724 4552
436 2250 391 1275 3822 3988 2991 77 1977 1703 1872 3527 4571 3505 4541 473 2999 596 65 3884 1991 4577 2338 110 2439 1042 3834 1297 3347 1643 151 4332 44 4013 1368 677 727 4793 465 455 264 3453 686 1053 1344 4814 856 1863 28 2324 1307 1993 2261 2703 1195 2783 3636 1602 29 4890 3752 3902 4947 4445 321 4006 815 3375 3750 1368 1170 3312 4202 3362 145 1473 4059 1377 2850 3650 72 3377 3672 1641 282 976 906 3328 2259 2813 2545 40 1410 1877 3162 2620 3824 1749 4206 220
2274 821 612 3459 1744 1309 3016 889 859 2909 207 4840 774 537 2957 998 3011 4463 1092 4407 1175 331 4285 1976 3152 1019 1524 3496 3420 3709 1473 4585 2691 3225 2318 2712 4986 1991 346 3204 3450 3990 3164 2156 110 682 1128 452 2656 3093 4915 4924 3385 4226 1011 1969 1602 91 4348 4781 3921 985 3049 4918 3839 4078 1995 1773 4863 2745 1043 3471 4271 3734 367 1021 2956 4853 3190 1176 4530 2441 4499 4048 1110 3668 4239 4764 1257 1547 304 3145 1427 3017 1240 4332 4558 2352 72 61
3586 1837 3739 2524 3619 1665 132 823 1353 1990 805 93 4069 1186 3432 61 3978 994 1205 1147 2362 2020 3096 3096 4368 4288 4290 260 3322 1809 4415 64 1162 4164 730 4424 1834 3015 916 4723 2779 1774 1391 1221 4002 3366 1432 4607 4008 4067 2861 824 2106 1490 709 2489 29 4348 359 2197 3623 2791 360 2641 4396 1090 4062 1674 3720 3421 4683 3617 1847 2455 3764 2070 1285 479 4444 2886 2383 517 462 2856 4255 3683 3735 2551 1857 1053 3657 4895 2182 1309 3106 2133 812 4436 3839 3661
2104 2936 2583 2451 3821 32 519 2716 3473 4162 86 671 681 1284 1116 2102 4540 674 1157 1333 4880 3592 2213 1299 2911 1619 2990 2116 2278 4030 1277 3546 2408 3508 3774 3319 510 4741 88 2055 1834 301 3445 1952 4086 803 3673 1770 1828 1256 3393 4240 2822 4741 4309 1609 4890 4781 2197 3760 369 363 2264 745 3522 4370 885 4355 4174 4231 3591 2714 2380 2819 775 545 4554 3074 3615 4190 2332 4729 2128 662 2505 1814 4571 2420 94 799 2177 1124 2276 4929 2752 4280 441 822 30 4493
4301 4071 2580 1358 1170 67 2032 4288 2710 2221 828 837 2492 425 2954 3682 2704 1275 1999 2818 838 2183 1817 315 4606 4732 3343 3888 689 432 2721 1599 1697 2609 1089 2851 835 4881 2307 451 3287 425 4100 156 4898 2896 3452 1747 2650 1405 3492 3355 1536 64 1877 2263 3752 3921 3623 369 1544 253 4822 2445 1859 2744 406 1276 3267 1044 1311 1855 1879 3401 1765 47 4455 4664 4188 1611 4865 1828 833 2256 1655 3858 849 4845 1603 632 3906 4239 2234 3386 136 879 3450 421 1789 269
1971 3637 243 1936 1027 2619 3717 4921 1892 2615 4721 3664 733 1400 3560 3045 1473 4441 529 3536 3201 1266 3371 3892 4300 254 2131 3005 582 4186 4869 2400 4452 498 4441 4590 1759 3493 2139 4663 913 4663 1010 1222 1058 4732 152 171 3322 1554 4686 4063 57 3621 353 2887 3902 985 2791 363 253 4089 142 2518 1094 2383 1878 1961 4168 4287 2647 2241 3036 815 40 3894 3960 4436 4457 1882 4197 209 858 3278 2559 1101 1370 673 3671 4299 744 413 2979 34 1578 4078 1140 950 1741 1436
4028 217 2199 2198 3429 3371 1261 4363 144 4530 2757 1885 924 2150 955 208 3946 4725 1467 4600 1257 2143 4235 4441 736 2741 12 1467 1483 597 970 2313 2172 2070 2195 2464 3822 2042 4871 1784 4584 486 4035 1343 243 3941 1322 1754 1996 4160 1573 3260 196 1044 3487 2409 4947 3049 360 2264 4822 142 1881 2611 3741 3623 4602 3200 925 1437 1446 337 2630 4497 3029 2834 937 3151 1661 4775 212 158 4389 394 445 3176 2804 2069 1902 1183 1301 1070 685 2446 3796 2336 4731 3961 2333 1699
2619 4966 3996 1812 2313 69 4104 2705 724 1179 990 2136 3151 1721 2498 1442 4029 4568 855 2477 1505 29 4472 3363 2104 1742 1597 4301 1763 1365 4547 4276 3213 2552 3785 901 3199 4632 4701 2997 4744 3033 200 2208 2299 4809 4789 360 766 3320 3262 4760 3334 3860 4676 4993 4445 4918 2641 745 2445 2518 2611 757 4507 2089 2798 3658 3458 2967 1700 2854 4227 342 4740 3770 446 1530 3405 1580 4209 3233 1317 44 1307 3506 2734 571 4333 299 2366 4502 4615 1637 4191 2686 4003 637 3002 1520
2077 584 4483 592 3690 4570 3543 2433 3777 2767 3330 1929 2505 2306 3081 2942 90 1671 4929 37 2372 4747 1251 546 121 3947 4959 4111 4603 913 652 2002 4766 3370 3115 1405 1365 2254 1476 4838 2785 570 910 4611 595 4442 1967 2770 1502 2235 1364 4575 1766 4598 2682 349 321 3839 4396 3522 1859 1094 3741 4507 991 2791 1735 1004 3205 4544 2862 1155 450 1573 623 4111 2818 2348 4117 2124 3592 3051 4316 854 4059 1736 141 362 305 2915 4464 615 1178 2630 1195 2082 1714 4368 2077 2423
1468 4706 2305 2750 2058 904 22 1104 386 1064 972 3905 1131 1719 1229 817 1943 2347 544 3650 2421 4672 51 1035 293 1032 102 1167 931 649 2622 1892 1349 305 1830 3272 48 4074 641 4118 3429 2765 2431 2641 1007 3573 1664 663 3907 2765 1305 1394 2129 63 3027 1057 4006 4078 1090 4370 2744 2383 3623 2089 2791 143 4688 281 3704 4399 2114 4443 3884 2867 1106 355 3236 4548 3900 4951 2364 4463 1440 4442 1034 3924 2747 340 478 3768 4990 2642 92 3434 862 2195 1622 2804 3227 3051
1778 1751 1114 2233 1293 676 848 3010 2731 2900 4332 3163 2950 4429 3727 232 4174 4116 4784 4425 1971 334 3119 4322 532 2183 3402 179 4581 3617 4922 2550 964 3535 2946 500 4067 724 4761 4581 1918 1429 1575 4680 859 773 2321 3597 4699 3489 3386 4395 1288 3846 56 2725 815 1995 4062 885 406 1878 4602 2798 1735 4688 4583 87 494 4162 2148 1445 226 1356 4472 3894 1317 4413 1711 1430 2760 258 3998 1057 1740 2053 682 945 3030 447 4493 2957 203 1616 3010 3184 1682 2676 559 2423
4418 2127 4149 1229 3122 4508 4832 3472 4092 249 3911 2449 645 225 3991 801 1150 2499 4181 4491 513 4766 2500 2361 2054 4953 3736 3516 1939 907 2020 3914 2336 3619 3101 3507 2520 4490 561 1878 2339 4969 4370 4909 965 3247 2836 2212 582 4992 4209 4167 1382 3122 456 564 3375 1773 1674 4355 1276 1961 3200 3658 1004 281 87 1029 322 3651 574 870 3481 3593 290 4546 4302 825 2636 930 2405 4910 2142 3220 3076 1816 1519 3376 1101 3996 1716 2041 2962 4617 4179 4604 4294 2274 3490 3550
4000 4835 419 2975 2939 4250 2090 4134 3161 4532 1756 1678 4082 907 4583 2127 3603 3074 3871 500 4614 2624 2580 3321 4549 205 1705 3418 4807 4625 4088 2671 2300 1240 1875 1323 4100 1608 979 492 3702 1751 1716 2180 2550 435 1537 3988 3701 4772 3322 2462 2570 2172 2765 2391 3750 4863 3720 4174 3267 4168 925 3458 3205 3704 494 322 1568 3061 1044 4330 473 1250 1972 4544 2866 980 2935 4935 1105 1105 4873 3953 239 2925 1006 122 4168 4702 4075 805 4122 1433 4029 1912 4870 2624 2402 810
3727 3602 4031 61 739 2074 724 596 1361 4325 3322 3735 2419 1761 4481 2447 1148 1718 327 359 2180 943 484 2071 3177 4988 2869 2867 4699 4116 1436 2332 3801 1750 2228 1908 2956 3548 194 1530 1101 4951 1127 840 517 2860 1947 1307 2142 2244 875 4229 3710 3169 2397 973 1368 2745 3421 4231 1044 4287 1437 2967 4544 4399 4162 3651 3061 1810 4945 1069 3737 1901 3853 474 4817 2183 2627 3530 239 762 3774 2156 3332 3450 1213 1065 2611 3609 4499 1034 4979 4181 4966 1663 970 2420 4544 2919
4446 1326 968 2809 1235 4335 2457 4703 276 4450 4464 428 2157 4383 4217 418 4737 2050 445 3945 2710 3848 1149 3224 3596 4698 2502 1376 1579 3453 3061 1814 3130 1708 2298 4191 4620 2846 3804 514 1183 2154 501 4469 2445 694 3155 2238 4992 1776 2356 2261 1007 2552 1702 2461 1170 1043 4683 3591 1311 2647 1446 1700 2862 2114 2148 574 1044 4945 3535 3616 4715 3828 1434 4161 3735 3707 22 3354 4459 3157 1009 2184 895 2393 4774 253 1069 4704 4379 610 2984 422 3705 1508 3935 1191 3120 647
852 3872 2293 2777 1218 2659 565 4703 567 4098 3517 854 2168 2874 974 4499 2829 4842 4492 3546 311 4633 2200 2942 3206 1994 2511 1543 2451 967 2988 873 1454 4044 3500 3477 2106 1424 1049 328 2884 1324 1985 4625 3547 1658 3379 259 3076 3374 4323 3971 901 3537 2028 921 3312 3471 3617 2714 1855 2241 337 2854 1155 4443 1445 870 4330 1069 3616 4596 1017 4260 545 4912 1261 206 4508 730 4331 2164 2337 4787 445 533 2608 79 4195 1095 2822 1257 4251 3088 582 4663 4317 4444 747 518
66 3190 3156 535 2179 1482 1790 1676 191 1033 2463 4743 526 2339 45 483 1676 4392 255 877 3811 3990 2176 2475 2262 3911 1490 4061 4613 3685 2455 3528 975 1825 4868 4087 3194 448 4501 2452 4452 2284 227 2204 1795 4720 3324 4345 4228 2941 3490 342 3518 257 2051 1811 4202 4271 1847 2380 1879 3036 2630 4227 450 3884 226 3481 473 3737 4715 1017 497 4915 2410 4648 3779 183 1029 1650 4979 1279 1716 2977 636 4469 346 1855 3146 4032 3725 3377 2618 3921 3453 2226 3584 3928 222 1603
38 3591 4080 33 3069 1276 1512 3805 3195 1010 4646 1606 3762 4332 1729 2713 1899 1859 4814 1563 3745 1581 3616 1684 139 2244 38 3435 437 1101 2100 825 4191 1720 35 1744 4376 2704 1975 3387 1201 2181 174 4322 2421 1807 2705 2601 414 870 2321 1547 1414 4269 2885 1473 3362 3734 2455 2819 3401 815 4497 342 1573 2867 1356 3593 1250 1901 3828 4260 4915 1668 2705 4118 1518 1794 1209 3682 589 4496 1951 4574 3304 2539 4201 251 1865 3535 2861 405 2694 3448 1296 4528 3862 1707 2738 3164
1568 3729 2359 2125 3393 3690 2622 2340 4108 3292 4365 1949 1396 3020 3048 4251 209 4666 394 1988 661 1959 2154 1707 4258 4352 1265 1454 2380 3819 525 4645 2242 2939 1484 964 3108 998 603 1886 4477 3497 2967 628 4630 2192 362 4707 2035 1865 4118 3540 2171 1460 248 2984 145 367 3764 775 1765 40 3029 4740 623 1106 4472 290 1972 3853 1434 545 2410 2705 2484 4413 4734 2959 4714 3090 4421 373 2477 22 1769 4328 507 3816 2457 2336 2296 510 737 3883 2342 2381 334 2551 2063 2975
4711 738 1876 521 2860 2803 3505 2327 3608 2587 1976 4280 189 3172 269 940 1384 1297 4044 1144 4603 4372 3082 2627 3101 4635 3090 3196 566 1327 3146 3127 976 2323 1084 3104 544 2669 4253 2245 483 1736 1492 1212 3657 2515 4889 944 4249 3681 1727 3776 4963 2114 3837 1002 1473 1021 2070 545 47 3894 2834 3770 4111 355 3894 4546 4544 474 4161 4912 4648 4118 4413 3463 690 2063 4200 885 3636 2105 4421 3624 4365 1617 1317 189 1482 4066 1059 1453 2950 1023 3350 1884 906 3767 4731 2409
4975 3878 2405 3554 449 1715 777 206 313 912 3337 576 1741 1045 1549 3602 1993 336 100 37 3548 1728 4501 446 1453 3138 1084 639 2967 763 4141 4467 2322 2433 3195 4956 2078 3231 3085 3455 2768 1759 4664 2115 2923 3401 2807 134 1379 2901 1701 2966 3436 1136 2395 1177 4059 2956 1285 4554 4455 3960 937 446 2818 3236 1317 4302 2866 4817 3735 1261 3779 1518 4734 690 4746 3100 3172 932 3878 4238 1392 982 521 3970 4852 3097 1060 1907 1320 1125 2813 3481 2759 1579 1190 2590 4684 2426
3555 3615 4951 4226 2240 3414 1780 1897 1654 1425 3145 3881 1702 2799 1674 2888 2655 2541 3993 1277 1157 4697 4405 661 4199 543 1496 4711 308 3712 1009 1922 671 403 4966 582 612 1477 1796 603 1303 4700 807 603 394 2643 399 4559 171 2140 3245 2150 1703 573 2324 786 1377 4853 479 3074 4664 4436 3151 1530 2348 4548 4413 825 980 2183 3707 206 183 1794 2959 2063 3100 3149 1915 1475 79 284 4070 4799 2312 2856 3224 873 1572 4146 4388 4949 1430 347 1545 3991 1392 4477 2768 2054
2281 3996 3510 2720 4657 1252 1995 2368 114 622 3990 761 4524 1196 813 3614 4186 1487 3121 1833 3335 2837 1906 3953 644 3514 3708 3241 802 2401 1568 4796 1595 3416 4179 76 1382 1723 4136 4155 4463 527 2836 3460 3765 4099 1635 3253 1472 1708 4531 1079 3831 4477 282 4338 2850 3190 4444 3615 4188 4457 1661 3405 4117 3900 1711 2636 2935 2627 22 4508 1029 1209 4714 4200 3172 1915 2503 3747 1123 3285 2659 30 3502 4087 83 3808 2517 3030 2113 4488 822 1194 1283 861 4340 349 3272 4027
3133 4654 2922 4423 4560 2117 4948 4255 576 4954 1603 2286 672 1617 1181 2500 1987 1495 4151 3982 3462 1712 89 4937 2226 4649 1179 2446 3831 1096 4052 4917 860 141 4326 3714 469 4712 1429 976 1177 4269 4455 187 2106 3368 4293 1292 3169 3449 3906 4359 237 1890 636 148 3650 1176 2886 4190 1611 1882 4775 1580 2124 4951 1430 930 4935 3530 3354 730 1650 3682 3090 885 932 1475 3747 2513 2176 2633 4986 4947 2263 4138 1265 1358 1390 3519 3804 4945 4244 3005 2579 1697 294 2495 651 4541
4589 242 2874 239 4185 3010 4743 2985 4406 2469 4542 3145 3103 3663 4819 4982 3101 4103 2474 2578 841 4481 2951 2505 3862 3079 4154 2380 278 4002 4160 976 2389 2154 3369 2132 601 4251 4396 940 3695 4371 1265 2874 2281 3619 4952 244 877 4096 3271 724 3499 2548 3691 1093 72 4530 2383 2332 4865 4197 212 4209 3592 2364 2760 2405 1105 239 4459 4331 4979 589 4421 3636 3878 79 1123 2176 3906 2254 1914 4324 402 607 2718 2809 3265 206 1003 3183 1306 4382 2355 4798 4188 4407 281 4380
3269 4766 3201 2131 1028 3472 3346 1620 1346 120 631 2511 974 4641 3332 1436 3254 1313 101 3053 2030 2883 2398 3541 301 3040 3427 1873 1744 1509 1137 4840 3619 4780 1246 523 3250 965 1836 1942 3201 4925 491 1318 616 3717 43 2176 1613 1852 3099 4505 44 3906 2236 2088 3377 2441 517 4729 1828 209 158 3233 3051 4463 258 4910 1105 762 3157 2164 1279 4496 373 2105 4238 284 3285 2633 2254 4681 2181 2207 996 2210 2221 4854 778 89 3189 944 182 2569 4243 350 2824 1369 3680 3923
374 4884 3198 2214 4800 2443 1436 34 3566 4704 4499 2675 3793 656 1399 2546 151 354 2399 4950 712 1913 2801 3700 2260 1867 3654 3912 1665 3207 3013 3362 4826 4903 3440 2960 198 1347 4520 1915 2304 2238 805 1003 692 4107 3819 2759 2244 3038 1338 2455 89 4106 1435 4280 3672 4499 462 2128 833 858 4389 1317 4316 1440 3998 2142 4873 3774 1009 2337 1716 1951 2477 4421 1392 4070 2659 4986 1914 2181 412 4852 32 1431 4007 1278 287 3709 1631 1469 3075 388 3335 3632 1506 86 3024 3659
378 4675 382 1912 2598 1624 3628 2893 4149 2037 16 3128 794 3551 2073 815 3785 397 2046 343 207 2767 1062 43 1531 1217 3700 765 2952 4642 4905 236 1597 947 4333 2529 1166 840 4820 4456 4240 2210 2803 776 1863 4604 2684 1897 2561 1392 38 4885 4191 2035 1448 3669 1641 4048 2856 662 2256 3278 394 44 854 4442 1057 3220 3953 2156 2184 4787 2977 4574 22 3624 982 4799 30 4947 4324 2207 4852 2955 3087 4336 2620 3127 113 2589 943 367 4613 3754 859 4577 1611 3587 3395 4729
2241 1026 2290 905 1346 3171 2102 1564 3285 4392 4930 3373 1530 2852 110 3624 3196 4380 3805 1082 1046 359 558 464 560 1099 3199 444 3211 530 661 886 2818 1653 456 2101 40 310 1982 1957 796 4517 4776 4911 303 1079 3431 4150 4882 2414 2092 3189 779 2068 1241 1551 282 1110 4255 2505 1655 2559 445 1307 4059 1034 1740 3076 239 3332 895 445 636 3304 1769 4365 521 2312 3502 2263 402 996 32 3087 2606 1462 4479 2161 2719 4543 1813 1419 2437 909 2534 3952 4016 1703 2176 4310
3338 1808 1844 1488 3130 2547 2471 3702 2003 3086 3306 2221 482 2576 1218 2481 1266 1331 2300 3271 3072 4881 4099 1954 2488 2296 4598 4764 2441 1456 2623 1166 4747 4118 3133 4126 4262 2551 147 251 1835 2934 4460 2866 4110 228 1002 1378 2249 4199 179 4724 2998 3062 3215 2936 976 3668 3683 1814 3858 1101 3176 3506 1736 3924 2053 1816 2925 3450 2393 533 4469 2539 4328 1617 3970 2856 4087 4138 607 2210 1431 4336 1462 2788 3915 2846 3012 3452 4315 3184 2925 3787 3009 4733 424 4749 4479 1598
1132 1564 3141 3343 4354 2794 2729 4237 3761 1628 2042 3805 1381 1814 2990 2479 2838 4488 457 3451 2861 3778 3994 3407 2027 1265 4362 1642 2943 4127 254 2597 1674 3260 3696 1572 2448 2345 2855 3318 3188 4809 4529 1096 2057 1708 2774 2722 3989 4599 3379 3807 2166 1785 4620 4901 906 4239 3735 4571 849 1370 2804 2734 141 2747 682 1519 1006 1213 4774 2608 346 4201 507 1317 4852 3224 83 1265 2718 2221 4007 2620 4479 3915 2758 3366 4452 4797 4960 3237 2016 541 4074 4949 2258 1733 2345 3039
794 3975 1988 709 343 4138 1579 4186 2601 2154 2465 3590 4406 3835 95 272 2892 4778 4394 1124 3041 1759 4394 357 4144 3326 2149 831 2341 1315 1567 4594 657 4847 4247 2515 2217 998 3007 4030 2824 3022 3023 1284 1903 2962 1744 2279 4379 4801 2531 2034 3109 95 1151 1783 3328 4764 2551 2420 4845 673 2069 571 362 340 945 3376 122 1065 253 79 1855 251 3816 189 3097 873 3808 1358 2809 4854 1278 3127 2161 2846 3366 4846 4853 273 4994 3289 297 3973 3720 561 1930 1752 4682 631
732 1845 3814 238 110 385 1376 435 591 1426 178 3550 4001 3560 2809 1248 2783 3371 3831 387 4295 4421 2594 33 3849 4265 2414 3148 671 1047 2191 1114 257 4944 894 2032 48 1612 3142 2687 3223 3991 30 2041 4504 2155 1023 4767 3903 1706 3535 4616 3584 4098 4628 2624 2259 1257 1857 94 1603 3671 1902 4333 305 478 3030 1101 4168 2611 1069 4195 3146 1865 2457 1482 1060 1572 2517 1390 3265 778 287 113 2719 3012 4452 4853 1682 3333 2352 169 3567 3631 3370 2408 3273 3311 4487 1063
148 2762 2473 3542 2146 495 32 1245 3159 377 531 1148 4306 4618 1001 2750 4122 684 1467 2396 1577 2176 4828 1381 866 529 144 1623 2659 864 1055 895 2222 2192 2966 1250 3491 1339 1984 4479 4940 4599 4141 3602 1334 3202 3427 1394 2159 1897 280 4009 3178 429 1301 3662 2813 1547 1053 799 632 4299 1183 299 2915 3768 447 3996 4702 3609 4704 1095 4032 3535 2336 4066 1907 4146 3030 3519 206 89 3709 2589 4543 3452 4797 273 3333 911 3769 4637 4839 4838 2436 3874 2167 736 4551 4839
2659 2080 533 380 2652 4545 4555 1505 3581 3265 3597 540 3987 3977 1602 1900 3208 1407 3634 3316 2334 4246 4338 1465 248 4747 3112 4704 2521 2177 3426 2947 2006 4231 1272 2876 4258 4345 2822 766 4381 93 243 2642 2164 4984 3550 3682 605 2938 3653 1497 3581 1154 2878 1126 2545 304 3657 2177 3906 744 1301 2366 4464 4990 4493 1716 4075 4499 4379 2822 3725 2861 2296 1059 1320 4388 2113 3804 1003 3189 1631 943 1813 4315 4960 4994 2352 3769 2287 1046 1837 3013 3267 1422 235 3225 1494 3886
3211 159 3670 4783 1807 2315 3438 2589 2749 2568 1817 741 2527 4833 3131 2050 1086 2117 473 3873 505 4956 2164 1193 2454 2094 587 14 956 657 2057 928 4255 2220 4631 1772 4687 3005 1235 4783 4908 3464 4956 3347 4669 1592 1804 4391 287 1167 840 3857 595 1857 2712 1282 40 3145 4895 1124 4239 413 1070 4502 615 2642 2957 2041 805 1034 610 1257 3377 405 510 1453 1125 4949 4488 4945 3183 944 1469 367 1419 3184 3237 3289 169 4637 1046 4414 3621 3563 3909 2084 2387 3696 816 1640
4631 3372 3060 1114 3267 4063 1446 1824 1002 3521 802 1152 4804 1178 2123 124 1938 2884 2719 4271 2455 3181 2425 693 290 2676 1163 2562 1348 4178 3274 2218 3392 777 2180 4863 1448 1851 2473 2038 1002 1919 357 4033 2993 1412 1721 1364 137 3862 3195 3567 4369 3702 1400 4663 1410 1427 2182 2276 2234 2979 685 4615 1178 92 203 2962 4122 4979 2984 4251 2618 2694 737 2950 2813 1430 822 4244 1306 182 3075 4613 2437 2925 2016 297 3567 4839 1837 3621 3836 2818 2058 1972 2302 70 2698 4297
734 1665 1336 888 2027 3157 2538 3814 4703 4225 1126 1099 2875 3278 385 573 2190 1787 4423 1069 3635 1351 1160 3490 297 4604 3927 3206 3667 3044 4687 2797 4301 4699 212 4766 1673 3505 4081 622 1657 409 3930 2541 2482 2694 3522 2167 3725 213 1814 2241 2690 1199 1999 4990 1877 3017 1309 4929 3386 34 2446 1637 2630 3434 1616 4617 1433 4181 422 3088 3921 3448 3883 1023 3481 347 1194 3005 4382 2569 388 3754 909 3787 541 3973 3631 4838 3013 3563 2818 1681 396 3247 146 987 4138 4857
4507 3503 259 1336 559 4178 2833 3672 700 1214 4008 2034 3255 1535 4855 3163 2473 2271 2697 103 4936 807 3387 3521 884 3250 3049 403 4294 61 2135 4830 514 4624 1078 3443 1377 4960 1235 4578 1185 1215 1130 2930 2792 642 4689 57 1901 3697 759 1090 4027 1005 4454 3870 3162 1240 3106 2752 136 1578 3796 4191 1195 862 3010 4179 4029 4966 3705 582 3453 1296 2342 3350 2759 1545 1283 2579 2355 4243 3335 859 2534 3009 4074 3720 3370 2436 3267 3909 2058 396 3057 3825 4963 972 4149 4442
2565 3960 1889 3237 2412 377 2809 598 950 527 1698 4035 3337 3220 367 3502 2454 4075 3195 2786 1658 1209 320 1325 2684 1079 2602 4909 2049 4818 3398 3532 1591 4233 3062 4112 2293 22 4767 4513 1770 4853 2293 649 1811 3088 1710 1274 2332 2706 2624 2889 4326 1534 2734 4760 2620 4332 2133 4280 879 4078 2336 2686 2082 2195 3184 4604 1912 1663 1508 4663 2226 4528 2381 1884 1579 3991 861 1697 4798 350 3632 4577 3952 4733 4949 561 2408 3874 1422 2084 1972 3247 3825 4996 4425 3076 954 3280
1482 2815 1785 4901 3379 3113 2881 4623 4016 929 1182 129 2516 4005 4192 3097 86 4962 4336 164 3972 868 4145 909 2402 2378 780 3040 4817 4145 2124 2608 272 714 340 1763 580 914 1682 3208 3919 606 2854 2467 426 3195 4097 4996 376 2941 2011 4607 1082 4262 573 2257 3824 4558 812 441 3450 1140 4731 4003 1714 1622 1682 4294 4870 970 3935 4317 3584 3862 334 906 1190 1392 4340 294 4188 2824 1506 1611 4016 424 2258 1930 3273 2167 235 2387 2302 146 4963 4425 1297 3760 3472 4938
1345 2526 1599 4485 2332 4909 3010 4065 1556 4781 2569 1063 3620 24 1293 1798 2616 1883 4175 2406 4316 861 4266 119 3201 1019 666 1848 4123 1265 4302 1650 234 1107 4423 1981 197 1203 4483 699 346 122 896 3440 1257 4129 165 1177 4064 2424 3997 3120 3484 1050 2634 2572 1749 2352 4436 822 421 950 3961 637 4368 2804 2676 2274 2624 2420 1191 4444 3928 1707 2551 3767 2590 4477 349 2495 4407 1369 86 3587 1703 4749 1733 1752 3311 736 3225 3696 70 987 972 3076 3760 4130 2672 2597
1013 2484 2956 1917 331 862 2294 2136 321 4477 1654 4838 4089 4752 1681 3589 4245 3641 2596 3600 1891 1434 3472 2562 3705 4001 3865 843 1693 1202 4529 278 3020 1393 2811 2405 2387 2396 2827 4254 1774 3085 852 57 494 1454 215 2586 620 1359 275 3325 2268 3299 4270 724 4206 72 3839 30 1789 1741 2333 3002 2077 3227 559 3490 2402 4544 3120 747 222 2738 2063 4731 4684 2768 3272 651 281 3680 3024 3395 2176 4479 2345 4682 4487 4551 1494 816 2698 4138 4149 954 3472 2672 126 4435
191 606 3064 1613 4749 3042 1324 2181 4065 3363 601 2562 2763 4342 2839 2136 990 1928 2377 1844 1613 1420 498 4410 1554 4314 3547 3975 1242 4698 3370 4913 994 305 3572 1500 1331 3967 4036 3610 2300 1989 2799 4750 4122 469 894 3532 501 3761 3040 4604 2645 453 1488 4552 220 61 3661 4493 269 1436 1699 1520 2423 3051 2423 3550 810 2919 647 518 1603 3164 2975 2409 2426 2054 4027 4541 4380 3923 3659 4729 4310 1598 3039 631 1063 4839 3886 1640 4297 4857 4442 3280 4938 2597 4435 2271
