N: 100
M: 20
Symmetric: true
Triangle: false
1 3
4 22 21 67 96
9 62 90 1 5 14 42 89 98 86
3 17 31 84
6 77 58 40 64 7 95
5 54 24 94 87 80
6 50 28 29 73 37 8
5 81 45 75 39 47
5 35 13 16 55 52
4 63 19 76 34
2 41 70
6 44 82 18 61 6 71
5 72 2 9 93 27
6 20 46 33 32 12 51
6 74 26 48 92 49 56
4 10 88 11 25
5 23 59 43 4 85
5 91 57 99 68 69
7 15 38 100 53 78 83 97
6 36 60 65 79 30 66
184 1686 1884 2644 3368 114 1658 4984 1174 454 1295 835 3898 1840 1773 1639 574 393 1871 4605 321 1216 1018 1837 2038 2851 1420 2639 3466 604 973 454 2205 557 2170 969 4246 2923 596 3961 458 3571 137 4456 3133 3122 2837 4082 870 903 3210 2832 847 502 1923 3209 3218 2861 555 3932 724 2347 191 790 4042 4788 4104 4853 2198 2917 464 4763 2393 3492 4450 1851 1027 400 2396 1516 2592 4373 4770 1627 4035 4929 1467 1581 2092 3505 4757 2483 166 265 3335 4839 1608 4381 390 3830
1686 1617 147 4576 4322 2452 3947 3506 2414 2083 1881 2290 2628 1011 1220 2419 749 1582 3703 4705 2396 1060 2384 1755 3720 3109 4367 687 1116 3289 4880 408 2008 1039 248 3506 3487 4353 4099 3964 4170 1024 2029 1354 3957 2306 3332 4072 4970 2684 4301 1532 4461 2892 574 2082 1141 2557 2702 710 211 1259 3435 1293 1521 3179 4463 2267 1892 4670 1759 3399 333 3331 666 1874 3116 912 887 2170 1103 1278 1590 1508 1333 1544 782 1930 4119 3663 4171 2344 1915 354 2268 2451 2117 2688 4181 1481
1884 147 1911 2161 4345 2990 3746 4215 1713 3448 2797 4887 4574 2494 2761 4700 4051 4987 789 2163 2255 4958 1726 1235 1490 3331 2589 938 3127 1406 4537 4918 3678 826 3654 1121 1768 1292 4707 3346 3092 2903 4159 2983 1935 3615 3001 495 2719 2977 1368 4516 2357 3252 2102 4901 2752 2809 742 46 2372 1373 1779 1446 2862 2730 3401 2230 1794 1728 4798 1676 2204 3791 338 4027 4855 4937 2129 2410 1120 2325 509 501 1791 1324 3001 2627 4417 4669 4999 830 4872 1098 3047 447 3830 3905 633 1914
2644 4576 2161 3177 1146 2357 1231 2210 934 3299 1817 3022 3090 2844 84 4190 344 2852 1329 4384 1735 2309 4152 3344 99 1328 970 4393 3247 2771 2557 229 2946 1222 351 1031 306 1413 3194 2709 1602 4245 3471 1830 4950 4695 1128 2748 4751 3263 115 2231 4826 2499 1823 231 4468 1557 3297 698 1558 2467 3962 3864 3554 4046 2632 3652 1785 135 3382 1807 2872 3036 2526 288 4963 2082 3842 2982 3256 4008 763 2558 2246 1337 2402 2607 3440 1458 2721 3578 4006 4718 238 1989 1701 1119 3058 525
3368 4322 4345 1146 4148 841 278 4062 401 2959 4973 941 3987 3328 695 3428 1147 1772 4929 2823 429 3566 3407 49 1300 3879 735 345 1670 4504 4963 144 4722 818 4629 3525 1517 3735 753 3059 3117 4895 2996 2770 4966 1981 80 2108 795 2551 4652 1452 849 1393 4729 2801 1022 4687 2047 577 623 401 855 2671 1401 3464 2213 755 1001 1247 4506 1827 2227 4453 2021 2572 1959 2040 3067 2404 3143 2174 2310 3605 1277 2520 2938 3801 4686 2645 4707 1740 1188 762 1188 3117 3095 4723 2737 3350
114 2452 2990 2357 841 3398 3777 4158 3860 460 4806 3587 71 4996 3927 637 1964 1629 2180 2568 4277 3829 3583 4700 3503 2701 1166 3794 4519 3394 2171 2651 992 479 1996 214 1588 3121 3673 4035 2286 2851 1853 454 2021 3940 1513 1854 59 4343 1438 3526 2858 1038 2862 2666 2735 2709 4530 3334 3814 2463 1028 1679 4062 2136 2757 4606 517 4149 4279 846 4011 3291 968 3524 1673 3060 3780 49 108 3521 3365 2503 2062 3386 671 522 3536 3777 2055 569 757 4999 2270 1748 2448 2332 2210 528
1658 3947 3746 1231 278 3777 3432 932 3024 1870 3913 3455 1531 3342 578 3273 4311 3548 4161 2621 2084 4024 311 3414 781 996 4100 4869 1397 462 731 1817 4975 144 3961 4412 3000 4701 4190 3837 4230 4899 1955 4300 1716 4926 3635 3306 4607 3767 1117 2340 17 3412 1288 2966 4651 4813 4723 2788 3167 3892 3210 2346 160 4870 385 3964 1199 3456 3239 4074 718 2630 1310 4605 3611 489 1286 1902 2908 3909 3860 845 1775 4358 1267 2820 695 574 4227 557 4699 603 3686 1436 447 186 3737 1040
4984 3506 4215 2210 4062 4158 932 2813 3132 212 1135 625 1282 4712 4017 951 4188 891 638 3575 4531 1927 3456 3454 4966 2690 120 3124 3235 2089 586 350 2577 3153 1165 4851 1695 3775 1896 2980 4278 2886 3403 4910 1980 4739 4929 1680 4322 4444 3103 829 2006 4312 3641 4127 4985 4021 2637 3742 4097 3423 3331 1918 1605 4053 4846 1966 3854 4217 2517 4733 4921 3006 3124 4546 4855 2348 3931 1886 4876 1800 1644 686 4166 3314 1776 4465 3074 2096 4852 2245 4889 1792 2435 3092 3221 4615 1492 4543
1174 2414 1713 934 401 3860 3024 3132 2895 1868 2262 2495 3804 1977 2830 3984 809 1600 1715 3420 2667 2539 616 453 4337 4283 3020 4704 3058 1225 518 2619 3372 2157 722 829 1816 1512 4980 2688 3372 4535 2173 3462 3299 1725 74 1263 4830 2471 3382 1260 4127 3879 3375 4401 4427 4707 2362 2959 1483 635 2326 2449 180 3646 3235 4231 2191 4725 585 3760 897 4140 2291 1853 762 4159 1271 2855 4411 4530 2133 256 1925 3870 2301 4753 4859 1470 2553 3855 2326 1832 3461 205 4902 4891 1748 609
454 2083 3448 3299 2959 460 1870 212 1868 2639 2342 3181 4263 4214 2533 1456 4669 3539 1774 1395 2451 2794 3478 76 1185 1444 4713 4762 748 4713 1189 2968 268 402 1068 1566 4778 3692 3410 2971 1033 2508 4486 3208 3454 434 1822 2890 2023 4183 1237 4363 303 1460 817 3365 1216 3872 4704 1838 3227 1328 618 906 4148 4365 4018 1827 483 69 1628 4495 352 694 4842 4370 1714 488 3918 4957 4738 219 1034 4309 4027 3488 861 4868 3117 557 1111 3133 1067 2263 3060 3052 2430 686 2046 4470
1295 1881 2797 1817 4973 4806 3913 1135 2262 2342 1824 706 3481 1305 4163 1488 1458 4039 1533 4526 291 3811 1910 2561 4752 3876 1019 2678 217 1930 1000 1730 121 4308 3009 2260 299 4440 3308 4508 3366 2621 4470 869 1799 1148 2860 2784 3784 2157 77 3797 4208 4507 1709 2320 199 2548 3130 3683 4201 1648 4863 2079 2606 4174 3678 2955 4314 3336 4877 1670 3099 4660 4892 2290 1225 1194 735 2061 689 2700 1277 2035 2989 1446 1414 1184 961 1427 460 2876 1513 148 2840 1630 445 2562 4517 3892
835 2290 4887 3022 941 3587 3455 625 2495 3181 706 2930 4796 3312 4097 2510 1377 3345 3570 2592 1312 4214 4560 2530 4601 4614 3321 260 3124 4354 2045 3552 2294 444 2821 4716 3207 2251 1984 2395 250 400 219 4876 2333 2849 1115 1772 4992 3029 3700 3113 1770 1386 4194 2090 15 4223 481 2640 541 85 2315 4142 1682 2270 2349 1971 2853 727 896 1143 1707 382 1396 3863 1437 1429 4268 2292 2400 1707 3956 2552 1388 2511 4888 1403 620 2502 2129 92 2035 2401 3865 326 1196 4343 679 2915
3898 2628 4574 3090 3987 71 1531 1282 3804 4263 3481 4796 1606 950 1772 4978 2272 1031 3631 1373 1598 183 2999 3887 4431 1387 1068 4152 600 4753 2405 4185 3570 3204 1624 4520 2080 147 3435 4712 257 3618 1251 2699 4608 477 1225 902 173 1005 3736 1883 2532 1374 2153 3216 25 2797 2310 4860 1482 1705 13 4208 2411 335 2710 3754 419 4146 1873 4776 3010 2309 2654 1258 3570 3501 1235 4464 402 1711 4169 2969 2488 4290 833 1374 3527 2030 3785 2963 3495 1980 1030 1109 2423 2346 634 3316
1840 1011 2494 2844 3328 4996 3342 4712 1977 4214 1305 3312 950 633 971 1072 3111 4774 1137 605 891 1141 4624 1792 312 2971 1736 1052 242 1627 1214 4475 2249 4135 4273 3876 3581 4872 2779 3538 4807 4876 4941 301 771 2288 1368 2783 3107 2457 4828 3507 3167 3804 3358 3496 2274 1833 2865 2614 4945 546 316 4597 199 2366 3006 276 4015 1030 42 773 1293 890 1558 2963 3393 878 4287 4572 4920 4322 3859 868 1513 3544 1554 2722 1243 3275 3670 2562 1834 1807 150 3248 618 1847 94 195
1773 1220 2761 84 695 3927 578 4017 2830 2533 4163 4097 1772 971 1734 4772 1390 3852 2970 2404 4528 3720 721 1751 3563 485 436 3925 1879 995 4372 184 1309 2561 1298 3523 4551 4244 1892 4867 4463 3941 2447 4614 4898 3245 1585 3351 3532 4540 701 1899 800 1344 2712 3215 2238 4496 2376 3846 2426 3208 1996 1201 4585 3519 4155 4064 1422 4285 4512 2642 3611 912 2633 1806 3902 274 4882 3784 3053 2819 2482 554 783 1405 3250 1735 3893 514 2552 706 4904 1057 4098 1235 1822 3597 2563 18
1639 2419 4700 4190 3428 637 3273 951 3984 1456 1488 2510 4978 1072 4772 123 1115 2320 3235 500 1603 555 1860 3245 3698 4054 3906 2448 388 2335 3695 3839 3733 4401 1440 2240 3860 12 1086 2426 1384 4358 487 2420 1604 1450 2630 2584 2588 81 481 1956 4526 1405 4065 3809 2244 1563 4651 1978 3547 4153 3165 3553 3644 3837 1826 4617 890 4431 3329 1076 4734 568 4995 4416 4877 843 4220 2095 1131 813 2835 3301 316 4789 4338 2742 4729 1989 2439 612 1688 901 3758 2819 3414 1218 1328 616
574 749 4051 344 1147 1964 4311 4188 809 4669 1458 1377 2272 3111 1390 1115 423 3222 1649 956 367 2940 2198 1811 1281 2602 1539 1122 4290 4104 3764 601 2224 4996 4972 3436 4106 4019 807 1508 3376 1362 1211 1068 1001 1125 3087 684 2818 250 1835 992 4604 4334 3934 2163 4188 2412 4879 3999 4570 335 127 4546 1532 4262 4806 3783 258 4507 1259 3522 2851 835 1655 1595 972 190 1201 1708 1986 706 2713 858 3205 1168 4510 2498 2887 2642 4014 3416 3797 2459 2897 1964 3113 4678 857 1248
393 1582 4987 2852 1772 1629 3548 891 1600 3539 4039 3345 1031 4774 3852 2320 3222 2266 329 155 2734 3205 1716 2778 1567 1833 2851 951 2574 770 4563 4804 2989 3357 3405 3729 1536 4186 2243 252 1233 3821 2088 2631 4114 216 563 3778 1358 1070 2361 4413 478 840 4218 2063 1410 1800 1913 4492 1749 1694 2573 946 4066 824 507 4106 2768 677 1445 739 3375 4263 2983 25 653 999 3304 4695 4909 1913 1808 2964 2486 395 687 2165 1300 1899 3311 3848 1683 1937 4887 3703 2002 1598 276 1577
1871 3703 789 1329 4929 2180 4161 638 1715 1774 1533 3570 3631 1137 2970 3235 1649 329 3930 2801 3257 1432 2314 3667 1130 3977 2029 3993 3524 120 3057 2975 2510 200 4530 4411 4100 2771 3694 467 1315 395 1353 701 546 4239 1583 4711 4714 1781 3554 1268 4903 1159 4291 1875 2691 825 2457 30 1194 4625 3403 611 3334 4391 4818 1659 1558 3524 4460 2846 1915 3916 2420 2314 608 4520 1481 2887 4577 3237 2047 2766 1598 2185 454 4671 2850 2000 1493 1472 1933 227 1165 1052 501 3227 1445 2011
4605 4705 2163 4384 2823 2568 2621 3575 3420 1395 4526 2592 1373 605 2404 500 956 155 2801 72 64 4590 2337 649 4987 3098 1557 2222 4169 783 4657 3169 1151 1564 2813 2413 3480 1266 409 4115 1114 4277 4263 1507 4059 3925 1159 2622 1674 2844 1757 3874 3047 4000 4175 4385 4247 448 509 4681 1077 406 4531 4526 2572 1016 562 4975 1677 2260 4777 3100 4480 4922 855 1365 2192 2211 1991 904 2032 2544 1730 3764 3409 2038 77 2491 1025 3134 1362 4207 1746 2374 388 2733 2937 390 4009 756
321 2396 2255 1735 429 4277 2084 4531 2667 2451 291 1312 1598 891 4528 1603 367 2734 3257 64 2658 527 1236 3465 3064 1424 2347 164 2267 1827 4969 982 31 2031 2040 3052 3664 220 4304 376 4140 2265 1726 2017 1326 801 3267 637 3846 414 2925 798 2758 3633 145 379 500 4687 3927 1562 1164 2270 4578 3588 4240 1440 4543 4066 2660 3959 309 1997 80 462 141 4300 3272 311 1578 3821 4583 4793 1740 3619 1530 788 1991 1979 3913 4324 995 1349 137 3080 3591 2896 2827 3954 4939 4423
1216 1060 4958 2309 3566 3829 4024 1927 2539 2794 3811 4214 183 1141 3720 555 2940 3205 1432 4590 527 2248 2592 4759 2763 3139 2210 302 1469 4250 1721 1624 3653 4927 2420 4810 46 4119 778 3788 801 1567 2923 723 192 1640 1191 1895 522 1930 4496 2871 641 1211 3947 3514 178 2988 1352 2004 1093 1224 2720 3902 4869 3759 3090 277 3844 140 2453 2207 3464 177 2701 3716 1991 2656 1535 1475 1987 1952 4810 4380 1720 1754 1492 4730 4018 832 3898 795 2724 4762 3573 1698 3388 3447 398 4114
1018 2384 1726 4152 3407 3583 311 3456 616 3478 1910 4560 2999 4624 721 1860 2198 1716 2314 2337 1236 2592 1822 1898 2812 4297 162 887 1617 607 945 4153 4558 4278 4066 4545 2727 2167 4829 1669 1629 2936 2685 4456 858 4417 2574 3984 3065 562 176 3170 91 4269 2539 1177 3637 3753 763 2291 100 1618 605 4051 3259 2037 755 3750 2380 3630 1739 3240 51 4477 2233 703 2629 2359 841 1485 856 852 2582 452 4091 2545 4120 2860 163 4000 3049 1699 3469 1557 4726 511 4333 3029 4894 4383
1837 1755 1235 3344 49 4700 3414 3454 453 76 2561 2530 3887 1792 1751 3245 1811 2778 3667 649 3465 4759 1898 2175 1944 1950 2115 470 647 3239 3484 3831 3453 3771 2674 1437 601 68 4157 4257 669 1062 826 3935 4904 3432 1634 4023 4753 4861 173 4446 3568 4809 684 852 2036 1164 292 2687 4630 3757 748 607 4067 4426 2992 3894 423 3536 2383 1777 2008 4356 2389 1436 1127 2134 95 4818 3927 2020 3048 1997 1276 2665 2417 2890 130 2011 3086 269 469 2745 1602 3835 4620 4727 3267 4601
2038 3720 1490 99 1300 3503 781 4966 4337 1185 4752 4601 4431 312 3563 3698 1281 1567 1130 4987 3064 2763 2812 1944 2973 3948 3777 2207 3473 2159 1039 155 1582 2370 2667 2179 1039 4157 4356 2627 3861 2176 3034 3382 4992 4492 232 2729 3365 86 2867 67 4846 509 3756 3245 3556 291 1835 2396 469 848 3938 1409 2770 3047 1179 1598 1205 537 4897 1006 51 4499 3850 2623 815 4005 4365 4518 539 70 3785 1305 2199 3647 1086 4875 2105 4641 4338 1270 4471 331 2967 1106 1973 1414 3404 2112
2851 3109 3331 1328 3879 2701 996 2690 4283 1444 3876 4614 1387 2971 485 4054 2602 1833 3977 3098 1424 3139 4297 1950 3948 1177 4054 1590 2529 362 4205 2716 2784 2430 4116 2816 2023 1052 1979 963 1985 2182 2097 454 779 926 2006 3791 2367 3125 1596 205 3629 3602 3598 438 1249 2831 2292 4373 4192 4948 1134 4940 1660 2575 4599 1386 918 1086 2507 1156 3096 4091 406 336 2804 4591 1140 3721 1079 4410 3800 4930 2968 1733 1130 4682 2388 881 4802 1092 4742 1276 1533 3423 208 1934 3773 4924
1420 4367 2589 970 735 1166 4100 120 3020 4713 1019 3321 1068 1736 436 3906 1539 2851 2029 1557 2347 2210 162 2115 3777 4054 2012 2278 1650 327 1939 4005 78 4285 2578 4733 1798 757 4570 4885 2074 3936 4012 3451 4788 4830 1444 106 1400 4830 2378 3210 1742 4904 4713 2859 954 91 2756 1358 224 1116 4529 1433 3940 2471 117 2478 3783 3488 3081 4758 4944 3050 297 904 4132 4495 1154 4982 3036 4522 4557 4500 1079 2622 64 1407 2998 1870 4896 2052 282 2018 900 548 3804 1756 3339 420
2639 687 938 4393 345 3794 4869 3124 4704 4762 2678 260 4152 1052 3925 2448 1122 951 3993 2222 164 302 887 470 2207 1590 2278 3416 332 3729 2110 2815 1996 838 3044 3949 1180 1852 2512 4230 3509 2421 1230 4056 3316 2876 605 1201 393 838 1986 3213 3634 475 4114 2885 3128 476 786 2323 4250 4232 2976 2614 4930 1428 454 4762 3309 3355 4032 1963 3961 614 2855 1672 2590 3077 902 2945 2655 1196 2810 3542 2505 2912 3378 1130 1299 1690 4121 4747 405 275 3849 2636 2195 4191 1303 452
3466 1116 3127 3247 1670 4519 1397 3235 3058 748 217 3124 600 242 1879 388 4290 2574 3524 4169 2267 1469 1617 647 3473 2529 1650 332 1942 2504 4770 2724 3023 3942 1698 3690 1641 4102 4539 4493 3662 4843 1253 1303 4021 2299 3399 2009 4303 2255 4623 4481 3492 2010 4524 4832 2899 1080 2836 3063 1116 3079 2886 4312 2656 4433 2680 751 4701 4101 2757 1493 2868 3467 2426 1598 4079 42 4315 967 2579 23 1827 4865 245 2710 4336 1293 4355 2694 4081 4890 4985 4605 1353 4855 4292 418 1411 4003
604 3289 1406 2771 4504 3394 462 2089 1225 4713 1930 4354 4753 1627 995 2335 4104 770 120 783 1827 4250 607 3239 2159 362 327 3729 2504 258 1666 4390 417 2858 3305 1690 656 3075 2013 4938 3750 3374 1046 18 3950 3550 2161 2437 525 4208 1640 910 1996 1571 285 2699 1185 798 349 3251 2962 2948 4595 1888 2622 951 53 4538 3628 2278 2914 2859 4313 2864 3457 3525 1542 3544 64 223 755 1647 2657 299 4441 3935 2253 389 1567 2129 3874 3918 1487 329 2267 2843 3174 510 3894 4547
973 4880 4537 2557 4963 2171 731 586 518 1189 1000 2045 2405 1214 4372 3695 3764 4563 3057 4657 4969 1721 945 3484 1039 4205 1939 2110 4770 1666 1596 3137 3028 3483 653 3010 106 312 3297 916 1278 1103 4022 3567 4527 942 3559 77 2357 2779 4447 3775 1888 4890 2798 2322 1703 4316 1324 4410 102 1817 1176 3159 1600 2501 3519 1721 4214 4731 1520 2853 722 3963 3720 2717 3026 4515 3550 3385 1946 4164 4066 2163 3490 1277 4817 54 600 531 3138 2753 426 82 4536 2747 1702 4671 4611 2729
454 408 4918 229 144 2651 1817 350 2619 2968 1730 3552 4185 4475 184 3839 601 4804 2975 3169 982 1624 4153 3831 155 2716 4005 2815 2724 4390 3137 3606 4002 2606 546 2665 4514 4915 530 2363 1136 3638 36 1146 2759 1942 1014 2908 2858 3371 1463 1897 384 1068 708 4374 4576 565 306 1110 4493 3398 1128 674 278 1010 103 1957 1397 4503 3883 2429 1392 3534 3280 2919 26 4992 3316 3568 2309 222 3928 2693 3138 1438 3681 1150 2258 4865 2399 3322 3317 2199 4389 3383 3050 505 1958 2427
2205 2008 3678 2946 4722 992 4975 2577 3372 268 121 2294 3570 2249 1309 3733 2224 2989 2510 1151 31 3653 4558 3453 1582 2784 78 1996 3023 417 3028 4002 2964 3115 1713 2315 4922 1123 3743 935 2832 2757 4264 2668 568 1189 2452 4287 4333 2574 2955 2491 3508 4446 2122 4152 859 960 4406 709 4426 4470 4854 4097 2396 4872 455 3285 4548 4147 3531 1561 4069 3107 4217 4099 1587 4663 3939 1723 2154 1859 1865 710 1629 1576 3459 3739 3743 4114 3175 1786 2025 3780 3091 2694 2417 4315 1323 1463
557 1039 826 1222 818 479 144 3153 2157 402 4308 444 3204 4135 2561 4401 4996 3357 200 1564 2031 4927 4278 3771 2370 2430 4285 838 3942 2858 3483 2606 3115 1048 577 167 4982 3400 4897 2028 3425 2888 2254 4112 699 4048 1034 2623 4953 1121 1453 2382 4189 1732 3691 1911 2796 3781 2966 4170 2424 53 215 859 4295 4096 2394 1278 4199 4430 4066 4604 1140 2244 4422 4136 4006 3011 3081 2985 1022 3146 1664 2491 3520 1129 441 13 4945 4812 2863 3879 4729 375 2227 1195 3753 4428 622 1753
2170 248 3654 351 4629 1996 3961 1165 722 1068 3009 2821 1624 4273 1298 1440 4972 3405 4530 2813 2040 2420 4066 2674 2667 4116 2578 3044 1698 3305 653 546 1713 577 4448 4491 1970 4222 4352 3987 4312 4965 3442 2134 4300 1405 1532 1575 1396 4437 3150 3771 669 2637 1814 1470 559 209 2134 1419 321 2287 3443 2332 724 782 2062 4844 2089 3166 2718 1914 108 4192 1878 675 412 2257 3120 4583 4346 258 3219 4897 1446 2689 3051 4297 72 3547 66 963 3749 2601 1516 1583 821 1926 1637 1042
969 3506 1121 1031 3525 214 4412 4851 829 1566 2260 4716 4520 3876 3523 2240 3436 3729 4411 2413 3052 4810 4545 1437 2179 2816 4733 3949 3690 1690 3010 2665 2315 167 4491 3618 315 4574 4037 4914 3942 1497 2836 4023 889 4400 3826 1614 4780 1311 3774 888 118 4028 1545 2255 2487 809 2285 4745 3363 1563 2193 2618 604 4842 3809 4341 4699 4601 2316 1689 3408 4951 2454 1419 2369 4850 610 764 1976 683 4337 1690 1491 2124 2826 1701 4550 3327 2030 3781 1488 4034 4799 4219 1219 1859 379 1272
4246 3487 1768 306 1517 1588 3000 1695 1816 4778 299 3207 2080 3581 4551 3860 4106 1536 4100 3480 3664 46 2727 601 1039 2023 1798 1180 1641 656 106 4514 4922 4982 1970 315 3045 4942 3286 3688 1240 1548 3646 4663 3996 272 4859 4668 4315 4605 2660 3380 1272 1357 582 1023 356 4264 2145 2188 2817 2096 4395 3003 3925 3076 3570 1124 4071 35 1827 3205 1666 4207 4075 3765 475 4705 4621 1238 1860 1894 4655 2729 900 1143 215 2290 800 4410 2747 2903 815 4552 4145 4782 3318 2978 520 3388
2923 4353 1292 1413 3735 3121 4701 3775 1512 3692 4440 2251 147 4872 4244 12 4019 4186 2771 1266 220 4119 2167 68 4157 1052 757 1852 4102 3075 312 4915 1123 3400 4222 4574 4942 2485 1375 2626 3708 3052 2264 1608 3738 4074 453 151 4244 3583 300 458 2848 4767 4094 2452 1423 1318 1776 4044 181 2772 4544 115 4577 532 199 4372 313 1960 4825 2305 570 1470 2125 849 4460 436 2225 2160 1512 3907 3447 1936 3861 1059 4738 4283 3729 4874 2841 412 1810 1299 437 3101 193 4846 2214 4400
596 4099 4707 3194 753 3673 4190 1896 4980 3410 3308 1984 3435 2779 1892 1086 807 2243 3694 409 4304 778 4829 4157 4356 1979 4570 2512 4539 2013 3297 530 3743 4897 4352 4037 3286 1375 3951 1369 2004 878 1244 4265 2583 324 862 268 3600 200 900 1959 4359 351 761 1164 3052 4573 3053 45 1982 1969 2823 1648 2257 1608 4317 3298 1846 1554 978 2219 983 3575 2627 783 1529 4099 4815 4921 1960 2276 274 4731 4458 4512 4811 59 2267 4100 2891 1112 895 3142 675 2350 48 171 1871 3814
3961 3964 3346 2709 3059 4035 3837 2980 2688 2971 4508 2395 4712 3538 4867 2426 1508 252 467 4115 376 3788 1669 4257 2627 963 4885 4230 4493 4938 916 2363 935 2028 3987 4914 3688 2626 1369 4630 864 252 3748 4090 1075 1021 1479 4823 611 538 1214 3295 763 2075 3628 3219 1585 211 3799 2163 3482 4911 899 1631 101 2659 4872 655 3578 3676 1934 2054 3895 1684 444 1438 4922 1708 936 3352 4054 2470 2805 2370 205 404 1057 2685 1277 3865 3442 2302 4210 4294 1517 2079 3796 134 1844 374
458 4170 3092 1602 3117 2286 4230 4278 3372 1033 3366 250 257 4807 4463 1384 3376 1233 1315 1114 4140 801 1629 669 3861 1985 2074 3509 3662 3750 1278 1136 2832 3425 4312 3942 1240 3708 2004 864 3814 384 2858 4241 1133 2534 4559 2380 4257 1740 2131 3803 700 1032 4946 4248 1692 4842 1929 3306 336 274 3126 3351 2455 1297 4300 223 977 2764 30 3630 4576 4315 1937 1909 2247 4917 173 429 2096 2111 4707 2486 4440 4545 3703 1435 4167 4414 2299 2227 1457 880 3729 3151 3406 1849 4872 4192
3571 1024 2903 4245 4895 2851 4899 2886 4535 2508 2621 400 3618 4876 3941 4358 1362 3821 395 4277 2265 1567 2936 1062 2176 2182 3936 2421 4843 3374 1103 3638 2757 2888 4965 1497 1548 3052 878 252 384 1614 1967 3606 1091 497 2903 1778 3537 3406 1480 2387 3512 3238 2595 1860 2340 4856 4960 2572 4645 4804 2134 2762 2014 4480 1393 551 3303 2209 481 1828 1077 1850 2827 2219 1096 2863 1903 3577 987 679 3665 1520 3428 3602 3091 1981 389 1425 4000 90 1419 2433 589 3940 3635 3693 1900 874
137 2029 4159 3471 2996 1853 1955 3403 2173 4486 4470 219 1251 4941 2447 487 1211 2088 1353 4263 1726 2923 2685 826 3034 2097 4012 1230 1253 1046 4022 36 4264 2254 3442 2836 3646 2264 1244 3748 2858 1967 597 1428 4339 4249 1882 1252 4057 3625 1043 2788 664 831 3520 1592 2656 2728 2664 4567 1053 87 2710 310 4298 1781 2047 4137 36 4444 755 4941 4591 187 3425 2302 2505 4366 2513 4366 150 2305 298 3010 4106 1299 3872 1936 1397 3665 4618 3073 3956 1829 4336 4499 3876 1557 1711 3358
4456 1354 2983 1830 2770 454 4300 4910 3462 3208 869 4876 2699 301 4614 2420 1068 2631 701 1507 2017 723 4456 3935 3382 454 3451 4056 1303 18 3567 1146 2668 4112 2134 4023 4663 1608 4265 4090 4241 3606 1428 565 2021 2063 4812 638 1030 2166 2161 2123 776 4062 1175 3228 3488 1053 3889 4081 4521 1157 2524 3770 223 743 2870 1190 3320 4431 195 2414 3520 4078 1169 1688 227 2105 521 2760 1723 4862 1390 4596 3906 322 3149 786 3005 3173 4715 4768 4891 700 901 4963 1181 1902 4821 364
3133 3957 1935 4950 4966 2021 1716 1980 3299 3454 1799 2333 4608 771 4898 1604 1001 4114 546 4059 1326 192 858 4904 4992 779 4788 3316 4021 3950 4527 2759 568 699 4300 889 3996 3738 2583 1075 1133 1091 4339 2021 1425 4535 843 1690 3425 2875 2548 2607 1038 4208 2798 1172 1186 3072 4647 2207 2925 3782 237 526 882 2251 4841 4665 4095 3390 1173 2370 4406 2922 4103 4012 2415 570 279 2516 3084 3123 2823 1550 4434 2997 1446 2139 1072 1888 786 2613 3702 4109 1206 2583 2082 1610 428 3210
3122 2306 3615 4695 1981 3940 4926 4739 1725 434 1148 2849 477 2288 3245 1450 1125 216 4239 3925 801 1640 4417 3432 4492 926 4830 2876 2299 3550 942 1942 1189 4048 1405 4400 272 4074 324 1021 2534 497 4249 2063 4535 3464 2336 3806 555 2791 3745 1398 2199 1239 2135 309 4541 2688 119 3410 1469 3895 217 1027 1072 2962 4232 264 4615 2610 3250 1914 897 3283 879 381 2290 2825 4461 68 1266 2579 1103 3901 4149 2795 1843 4699 678 2640 3014 4577 629 3577 2171 4018 3924 3040 3779 1743
2837 3332 3001 1128 80 1513 3635 4929 74 1822 2860 1115 1225 1368 1585 2630 3087 563 1583 1159 3267 1191 2574 1634 232 2006 1444 605 3399 2161 3559 1014 2452 1034 1532 3826 4859 453 862 1479 4559 2903 1882 4812 843 2336 4744 4597 3388 3105 1188 1414 4674 3861 3821 2583 1880 1885 377 152 4023 1917 2228 4014 3983 1896 2358 4917 2742 3151 4997 2234 4911 1382 2944 1787 1594 2864 3069 441 1448 4802 2085 1017 467 2834 4860 266 1012 2171 2135 918 3586 1696 4934 1163 2007 802 3639 1043
4082 4072 495 2748 2108 1854 3306 1680 1263 2890 2784 1772 902 2783 3351 2584 684 3778 4711 2622 637 1895 3984 4023 2729 3791 106 1201 2009 2437 77 2908 4287 2623 1575 1614 4668 151 268 4823 2380 1778 1252 638 1690 3806 4597 3380 4794 2462 3405 4434 4096 3249 2205 2434 4781 971 3774 2537 744 1149 3770 4120 1712 3175 4658 4989 4906 4027 2403 4088 205 4085 3786 1401 3674 4089 4582 4964 3745 1304 2590 2817 1331 1803 832 2615 1543 1319 3176 3568 1483 105 1747 318 1178 2340 930 2919
870 4970 2719 4751 795 59 4607 4322 4830 2023 3784 4992 173 3107 3532 2588 2818 1358 4714 1674 3846 522 3065 4753 3365 2367 1400 393 4303 525 2357 2858 4333 4953 1396 4780 4315 4244 3600 611 4257 3537 4057 1030 3425 555 3388 4794 4581 4353 698 3871 2001 307 947 1012 4951 1618 4536 643 4410 4995 2122 183 2897 2305 4221 41 3100 2720 4248 2403 3062 2544 4479 4422 3053 2131 2315 3184 57 1761 3614 2844 2562 1236 2470 694 1011 1228 3854 3066 1405 2054 527 2653 185 3042 2860 1445
903 2684 2977 3263 2551 4343 3767 4444 2471 4183 2157 3029 1005 2457 4540 81 250 1070 1781 2844 414 1930 562 4861 86 3125 4830 838 2255 4208 2779 3371 2574 1121 4437 1311 4605 3583 200 538 1740 3406 3625 2166 2875 2791 3105 2462 4353 4685 909 1483 2978 1832 484 4716 1965 1537 2482 4671 1096 4549 3586 341 2497 1920 4492 3753 1626 1203 3164 4300 1958 1632 4392 101 29 1304 3723 1090 1866 431 96 455 333 558 4900 3259 496 3125 1776 2693 52 2347 3439 3977 1931 103 87 393
3210 4301 1368 115 4652 1438 1117 3103 3382 1237 77 3700 3736 4828 701 481 1835 2361 3554 1757 2925 4496 176 173 2867 1596 2378 1986 4623 1640 4447 1463 2955 1453 3150 3774 2660 300 900 1214 2131 1480 1043 2161 2548 3745 1188 3405 698 909 2890 4449 279 3349 3035 3340 1228 4349 3470 2945 499 2021 2277 776 1834 2108 2063 4881 4750 765 2309 4250 1805 2790 2905 183 4714 705 1066 4296 1430 462 2883 4019 1451 4137 4733 3797 1387 1111 3448 539 3964 3196 1074 861 330 4720 4788 1054
2832 1532 4516 2231 1452 3526 2340 829 1260 4363 3797 3113 1883 3507 1899 1956 992 4413 1268 3874 798 2871 3170 4446 67 205 3210 3213 4481 910 3775 1897 2491 2382 3771 888 3380 458 1959 3295 3803 2387 2788 2123 2607 1398 1414 4434 3871 1483 4449 4706 1218 3793 733 2490 4026 4664 1977 1156 948 243 383 1878 3206 1256 2563 4621 4204 1616 2647 2566 920 2657 3070 2462 457 3707 4106 3904 2186 1184 621 15 4788 3548 2902 4905 681 1323 4899 44 4090 4355 4987 2322 1400 3647 4308 4298
847 4461 2357 4826 849 2858 17 2006 4127 303 4208 1770 2532 3167 800 4526 4604 478 4903 3047 2758 641 91 3568 4846 3629 1742 3634 3492 1996 1888 384 3508 4189 669 118 1272 2848 4359 763 700 3512 664 776 1038 2199 4674 4096 2001 2978 279 1218 3285 4555 1652 3473 4776 559 2576 2282 4949 4628 1663 61 1140 2653 3142 3048 4255 3265 3958 4130 2044 3268 4068 428 4026 604 79 663 2080 2059 14 2949 2062 3159 2822 3244 3772 864 4817 4130 4431 3939 2540 3287 2980 1538 4189 3316
502 2892 3252 2499 1393 1038 3412 4312 3879 1460 4507 1386 1374 3804 1344 1405 4334 840 1159 4000 3633 1211 4269 4809 509 3602 4904 475 2010 1571 4890 1068 4446 1732 2637 4028 1357 4767 351 2075 1032 3238 831 4062 4208 1239 3861 3249 307 1832 3349 3793 4555 4272 4603 1120 3855 1938 135 444 4629 756 1071 168 3789 2360 1026 212 652 2384 4151 737 889 4093 2512 4487 1088 914 741 2163 4212 2528 3364 2337 4042 612 1917 3225 3321 4745 2935 713 2841 1275 3678 3387 1571 4646 2598 1592
1923 574 2102 1823 4729 2862 1288 3641 3375 817 1709 4194 2153 3358 2712 4065 3934 4218 4291 4175 145 3947 2539 684 3756 3598 4713 4114 4524 285 2798 708 2122 3691 1814 1545 582 4094 761 3628 4946 2595 3520 1175 2798 2135 3821 2205 947 484 3035 733 1652 4603 4279 3729 2567 1028 1506 3479 994 3661 3011 3531 1248 1302 3309 3001 994 1166 4972 1902 2792 4617 2749 3596 3416 3705 4539 3269 2925 4367 1734 2564 2753 1940 1555 2316 2002 3770 137 4429 2152 1771 1182 3485 4484 3260 3921 1035
3209 2082 4901 231 2801 2666 2966 4127 4401 3365 2320 2090 3216 3496 3215 3809 2163 2063 1875 4385 379 3514 1177 852 3245 438 2859 2885 4832 2699 2322 4374 4152 1911 1470 2255 1023 2452 1164 3219 4248 1860 1592 3228 1172 309 2583 2434 1012 4716 3340 2490 3473 1120 3729 2088 4559 4925 1648 2459 1425 4193 2074 655 1741 779 2413 2514 4374 445 1048 1855 2764 2245 1378 1188 1714 1973 1933 2561 1977 4782 1916 3970 749 4216 1967 3689 3008 2928 4412 2128 4612 4520 2149 2078 4245 3948 870 3364
3218 1141 2752 4468 1022 2735 4651 4985 4427 1216 199 15 25 2274 2238 2244 4188 1410 2691 4247 500 178 3637 2036 3556 1249 954 3128 2899 1185 1703 4576 859 2796 559 2487 356 1423 3052 1585 1692 2340 2656 3488 1186 4541 1880 4781 4951 1965 1228 4026 4776 3855 2567 4559 787 4372 1996 405 3935 4429 635 1400 312 3873 1813 3559 22 1852 4830 4768 151 406 1808 3620 1273 3389 3765 2468 1187 3361 1015 3092 2421 1563 2784 4782 3126 3348 3006 3769 1913 4636 2901 3815 2873 721 153 4126
2861 2557 2809 1557 4687 2709 4813 4021 4707 3872 2548 4223 2797 1833 4496 1563 2412 1800 825 448 4687 2988 3753 1164 291 2831 91 476 1080 798 4316 565 960 3781 209 809 4264 1318 4573 211 4842 4856 2728 1053 3072 2688 1885 971 1618 1537 4349 4664 559 1938 1028 4925 4372 4176 3208 4901 399 3135 1477 1550 4413 65 802 4175 3725 4012 2844 1913 364 2863 3495 3307 2826 3393 956 1035 902 861 2951 2604 3080 894 1506 4578 3289 2995 2251 2585 474 3800 643 1424 2928 1704 4653 4573
555 2702 742 3297 2047 4530 4723 2637 2362 4704 3130 481 2310 2865 2376 4651 4879 1913 2457 509 3927 1352 763 292 1835 2292 2756 786 2836 349 1324 306 4406 2966 2134 2285 2145 1776 3053 3799 1929 4960 2664 3889 4647 119 377 3774 4536 2482 3470 1977 2576 135 1506 1648 1996 3208 3096 2518 4664 2230 1823 4469 3748 4285 3032 217 1581 2141 583 2461 4228 1029 4169 876 4597 1385 913 1708 3522 1474 4920 601 4591 3837 2094 2221 3383 4259 2759 427 2976 1570 3181 3123 3393 299 2590 3115
3932 710 46 698 577 3334 2788 3742 2959 1838 3683 2640 4860 2614 3846 1978 3999 4492 30 4681 1562 2004 2291 2687 2396 4373 1358 2323 3063 3251 4410 1110 709 4170 1419 4745 2188 4044 45 2163 3306 2572 4567 4081 2207 3410 152 2537 643 4671 2945 1156 2282 444 3479 2459 405 4901 2518 2105 418 980 1692 3188 3233 2628 4648 2292 781 2479 789 3656 1191 1017 4525 2999 246 2730 2909 698 3282 1752 687 3476 3138 457 1926 1958 4416 1551 2653 3620 2915 3947 4880 467 3408 798 145 1329
724 211 2372 1558 623 3814 3167 4097 1483 3227 4201 541 1482 4945 2426 3547 4570 1749 1194 1077 1164 1093 100 4630 469 4192 224 4250 1116 2962 102 4493 4426 2424 321 3363 2817 181 1982 3482 336 4645 1053 4521 2925 1469 4023 744 4410 1096 499 948 4949 4629 994 1425 3935 399 4664 418 1093 1642 2821 621 4276 4416 876 1174 2279 1910 3776 2699 2577 1668 1624 809 1063 508 2696 641 156 4787 1533 4174 2512 2563 638 2382 4962 2742 4503 1507 1047 3568 4923 2405 864 3433 415 2503
2347 1259 1373 2467 401 2463 3892 3423 635 1328 1648 85 1705 546 3208 4153 335 1694 4625 406 2270 1224 1618 3757 848 4948 1116 4232 3079 2948 1817 3398 4470 53 2287 1563 2096 2772 1969 4911 274 4804 87 1157 3782 3895 1917 1149 4995 4549 2021 243 4628 756 3661 4193 4429 3135 2230 980 1642 3353 2598 4818 4556 3792 428 3636 3879 3966 3994 1048 2989 845 4251 4611 703 4948 4379 421 3603 787 2242 367 3752 43 1354 701 4196 782 4847 745 1262 4785 219 3265 1904 3842 380 1667
191 3435 1779 3962 855 1028 3210 3331 2326 618 4863 2315 13 316 1996 3165 127 2573 3403 4531 4578 2720 605 748 3938 1134 4529 2976 2886 4595 1176 1128 4854 215 3443 2193 4395 4544 2823 899 3126 2134 2710 2524 237 217 2228 3770 2122 3586 2277 383 1663 1071 3011 2074 635 1477 1823 1692 2821 2598 727 1575 1068 586 4212 3591 3027 2100 4063 2872 3391 2842 4489 2574 4551 1070 28 897 1927 3714 759 2875 3801 3819 3738 2550 665 220 520 3619 3690 1863 1910 4953 4522 1502 1769 55
790 1293 1446 3864 2671 1679 2346 1918 2449 906 2079 4142 4208 4597 1201 3553 4546 946 611 4526 3588 3902 4051 607 1409 4940 1433 2614 4312 1888 3159 674 4097 859 2332 2618 3003 115 1648 1631 3351 2762 310 3770 526 1027 4014 4120 183 341 776 1878 61 168 3531 655 1400 1550 4469 3188 621 4818 1575 2745 1582 2912 4245 3709 3873 3675 1918 4941 2319 2985 156 3292 1156 793 4938 886 2207 3159 1369 543 59 543 1937 4551 4774 3245 516 2906 3660 3559 3148 3113 2299 3471 1667 3614
4042 1521 2862 3554 1401 4062 160 1605 180 4148 2606 1682 2411 199 4585 3644 1532 4066 3334 2572 4240 4869 3259 4067 2770 1660 3940 4930 2656 2622 1600 278 2396 4295 724 604 3925 4577 2257 101 2455 2014 4298 223 882 1072 3983 1712 2897 2497 1834 3206 1140 3789 1248 1741 312 4413 3748 3233 4276 4556 1068 1582 4065 4444 1393 4564 3818 3917 4603 4597 2108 3339 4025 1736 2594 2239 1661 4036 3657 2585 3298 4394 4741 1888 4632 3530 1647 3471 437 285 2892 3235 3690 2035 4912 2902 3363 1211
4788 3179 2730 4046 3464 2136 4870 4053 3646 4365 4174 2270 335 2366 3519 3837 4262 824 4391 1016 1440 3759 2037 4426 3047 2575 2471 1428 4433 951 2501 1010 4872 4096 782 4842 3076 532 1608 2659 1297 4480 1781 743 2251 2962 1896 3175 2305 1920 2108 1256 2653 2360 1302 779 3873 65 4285 2628 4416 3792 586 2912 4444 1645 697 3922 3330 3884 2563 2371 2686 4888 4074 1292 4537 2773 2697 4972 471 2213 2729 3311 880 1190 2503 4636 2638 1352 2305 18 1108 1483 2861 2613 1349 1409 814 814
4104 4463 3401 2632 2213 2757 385 4846 3235 4018 3678 2349 2710 3006 4155 1826 4806 507 4818 562 4543 3090 755 2992 1179 4599 117 454 2680 53 3519 103 455 2394 2062 3809 3570 199 4317 4872 4300 1393 2047 2870 4841 4232 2358 4658 4221 4492 2063 2563 3142 1026 3309 2413 1813 802 3032 4648 876 428 4212 4245 1393 697 4026 2402 1124 1013 2326 4288 4314 300 104 4138 127 3289 4386 2703 1125 4140 543 2168 856 3828 933 2824 3627 717 2654 2352 497 1109 2685 672 1279 1339 4058 164
4853 2267 2230 3652 755 4606 3964 1966 4231 1827 2955 1971 3754 276 4064 4617 3783 4106 1659 4975 4066 277 3750 3894 1598 1386 2478 4762 751 4538 1721 1957 3285 1278 4844 4341 1124 4372 3298 655 223 551 4137 1190 4665 264 4917 4989 41 3753 4881 4621 3048 212 3001 2514 3559 4175 217 2292 1174 3636 3591 3709 4564 3922 2402 4040 2627 4015 1332 429 3086 205 3753 1944 2503 2532 4072 4022 1748 4364 1324 2848 4636 3128 1981 855 2075 2768 4316 2468 981 884 706 446 4084 4745 1473 2165
2198 1892 1794 1785 1001 517 1199 3854 2191 483 4314 2853 419 4015 1422 890 258 2768 1558 1677 2660 3844 2380 423 1205 918 3783 3309 4701 3628 4214 1397 4548 4199 2089 4699 4071 313 1846 3578 977 3303 36 3320 4095 4615 2742 4906 3100 1626 4750 4204 4255 652 994 4374 22 3725 1581 781 2279 3879 3027 3873 3818 3330 1124 2627 3088 1519 4980 3556 25 3977 1374 4903 2495 143 2022 4377 4410 4242 1653 173 2213 4762 3878 3077 2093 3684 2709 1314 3872 586 222 4119 2451 3724 1768 1644
2917 4670 1728 135 1247 4149 3456 4217 4725 69 3336 727 4146 1030 4285 4431 4507 677 3524 2260 3959 140 3630 3536 537 1086 3488 3355 4101 2278 4731 4503 4147 4430 3166 4601 35 1960 1554 3676 2764 2209 4444 4431 3390 2610 3151 4027 2720 1203 765 1616 3265 2384 1166 445 1852 4012 2141 2479 1910 3966 2100 3675 3917 3884 1013 4015 1519 1168 4187 153 196 2874 2728 3126 1299 1652 1375 3465 2813 570 2035 2430 3034 3921 3697 3063 1383 3051 657 244 1026 4115 4824 3185 4361 3648 2526 3457
464 1759 4798 3382 4506 4279 3239 2517 585 1628 4877 896 1873 42 4512 3329 1259 1445 4460 4777 309 2453 1739 2383 4897 2507 3081 4032 2757 2914 1520 3883 3531 4066 2718 2316 1827 4825 978 1934 30 481 755 195 1173 3250 4997 2403 4248 3164 2309 2647 3958 4151 4972 1048 4830 2844 583 789 3776 3994 4063 1918 4603 2563 2326 1332 4980 4187 2933 1983 961 1967 1892 125 1836 3086 1859 316 4138 3125 2337 1246 2573 3030 4846 2554 831 3629 1139 3129 4576 2978 4972 1252 1915 647 1931 4664
4763 3399 1676 1807 1827 846 4074 4733 3760 4495 1670 1143 4776 773 2642 1076 3522 739 2846 3100 1997 2207 3240 1777 1006 1156 4758 1963 1493 2859 2853 2429 1561 4604 1914 1689 3205 2305 2219 2054 3630 1828 4941 2414 2370 1914 2234 4088 2403 4300 4250 2566 4130 737 1902 1855 4768 1913 2461 3656 2699 1048 2872 4941 4597 2371 4288 429 3556 153 1983 4660 709 132 2672 3120 4048 4018 1927 3806 467 4821 4382 2547 2551 123 4195 2800 4693 899 3254 587 2774 3520 3545 3957 3678 3985 2275 178
2393 333 2204 2872 2227 4011 718 4921 897 352 3099 1707 3010 1293 3611 4734 2851 3375 1915 4480 80 3464 51 2008 51 3096 4944 3961 2868 4313 722 1392 4069 1140 108 3408 1666 570 983 3895 4576 1077 4591 3520 4406 897 4911 205 3062 1958 1805 920 2044 889 2792 2764 151 364 4228 1191 2577 2989 3391 2319 2108 2686 4314 3086 25 196 961 709 4831 3362 4728 3174 4548 3696 4042 4335 495 680 1741 4243 2825 1857 4219 1594 1354 3485 125 414 2092 943 232 265 2717 3254 1190 1742
3492 3331 3791 3036 4453 3291 2630 3006 4140 694 4660 382 2309 890 912 568 835 4263 3916 4922 462 177 4477 4356 4499 4091 3050 614 3467 2864 3963 3534 3107 2244 4192 4951 4207 1470 3575 1684 4315 1850 187 4078 2922 3283 1382 4085 2544 1632 2790 2657 3268 4093 4617 2245 406 2863 1029 1017 1668 845 2842 2985 3339 4888 300 205 3977 2874 1967 132 3362 4552 103 1657 2835 2087 3798 200 3309 2169 4097 4258 3433 1580 4365 2676 4607 4171 1024 4644 139 4449 4577 3989 4739 3363 2615 3664
4450 666 338 2526 2021 968 1310 3124 2291 4842 4892 1396 2654 1558 2633 4995 1655 2983 2420 855 141 2701 2233 2389 3850 406 297 2855 2426 3457 3720 3280 4217 4422 1878 2454 4075 2125 2627 444 1937 2827 3425 1169 4103 879 2944 3786 4479 4392 2905 3070 4068 2512 2749 1378 1808 3495 4169 4525 1624 4251 4489 156 4025 4074 104 3753 1374 2728 1892 2672 4728 103 3980 2764 479 1774 234 4786 1425 1578 3351 1877 2943 69 2349 4880 499 593 335 3508 3851 2716 2725 4408 755 630 1309 2328
1851 1874 4027 288 2572 3524 4605 4546 1853 4370 2290 3863 1258 2963 1806 4416 1595 25 2314 1365 4300 3716 703 1436 2623 336 904 1672 1598 3525 2717 2919 4099 4136 675 1419 3765 849 783 1438 1909 2219 2302 1688 4012 381 1787 1401 4422 101 183 2462 428 4487 3596 1188 3620 3307 876 2999 809 4611 2574 3292 1736 1292 4138 1944 4903 3126 125 3120 3174 1657 2764 2158 452 2582 3995 2558 4442 4166 793 249 3217 918 3290 4893 2685 2005 636 4374 2881 2273 1984 2132 78 3563 644 1149
1027 3116 4855 4963 1959 1673 3611 4855 762 1714 1225 1437 3570 3393 3902 4877 972 653 608 2192 3272 1991 2629 1127 815 2804 4132 2590 4079 1542 3026 26 1587 4006 412 2369 475 4460 1529 4922 2247 1096 2505 227 2415 2290 1594 3674 3053 29 4714 457 4026 1088 3416 1714 1273 2826 4597 246 1063 703 4551 1156 2594 4537 127 2503 2495 1299 1836 4048 4548 2835 479 452 812 1580 3458 2832 3593 1737 3293 640 4685 2648 4832 4053 965 4153 794 2927 1631 4106 2056 3827 840 167 4676 2009
400 912 4937 2082 2040 3060 489 2348 4159 488 1194 1429 3501 878 274 843 190 999 4520 2211 311 2656 2359 2134 4005 4591 4495 3077 42 3544 4515 4992 4663 3011 2257 4850 4705 436 4099 1708 4917 2863 4366 2105 570 2825 2864 4089 2131 1304 705 3707 604 914 3705 1973 3389 3393 1385 2730 508 4948 1070 793 2239 2773 3289 2532 143 1652 3086 4018 3696 2087 1774 2582 1580 2744 4718 3594 1270 4984 1048 4922 647 4217 168 247 1622 4510 1513 2379 3174 1724 1466 1179 2031 136 180 3205
2396 887 2129 3842 3067 3780 1286 3931 1271 3918 735 4268 1235 4287 4882 4220 1201 3304 1481 1991 1578 1535 841 95 4365 1140 1154 902 4315 64 3550 3316 3939 3081 3120 610 4621 2225 4815 936 173 1903 2513 521 279 4461 3069 4582 2315 3723 1066 4106 79 741 4539 1933 3765 956 913 2909 2696 4379 28 4938 1661 2697 4386 4072 2022 1375 1859 1927 4042 3798 234 3995 3458 4718 3125 901 1898 2576 1896 552 4018 1537 4106 3983 142 794 951 2924 3408 1398 134 496 2374 440 4629 1610
1516 2170 2410 2982 2404 49 1902 1886 2855 4957 2061 2292 4464 4572 3784 2095 1708 4695 2887 904 3821 1475 1485 4818 4518 3721 4982 2945 967 223 3385 3568 1723 2985 4583 764 1238 2160 4921 3352 429 3577 4366 2760 2516 68 441 4964 3184 1090 4296 3904 663 2163 3269 2561 2468 1035 1708 698 641 421 897 886 4036 4972 2703 4022 4377 3465 316 3806 4335 200 4786 2558 2832 3594 901 3058 2658 1497 60 505 4706 2777 3735 1296 2697 2779 3463 2460 161 3586 4785 2698 1291 4275 4693 624
2592 1103 1120 3256 3143 108 2908 4876 4411 4738 689 2400 402 4920 3053 1131 1986 4909 4577 2032 4583 1987 856 3927 539 1079 3036 2655 2579 755 1946 2309 2154 1022 4346 1976 1860 1512 1960 4054 2096 987 150 1723 3084 1266 1448 3745 57 1866 1430 2186 2080 4212 2925 1977 1187 902 3522 3282 156 3603 1927 2207 3657 471 1125 1748 4410 2813 4138 467 495 3309 1425 4442 3593 1270 1898 2658 2068 2031 2364 1306 2001 892 1182 2773 157 2920 3651 1468 931 936 2378 1320 4610 3601 304 1211
4373 1278 2325 4008 2174 3521 3909 1800 4530 219 2700 1707 1711 4322 2819 813 706 1913 3237 2544 4793 1952 852 2020 70 4410 4522 1196 23 1647 4164 222 1859 3146 258 683 1894 3907 2276 2470 2111 679 2305 4862 3123 2579 4802 1304 1761 431 462 1184 2059 2528 4367 4782 3361 861 1474 1752 4787 787 3714 3159 2585 2213 4140 4364 4242 570 3125 4821 680 2169 1578 4166 1737 4984 2576 1497 2031 797 2402 490 3930 2764 2280 1110 3985 226 1384 3387 3762 2110 3729 2184 2414 1085 1127 3557
4770 1590 509 763 2310 3365 3860 1644 2133 1034 1277 3956 4169 3859 2482 2835 2713 1808 2047 1730 1740 4810 2582 3048 3785 3800 4557 2810 1827 2657 4066 3928 1865 1664 3219 4337 4655 3447 274 2805 4707 3665 298 1390 2823 1103 2085 2590 3614 96 2883 621 14 3364 1734 1916 1015 2951 4920 687 1533 2242 759 1369 3298 2729 543 1324 1653 2035 2337 4382 1741 4097 3351 793 3293 1048 1896 60 2364 2402 2594 3199 1079 3974 510 2891 3915 812 736 602 510 3479 1396 960 1222 1632 1729 1650
1627 1508 501 2558 3605 2503 845 686 256 4309 2035 2552 2969 868 554 3301 858 2964 2766 3764 3619 4380 452 1997 1305 4930 4500 3542 4865 299 2163 2693 710 2491 4897 1690 2729 1936 4731 2370 2486 1520 3010 4596 1550 3901 1017 2817 2844 455 4019 15 2949 2337 2564 3970 3092 2604 601 3476 4174 367 2875 543 4394 3311 2168 2848 173 2430 1246 2547 4243 4258 1877 249 640 4922 552 505 1306 490 3199 3016 3671 3163 2441 2645 1260 772 3254 246 1096 4685 2193 4559 3235 1232 1847 900
4035 1333 1791 2246 1277 2062 1775 4166 1925 4027 2989 1388 2488 1513 783 316 3205 2486 1598 3409 1530 1720 4091 1276 2199 2968 1079 2505 245 4441 3490 3138 1629 3520 1446 1491 900 3861 4458 205 4440 3428 4106 3906 4434 4149 467 1331 2562 333 1451 4788 2062 4042 2753 749 2421 3080 4591 3138 2512 3752 3801 59 4741 880 856 4636 2213 3034 2573 2551 2825 3433 2943 3217 4685 647 4018 4706 2001 3930 1079 3671 4330 904 3738 4077 4267 528 226 2758 744 3013 4119 1057 4366 4591 4261 4316
4929 1544 1324 1337 2520 3386 4358 3314 3870 3488 1446 2511 4290 3544 1405 4789 1168 395 2185 2038 788 1754 2545 2665 3647 1733 2622 2912 2710 3935 1277 1438 1576 1129 2689 2124 1143 1059 4512 404 4545 3602 1299 322 2997 2795 2834 1803 1236 558 4137 3548 3159 612 1940 4216 1563 894 3837 457 2563 43 3819 543 1888 1190 3828 3128 4762 3921 3030 123 1857 1580 69 918 2648 4217 1537 2777 892 2764 3974 3163 904 3193 3396 3345 1218 4586 4715 2794 328 1106 102 1494 3419 4933 4614 3538
1467 782 3001 2402 2938 671 1267 1776 2301 861 1414 4888 833 1554 3250 4338 4510 687 454 77 1991 1492 4120 2417 1086 1130 64 3378 4336 2253 4817 3681 3459 441 3051 2826 215 4738 4811 1057 3703 3091 3872 3149 1446 1843 4860 832 2470 4900 4733 2902 2822 1917 1555 1967 2784 1506 2094 1926 638 1354 3738 1937 4632 2503 933 1981 3878 3697 4846 4195 4219 4365 2349 3290 4832 168 4106 3735 1182 2280 510 2441 3738 3396 186 444 1169 1423 2813 59 4055 95 3058 3168 2460 4049 2141 1589
1581 1930 2627 2607 3801 522 2820 4465 4753 4868 1184 1403 1374 2722 1735 2742 2498 2165 4671 2491 1979 4730 2860 2890 4875 4682 1407 1130 1293 389 54 1150 3739 13 4297 1701 2290 4283 59 2685 1435 1981 1936 786 2139 4699 266 2615 694 3259 3797 4905 3244 3225 2316 3689 4782 4578 2221 1958 2382 701 2550 4551 3530 4636 2824 855 3077 3063 2554 2800 1594 2676 4880 4893 4053 247 3983 1296 2773 1110 2891 2645 4077 3345 444 4357 2468 178 2547 464 2374 2773 4125 3838 388 121 1739 909
2092 4119 4417 3440 4686 3536 695 3074 4859 3117 961 620 3527 1243 3893 4729 2887 1300 2850 1025 3913 4018 163 130 2105 2388 2998 1299 4355 1567 600 2258 3743 4945 72 4550 800 3729 2267 1277 4167 389 1397 3005 1072 678 1012 1543 1011 496 1387 681 3772 3321 2002 3008 3126 3289 3383 4416 4962 4196 665 4774 1647 2638 3627 2075 2093 1383 831 4693 1354 4607 499 2685 965 1622 142 2697 157 3985 3915 1260 4267 1218 1169 2468 4344 185 1941 3337 268 2959 2061 2401 2989 3704 3978 2496
3505 3663 4669 1458 2645 3777 574 2096 1470 557 1427 2502 2030 3275 514 1989 2642 1899 2000 3134 4324 832 4000 2011 4641 881 1870 1690 2694 2129 531 4865 4114 4812 3547 3327 4410 4874 4100 3865 4414 1425 3665 3173 1888 2640 2171 1319 1228 3125 1111 1323 864 4745 3770 2928 3348 2995 4259 1551 2742 782 220 3245 3471 1352 717 2768 3684 3051 3629 899 3485 4171 593 2005 4153 4510 794 2779 2920 226 812 772 528 4586 1423 178 185 2755 64 3502 217 4243 1202 1791 3495 323 4072 2946
4757 4171 4999 2721 4707 2055 4227 4852 2553 1111 460 2129 3785 3670 2552 2439 4014 3311 1493 1362 995 3898 3049 3086 4338 4802 4896 4121 4081 3874 3138 2399 3175 2863 66 2030 2747 2841 2891 3442 2299 4000 4618 4715 786 3014 2135 3176 3854 1776 3448 4899 4817 2935 137 4412 3006 2251 2759 2653 4503 4847 520 516 437 2305 2654 4316 2709 657 1139 3254 125 1024 335 636 794 1513 951 3463 3651 1384 736 3254 226 4715 2813 2547 1941 64 1086 166 1335 1299 4622 1676 4227 3582 3354 44
2483 2344 830 3578 1740 569 557 2245 3855 3133 2876 92 2963 2562 706 612 3416 3848 1472 4207 1349 795 1699 269 1270 1092 2052 4747 4890 3918 2753 3322 1786 3879 963 3781 2903 412 1112 2302 2227 90 3073 4768 2613 4577 918 3568 3066 2693 539 44 4130 713 4429 2128 3769 2585 427 3620 1507 745 3619 2906 285 18 2352 2468 1314 244 3129 587 414 4644 3508 4374 2927 2379 2924 2460 1468 3387 602 246 2758 2794 59 464 3337 3502 166 2506 2868 50 2379 4592 3457 2984 312 582
166 1915 4872 4006 1188 757 4699 4889 2326 1067 1513 2035 3495 1834 4904 1688 3797 1683 1933 1746 137 2724 3469 469 4471 4742 282 405 4985 1487 426 3317 2025 4729 3749 1488 815 1810 895 4210 1457 1419 3956 4891 3702 629 3586 1483 1405 52 3964 4090 4431 2841 2152 4612 1913 474 2976 2915 1047 1262 3690 3660 2892 1108 497 981 3872 1026 4576 2774 2092 139 3851 2881 1631 3174 3408 161 931 3762 510 1096 744 328 4055 2374 268 217 1335 2868 2831 99 2843 1017 3016 4419 582 4917
265 354 1098 4718 762 4999 603 1792 1832 2263 148 2401 1980 1807 1057 901 2459 1937 227 2374 3080 4762 1557 2745 331 1276 2018 275 4605 329 82 2199 3780 375 2601 4034 4552 1299 3142 4294 880 2433 1829 700 4109 3577 1696 105 2054 2347 3196 4355 3939 1275 1771 4520 4636 3800 1570 3947 3568 4785 1863 3559 3235 1483 1109 884 586 4115 2978 3520 943 4449 2716 2273 4106 1724 1398 3586 936 2110 3479 4685 3013 1106 95 2773 2959 4243 1299 50 99 4414 4681 2197 4332 1369 3274 4613
3335 2268 3047 238 1188 2270 3686 2435 3461 3060 2840 3865 1030 150 4098 3758 2897 4887 1165 388 3591 3573 4726 1602 2967 1533 900 3849 1353 2267 4536 4389 3091 2227 1516 4799 4145 437 675 1517 3729 589 4336 901 1206 2171 4934 1747 527 3439 1074 4987 2540 3678 1182 2149 2901 643 3181 4880 4923 219 1910 3148 3690 2861 2685 706 222 4824 4972 3545 232 4577 2725 1984 2056 1466 134 4785 2378 3729 1396 2193 4119 102 3058 4125 2061 1202 4622 2379 2843 4681 1037 2348 4694 2373 1509 455
4839 2451 447 1989 3117 1748 1436 3092 205 3052 1630 326 1109 3248 1235 2819 1964 3703 1052 2733 2896 1698 511 3835 1106 3423 548 2636 4855 2843 2747 3383 2694 1195 1583 4219 4782 3101 2350 2079 3151 3940 4499 4963 2583 4018 1163 318 2653 3977 861 2322 3287 3387 3485 2078 3815 1424 3123 467 2405 3265 4953 3113 2035 2613 672 446 4119 3185 1252 3957 265 3989 4408 2132 3827 1179 496 2698 1320 2184 960 4559 1057 1494 3168 3838 2401 1791 1676 4592 1017 2197 2348 688 2200 1537 1359 2461
1608 2117 3830 1701 3095 2448 447 3221 4902 2430 445 1196 2423 618 1822 3414 3113 2002 501 2937 2827 3388 4333 4620 1973 208 3804 2195 4292 3174 1702 3050 2417 3753 821 1219 3318 193 48 3796 3406 3635 3876 1181 2082 3924 2007 1178 185 1931 330 1400 2980 1571 4484 4245 2873 2928 3393 3408 864 1904 4522 2299 4912 1349 1279 4084 2451 4361 1915 3678 2717 4739 755 78 840 2031 2374 1291 4610 2414 1222 3235 4366 3419 2460 388 2989 3495 4227 3457 3016 4332 4694 2200 4103 2932 496 2663
4381 2688 3905 1119 4723 2332 186 4615 4891 686 2562 4343 2346 1847 3597 1218 4678 1598 3227 390 3954 3447 3029 4727 1414 1934 1756 4191 418 510 4671 505 4315 4428 1926 1859 2978 4846 171 134 1849 3693 1557 1902 1610 3040 802 2340 3042 103 4720 3647 1538 4646 3260 3948 721 1704 299 798 3433 3842 1502 3471 2902 1409 1339 4745 3724 3648 647 3985 3254 3363 630 3563 167 136 440 4275 3601 1085 1632 1232 4591 4933 4049 121 3704 323 3582 2984 4419 1369 2373 1537 2932 1363 4378 3199
390 4181 633 3058 2737 2210 3737 1492 1748 2046 4517 679 634 94 2563 1328 857 276 1445 4009 4939 398 4894 3267 3404 3773 3339 1303 1411 3894 4611 1958 1323 622 1637 379 520 2214 1871 1844 4872 1900 1711 4821 428 3779 3639 930 2860 87 4788 4308 4189 2598 3921 870 153 4653 2590 145 415 380 1769 1667 3363 814 4058 1473 1768 2526 1931 2275 1190 2615 1309 644 4676 180 4629 4693 304 1127 1729 1847 4261 4614 2141 1739 3978 4072 3354 312 582 3274 1509 1359 496 4378 3687 3551
3830 1481 1914 525 3350 528 1040 4543 609 4470 3892 2915 3316 195 18 616 1248 1577 2011 756 4423 4114 4383 4601 2112 4924 420 452 4003 4547 2729 2427 1463 1753 1042 1272 3388 4400 3814 374 4192 874 3358 364 3210 1743 1043 2919 1445 393 1054 4298 3316 1592 1035 3364 4126 4573 3115 1329 2503 1667 55 3614 1211 814 164 2165 1644 3457 4664 178 1742 3664 2328 1149 2009 3205 1610 624 1211 3557 1650 900 4316 3538 1589 909 2496 2946 44 582 4917 4613 455 2461 2663 3199 3551 4458
