N: 120
M: 20
Symmetric: true
Triangle: false
3 42 77 38
7 31 1 30 98 33 48 35
5 60 14 52 91 45
10 53 50 114 93 51 82 54 7 15 12
8 72 4 66 13 78 65 74 119
4 94 61 18 111
7 79 73 16 84 90 44 58
6 75 101 83 28 89 24
8 47 9 99 71 43 56 20 70
4 49 23 3 6
6 11 113 8 67 40 112
5 96 36 59 81 68
8 22 92 95 80 62 116 21 19
6 27 100 97 103 29 108
5 105 34 102 115 39
4 55 2 26 25
6 120 85 88 5 87 117
4 69 109 118 106
4 46 63 32 76
10 10 57 37 64 110 17 41 104 107 86
3935 2971 3402 315 2337 3051 4685 3499 3727 1807 1014 4139 14 1914 4150 2330 1964 4579 224 957 3327 3564 2081 4991 4813 4740 3618 3730 3773 1063 1895 4092 1471 1543 3645 4033 4948 3375 4788 3133 4823 4265 1459 4681 1324 3623 3306 682 3139 487 1026 1996 167 102 1332 4002 2175 1511 863 1509 3375 4439 2270 805 390 320 439 3826 2502 1606 4036 3404 330 18 661 4216 1295 4108 2579 4408 2288 4150 1166 1732 646 2055 4564 200 413 3627 49 4859 2932 1096 927 2989 1105 2502 2864 3610 1144 1966 1446 3600 3982 3976 2414 4849 4493 3390 4862 2003 1070 4348 2444 2861 4533 1659 2717 317
2971 1329 1346 2459 4757 578 2783 554 4104 3748 3255 2740 1569 3878 4173 3389 1829 3533 4924 684 1976 4668 2263 1239 2315 1130 4635 1994 4761 4457 4010 252 4952 3977 2331 2632 3528 3096 4739 4040 3360 58 1296 2298 1009 71 787 3067 2578 2753 672 25 3215 4635 4935 726 3640 1971 252 1235 2925 4352 3679 1119 1796 66 2342 521 837 2578 4871 1310 3400 2149 2233 4160 4055 1903 2477 3835 4555 3310 1034 305 1201 2711 1442 1698 3652 882 4280 809 2689 3108 2453 581 573 4550 3194 2082 4007 1663 531 4288 4383 392 1192 697 3647 1806 3147 4134 794 1666 3402 3583 3173 3880 1710 1348
3402 1346 134 3033 1695 3961 1160 2273 2449 210 2222 4321 3621 4539 3933 10 4972 807 751 2196 417 3422 4095 1905 4393 2988 3791 346 3274 4741 660 4222 4262 4046 3678 3624 4455 2541 2681 3976 3862 4843 534 1924 3910 1803 1449 2056 4674 1749 4575 2793 2475 2979 3952 1585 3375 2151 2893 3904 794 1436 1016 437 2342 2105 3296 317 83 106 4643 2889 4032 4070 4429 3645 4108 955 3787 1724 4469 486 310 454 1781 4396 3800 1711 2679 2792 3815 799 3213 4159 183 4758 1910 4907 2381 3523 3447 2273 2004 3613 4567 348 3057 3484 4156 938 4980 1244 4673 2055 2342 2335 2679 4042 3866 1225
315 2459 3033 4419 3136 3258 3810 690 2163 1970 662 1569 2184 4312 3553 3280 2480 2850 1416 4904 4485 3159 2966 2909 57 3980 3156 4900 139 1472 2380 3928 2556 183 4157 1766 4795 2278 86 2454 3273 863 3900 3583 2950 4806 328 1264 2186 3190 3559 4540 1346 658 4810 657 3216 2946 71 4221 4579 1799 2101 2088 4125 516 308 1214 4537 15 2890 4523 1027 3964 2630 47 3879 2654 3105 3183 2830 1350 4500 237 679 4805 4528 4749 3686 4323 3474 4347 558 2900 1066 4433 2192 248 2829 2290 4529 122 4520 4389 4600 2105 4192 2005 242 4643 4881 660 2211 4462 4058 4311 4720 1689 4570 2535
2337 4757 1695 3136 2042 2709 1865 2499 4967 612 4997 2652 44 3713 2420 3053 4292 2150 1859 2355 4847 4249 3875 3280 2353 630 2993 671 1923 191 538 3927 1445 4845 277 49 4023 3415 1660 1419 732 3738 1495 3472 1922 3995 366 3326 2230 4406 2044 4567 2883 3456 1772 2270 1462 3263 603 4158 1422 353 1185 386 3483 4723 1665 728 3099 3379 2264 3368 1097 576 450 2839 4379 3078 826 1404 642 234 3788 1249 3805 2458 2129 4280 2519 4004 1657 4672 3197 328 2832 3141 4138 4810 696 3110 4268 1292 550 2659 2756 1423 2905 3652 4734 2593 3623 4150 1812 2764 992 2923 2047 1579 2820 4725
3051 578 3961 3258 2709 1594 1905 4592 3247 1187 4802 4020 1013 887 2926 3639 1974 315 2063 345 2094 561 1378 2163 2563 1907 3277 1320 4053 194 506 3602 429 3196 1199 1076 3299 276 3744 4482 1568 1254 1173 3372 4478 1403 1192 2974 4079 3444 2132 2330 2326 3383 3366 3352 566 3536 873 4468 2511 2785 1740 4624 2350 3949 1413 1555 2039 33 276 1725 2414 625 4372 224 1389 2479 3380 3098 1598 1676 696 4374 381 1267 2174 2026 2359 432 1683 2816 4165 3034 2480 2342 4794 3045 4849 603 1545 3068 873 443 4234 663 818 1023 2603 1185 4452 2637 3620 680 2573 2577 241 4681 2048 4159
4685 2783 1160 3810 1865 1905 1766 4015 3200 1719 4130 3408 4588 2115 1641 4063 204 362 3640 3642 4090 2044 3215 2029 492 4578 3889 1920 4481 534 2703 3179 3935 3592 1410 121 4670 1872 3503 817 4622 3605 3987 2607 1165 743 1393 485 3747 2166 451 386 4583 2151 2352 381 2518 1531 3871 2031 131 3469 3711 4098 4180 2080 3829 2123 4443 3353 3934 1702 2557 602 1774 3064 211 4087 2165 3855 2440 352 3322 2588 3451 3836 2943 4621 2247 3588 2893 297 2930 4562 3405 1191 157 251 2334 219 4173 4935 4320 2123 1370 4050 2931 1322 4881 1848 212 1285 1728 2341 3919 4304 4825 668 4490 2938
3499 554 2273 690 2499 4592 4015 661 3255 3779 1390 2911 3072 4405 1198 4313 4471 3459 1932 3065 2949 2074 1311 4897 4382 501 340 3468 1855 349 2951 4012 2281 3940 3794 4530 1366 584 2905 4816 2679 999 3380 3454 578 1623 508 907 3076 1177 1522 606 3833 3398 2468 2679 3135 1993 2350 704 2137 2674 3424 3715 3874 979 4821 4736 4383 3920 1685 2898 3117 3993 2355 153 494 354 3739 3487 1141 3556 1716 3706 101 2129 1214 253 148 3003 3160 1599 4737 3132 3374 839 2701 1208 2454 154 2268 3284 4671 369 1873 1000 3182 2095 1536 1223 2859 3836 3268 1243 3273 4213 1500 291 3934 1975
3727 4104 2449 2163 4967 3247 3200 3255 1850 2880 946 1218 870 1268 307 1187 2890 4326 3897 454 2243 182 1122 279 2649 1483 4489 1804 1784 1577 4056 77 2248 4980 4259 2103 4557 4581 2817 1004 619 1019 3559 59 4885 1016 660 2037 2643 2150 4683 2648 2067 69 3518 1153 840 4765 23 4634 3588 3188 1791 1289 166 3647 2340 579 1775 1022 2040 4389 2454 505 3870 2894 249 3480 4869 4437 2889 784 1781 492 1304 1495 2293 223 261 2600 4308 2972 3423 2383 4696 498 189 1347 4284 1246 1835 4232 1279 1703 4942 3003 4610 2551 2186 3376 370 1652 2467 3942 291 3811 2782 4549 2209 339
1807 3748 210 1970 612 1187 1719 3779 2880 3225 3113 3364 3791 3986 4896 3291 400 2162 1114 3870 1995 4499 3564 4282 2387 629 725 4975 2862 2372 522 2514 265 1142 2166 2695 4874 183 69 318 3652 1922 2691 1505 3639 3126 688 69 3205 1602 3567 2756 3428 2631 3102 4411 4606 1398 384 3085 4407 3822 4355 4083 1505 2702 3421 371 2941 3072 4981 3481 4084 1429 3246 1206 152 665 4205 1201 3536 1827 1263 1777 2689 4635 2705 1031 2170 2242 1960 1747 3540 2001 858 4393 1274 1692 583 1850 4488 3434 3797 800 2831 2448 4332 4831 2949 3473 2780 2393 3445 971 212 3865 543 4285 2360 1013
1014 3255 2222 662 4997 4802 4130 1390 946 3113 583 1424 171 2537 3818 2623 1732 4386 1835 3693 57 846 2598 2515 661 2218 4337 1727 4165 1379 4548 2055 2985 2613 3158 3040 1666 4540 1451 428 1415 2626 1006 3205 3901 1371 3061 2913 186 3320 106 1567 630 3447 89 4965 3046 75 1491 549 1407 3667 2392 568 2995 4550 2444 3831 1978 2235 1051 254 314 46 3896 4707 2667 2372 2749 105 1769 4078 2708 722 4230 3273 1098 4021 1167 738 1194 1213 4643 705 2274 1505 1465 2497 2582 3850 4649 3600 4970 836 2678 3432 2150 3861 1910 1029 3996 4820 3467 2714 4411 4568 4532 4945 3285 387
4139 2740 4321 1569 2652 4020 3408 2911 1218 3364 1424 3748 1777 4578 4986 677 3935 1143 1496 804 4573 2457 4031 4304 3337 954 28 867 4326 3474 3990 3182 3212 497 4298 2273 2124 3585 1587 2460 337 1352 4026 830 592 1280 1420 1860 1006 2731 4633 173 1937 2738 1611 94 2072 2394 4746 2545 628 282 2382 2712 4394 3431 1791 2570 3511 1550 2502 31 290 3084 714 2622 3462 3877 1734 2672 21 1283 3921 4492 4327 3982 1637 3176 221 2053 800 2698 346 1034 2562 1788 1762 2602 1119 2406 2339 3222 351 4943 189 4251 4800 3812 353 2987 1475 3792 143 2694 4535 300 3172 1446 3136 1347
14 1569 3621 2184 44 1013 4588 3072 870 3791 171 1777 3610 246 534 285 2118 25 1513 3430 4224 721 4654 400 1700 3851 14 2266 3890 4363 4663 1525 2635 1175 1992 4752 4990 1836 2066 2648 4362 597 1882 1806 2730 2488 3136 2916 4881 269 1386 575 3840 1335 2421 1211 62 271 4493 4465 2838 4053 2712 1146 2170 1425 4953 375 2452 4936 960 1624 4027 665 3270 3926 1612 1059 1136 3612 4556 1127 1963 4629 3621 1381 442 1659 4115 3458 3995 920 4425 1239 2693 3678 2611 4637 3762 3782 2339 1080 3575 1282 3553 2883 1838 2061 2313 2109 2248 4256 547 3414 3065 4510 1984 3890 4370 2882
1914 3878 4539 4312 3713 887 2115 4405 1268 3986 2537 4578 246 742 2042 1612 2833 2627 4011 2758 620 2595 4766 2357 4924 1548 3285 1156 4091 952 1781 2579 1247 2430 2205 3286 1847 3811 3686 4473 1456 872 1323 1161 921 1528 3586 78 3485 1836 2700 4303 519 2070 4583 2142 2181 1864 458 2359 575 466 2264 3391 3072 2058 4912 3504 1577 3562 1372 2874 1764 733 3403 1998 310 4145 2120 698 1667 3477 398 3305 3428 3075 351 612 203 4791 4436 1088 632 2718 3506 85 435 451 3337 4125 3354 4504 189 951 1008 2032 3842 2975 3764 1121 2422 1493 1476 543 4259 4073 4949 3992 3612 3447
4150 4173 3933 3553 2420 2926 1641 1198 307 4896 3818 4986 534 2042 255 1200 1854 1143 4676 527 3340 3072 1764 2001 2563 1621 603 950 1798 4816 2501 2319 2553 4593 4655 2898 499 2047 4043 1310 3110 3733 178 975 4305 4784 2688 103 2684 248 2317 3149 391 4178 1903 3579 3290 3785 2038 1852 2122 1080 398 3452 154 1076 424 2490 1905 1639 358 4331 3808 444 2647 2444 2974 1226 1277 2401 3728 72 691 39 2135 3300 4309 3009 3014 3641 4650 588 4527 3627 4289 2864 1797 696 1467 2223 2655 3610 1548 4206 2726 4775 2191 2566 3278 3965 3879 4190 4190 930 762 4606 1924 1909 2942 2813
2330 3389 10 3280 3053 3639 4063 4313 1187 3291 2623 677 285 1612 1200 2327 3511 912 1051 2739 1022 1476 2242 2309 1797 1958 62 191 3085 3217 171 4696 943 2288 525 3346 2696 2517 3893 4195 2277 374 3234 1664 2694 1910 143 4487 294 2261 1705 224 2193 2035 666 393 291 2023 1931 1502 3523 4492 3667 2799 1747 1213 3241 4933 1573 2850 2339 2110 1221 3526 193 1693 1661 3878 3873 3935 1227 502 3895 4459 791 3434 2844 33 2192 4829 4814 4589 1678 895 3688 4970 253 533 4426 3383 3697 1602 3432 3120 1603 276 2283 1547 4589 3400 3238 1904 4429 663 1593 4781 4121 4734 4569 461
1964 1829 4972 2480 4292 1974 204 4471 2890 400 1732 3935 2118 2833 1854 3511 81 3781 611 2447 541 1675 674 4534 3427 4283 620 4916 2910 288 425 2612 1151 752 4565 4559 1130 1914 2328 2326 912 3873 2369 4043 3444 4615 2031 2233 2106 838 2778 1096 923 189 3655 1843 2944 2176 4126 671 2501 863 404 3538 1439 523 4790 283 1126 85 210 1869 4222 1414 4123 3171 472 2341 4916 1460 3355 677 2299 1755 3393 4123 2019 3037 4333 786 3247 837 1908 3699 1116 102 1827 4930 1778 4182 4267 2763 3294 220 4468 2849 4520 2046 2660 1686 4107 2291 1849 4165 3786 3814 1955 483 4607 3587
4579 3533 807 2850 2150 315 362 3459 4326 2162 4386 1143 25 2627 1143 912 3781 1671 4564 1092 2652 164 238 2112 945 4074 3069 3240 4609 2639 3955 3374 1396 4831 3495 906 1079 1114 4796 3408 3575 4331 3947 4602 1856 212 1279 3763 614 2265 104 2660 865 760 2564 4089 3559 2201 1784 42 447 3041 2710 2447 1747 3235 2081 2064 602 3928 3640 1035 4150 1692 3284 942 3816 2171 3640 2120 2693 2431 3040 2624 1105 2121 857 4667 124 480 627 4106 240 4709 4856 4940 1918 4101 3982 778 4631 4371 2969 3547 4908 640 3586 695 3965 3549 3136 149 2856 633 2293 489 751 2368 1254 1938
224 4924 751 1416 1859 2063 3640 1932 3897 1114 1835 1496 1513 4011 4676 1051 611 4564 80 4516 4920 4499 1602 1011 117 4456 2782 1594 2601 914 4350 2907 109 1883 663 2456 4675 2220 2281 4663 1527 4577 2012 3771 2796 1985 3132 3411 3822 3791 2344 3339 90 795 3276 3557 1656 4378 1733 344 3083 4218 3496 2894 155 1864 3271 1215 550 1207 3823 4126 955 3278 59 1644 1389 2683 379 1726 3684 2337 2179 547 2438 893 2338 4410 4571 2263 740 23 227 2869 2478 3292 2748 1335 4759 2721 452 3183 829 3037 3281 2518 537 2168 4388 262 1866 2216 3171 2994 444 2370 1546 3084 4659 3181
957 684 2196 4904 2355 345 3642 3065 454 3870 3693 804 3430 2758 527 2739 2447 1092 4516 341 4259 421 3025 2027 2641 3710 1161 956 2429 2780 3320 3244 102 3161 3762 1046 2035 3548 2292 4454 352 37 489 1892 2407 4378 2686 3789 2458 3693 1704 2066 343 3821 2569 4708 118 878 4785 3213 4694 2353 217 4134 576 297 1948 2047 3380 1993 1493 4450 4775 4734 805 2998 4343 3357 3850 173 3113 1250 2171 3490 3165 778 4025 1849 2630 427 283 453 1984 632 2158 1290 2763 1047 4597 3343 1528 223 2057 1115 1805 865 1243 3227 1169 1316 2041 3055 3173 3493 1689 4310 2957 1325 2577 2037
3327 1976 417 4485 4847 2094 4090 2949 2243 1995 57 4573 4224 620 3340 1022 541 2652 4920 4259 419 2140 1494 4351 1726 2981 1899 39 2069 3834 1449 4926 140 1092 3400 1014 2874 375 1686 1975 4591 3289 4627 1888 2717 1116 4309 4626 2065 4446 3442 2325 3648 4664 3943 3079 2355 1785 1588 2362 569 4267 2641 765 3683 330 3382 3720 1955 3571 4296 600 4693 3935 83 1738 1440 61 1608 621 4709 1913 3304 2188 4121 1461 2033 4213 202 2910 4775 4150 656 2079 1239 4841 2426 3774 3342 4550 976 179 44 4529 1335 2742 2599 4100 4978 1698 4461 1447 721 1618 2271 134 1269 4320 1151 4908
3564 4668 3422 3159 4249 561 2044 2074 182 4499 846 2457 721 2595 3072 1476 1675 164 4499 421 2140 3496 3663 3032 4695 524 4934 499 2268 1733 220 2684 2336 4978 4940 678 3130 3472 3160 476 755 27 4996 4679 3949 1064 4221 33 689 3681 947 2131 4733 1285 1259 440 3814 2042 2076 3012 3813 1860 524 4480 4563 1252 867 4320 4545 1044 77 4721 3734 4521 799 640 839 1957 2427 897 1958 4817 3907 4431 3893 3122 3536 1509 4461 1973 3717 129 4485 1553 952 4165 4600 351 521 2097 1551 2715 3399 3252 32 2527 446 1413 2924 4799 892 763 482 4633 1484 3356 713 3155 3153 629
2081 2263 4095 2966 3875 1378 3215 1311 1122 3564 2598 4031 4654 4766 1764 2242 674 238 1602 3025 1494 3663 2671 4850 3142 2282 3240 3039 3810 2185 2330 521 4425 1601 1421 1095 105 3548 1923 1043 3540 4831 1487 823 3316 3796 4950 1741 3357 2366 3036 358 2145 740 302 983 4489 3860 752 3865 2312 3778 4615 3690 3418 395 2441 1287 4352 4406 1934 4644 3503 3988 1636 1734 3649 2207 1604 4571 3766 2450 1761 3203 1258 2558 2814 1291 3709 2402 4555 4951 3539 1422 466 2227 3439 843 2525 3580 1525 3358 1761 4623 3350 4778 1161 3872 4955 2554 1802 2331 341 4907 4014 1413 3842 337 4635 883
4991 1239 1905 2909 3280 2163 2029 4897 279 4282 2515 4304 400 2357 2001 2309 4534 2112 1011 2027 4351 3032 4850 3205 2625 2605 801 2429 4402 137 1331 3933 4017 2544 3689 2369 716 2019 406 1229 1396 2608 4406 4715 609 3787 4803 257 294 4179 1567 4740 3792 3251 1276 4650 2596 3140 617 20 1750 2664 3135 185 120 4855 396 2315 4412 1970 2582 683 3859 2027 4919 4851 475 760 4078 4682 2185 4741 1855 3639 3222 350 2993 4364 222 1408 453 2402 4273 1034 3103 2960 3354 552 2666 1728 884 4553 3946 2889 1915 26 3121 4776 4468 2972 2793 3153 1103 1770 4624 599 1727 2622 3832 148
4813 2315 4393 57 2353 2563 492 4382 2649 2387 661 3337 1700 4924 2563 1797 3427 945 117 2641 1726 4695 3142 2625 2715 3290 2018 746 1075 3056 2217 3995 2107 944 1320 1571 1112 1224 231 1583 3412 2530 787 4101 1853 4848 3502 147 4842 4584 3395 2122 2618 4826 3040 3123 2560 2540 3315 3825 1297 4034 3194 4840 1809 1402 4662 3977 586 2358 4361 2615 444 1841 2478 4826 2774 639 4690 4846 709 4883 2252 1639 4573 1597 3019 2059 425 231 1040 4147 1121 1166 225 2236 4726 1269 4459 556 4665 1625 3067 4031 4938 726 4517 2597 174 2975 65 1627 65 3612 557 1465 985 4208 1229 1779
4740 1130 2988 3980 630 1907 4578 501 1483 629 2218 954 3851 1548 1621 1958 4283 4074 4456 3710 2981 524 2282 2605 3290 1418 1729 4584 1000 4186 1402 1744 4316 1540 1513 2555 2340 3958 1331 2872 2887 1861 852 2278 4066 794 572 4500 1063 2903 2576 3551 4452 996 892 1248 342 2440 202 4972 2841 4190 1821 2938 4830 3589 2236 273 2733 1552 3724 1777 1977 2107 4218 1951 1349 4697 290 2751 4153 4136 182 3159 3074 461 123 3910 2872 4149 2969 2367 943 2165 268 232 3261 4477 2527 1332 632 1907 2380 803 2399 327 2430 4112 1921 4930 3845 3158 3699 885 896 3431 4299 3830 3850 4496
3618 4635 3791 3156 2993 3277 3889 340 4489 725 4337 28 14 3285 603 62 620 3069 2782 1161 1899 4934 3240 801 2018 1729 979 1191 2223 575 4863 3628 741 4616 2078 2038 4205 2137 655 1031 148 673 1634 32 3657 3272 979 4398 3518 2616 2522 2636 90 4363 2582 1742 3201 1400 1836 946 818 2583 4244 2424 502 34 948 3607 3116 1471 4793 3669 3623 3302 4614 3418 4384 2591 988 3484 1070 4337 205 2274 3683 4792 4201 403 2076 3938 1324 877 3808 1646 1587 3190 551 1055 3806 575 803 2142 2350 212 3312 3007 4533 2959 739 2346 3184 1870 1455 2295 780 2818 3855 4660 253 2218
3730 1994 346 4900 671 1320 1920 3468 1804 4975 1727 867 2266 1156 950 191 4916 3240 1594 956 39 499 3039 2429 746 4584 1191 1002 3540 4347 3609 505 2888 80 2138 1973 1814 922 4453 3529 489 4615 2399 2042 4083 1609 4519 898 3529 1838 105 1746 4080 4280 4056 1522 825 4041 2533 3451 1512 3451 858 2613 4670 385 3775 1755 821 1313 189 4129 1883 321 243 890 3725 1115 4143 2233 3002 588 2009 4989 438 2339 2881 3894 2792 1590 136 2002 2141 1804 867 264 3511 4194 199 2650 4182 949 1045 4260 201 2988 639 2731 880 1757 1522 3002 2256 3430 65 3959 221 4148 3696 2306
3773 4761 3274 139 1923 4053 4481 1855 1784 2862 4165 4326 3890 4091 1798 3085 2910 4609 2601 2429 2069 2268 3810 4402 1075 1000 2223 3540 4066 1750 3211 2363 1186 4342 311 4772 3821 3866 3599 3624 4180 1273 3856 2146 4402 3389 3742 4547 1059 1815 4206 3437 2950 4800 141 4053 3398 844 1899 3985 3766 1489 1632 417 4097 1077 3920 3318 2039 2371 2942 1846 1818 4663 2131 2612 2213 4115 4887 1479 4538 3257 1936 2542 820 1355 1210 3352 4926 3905 3566 3510 71 785 4398 3241 1993 2703 4166 157 3002 3828 571 3447 1655 1500 4691 4466 1872 2474 2483 2014 4185 1625 2644 2279 4812 2786 1914 3230
1063 4457 4741 1472 191 194 534 349 1577 2372 1379 3474 4363 952 4816 3217 288 2639 914 2780 3834 1733 2185 137 3056 4186 575 4347 1750 2930 4345 37 1940 2184 1208 1779 3345 1256 12 3654 2384 1952 969 2499 4287 4245 163 1224 520 3996 4629 2831 3538 1421 3598 1383 2250 4695 1427 2236 4434 1826 2428 1287 1291 1335 1827 1835 4489 4506 1894 2247 3107 137 1110 4651 4290 3182 2317 1920 4749 4962 3647 4634 2966 1810 3444 4313 177 3879 3467 2090 1827 1198 421 2777 4235 1973 2562 3258 1179 3340 3040 1784 3506 841 4293 222 3416 2902 3242 873 2225 3154 956 425 4772 574 72 2373
1895 4010 660 2380 538 506 2703 2951 4056 522 4548 3990 4663 1781 2501 171 425 3955 4350 3320 1449 220 2330 1331 2217 1402 4863 3609 3211 4345 3731 1484 2160 4452 4224 3991 1899 480 4855 949 349 2703 745 2210 4564 2335 4612 114 3771 403 3720 1675 1511 4886 4556 1762 4170 2803 124 1037 3513 1966 3004 1796 4067 4322 2076 2182 1336 4072 459 4664 986 2900 3965 3281 119 477 4210 4789 4243 4513 4965 3646 764 2702 765 1156 4717 2044 532 361 1553 4969 4897 277 2519 603 3203 1058 3006 3293 1308 1660 1001 678 2246 2037 4226 582 4680 2353 1333 3103 1520 3078 436 1603 1673 3209
4092 252 4222 3928 3927 3602 3179 4012 77 2514 2055 3182 1525 2579 2319 4696 2612 3374 2907 3244 4926 2684 521 3933 3995 1744 3628 505 2363 37 1484 2183 4740 4657 3196 2754 3875 2323 1496 2453 669 2095 4978 1899 2425 2422 2335 3927 3349 4167 2113 1688 2553 489 532 1543 4545 2173 2041 2709 4611 4429 3979 2922 4226 3020 4541 3176 1736 387 2443 1779 2807 3880 54 1676 4636 3481 612 2959 3822 566 3828 2712 3617 3727 2118 2346 2249 2535 1651 1644 3498 2665 4668 1939 4603 4955 434 2657 3886 397 913 3412 4485 79 655 4996 1303 1634 4125 47 2583 2289 2938 3252 4840 2160 2106 4354
1471 4952 4262 2556 1445 429 3935 2281 2248 265 2985 3212 2635 1247 2553 943 1151 1396 109 102 140 2336 4425 4017 2107 4316 741 2888 1186 1940 2160 4740 3519 3515 4548 2624 1634 1695 2007 1989 2560 4219 2643 1640 840 3450 2958 2243 2567 4290 4061 3949 268 2778 2034 122 3914 1824 1503 2743 4189 649 1985 4098 579 2977 464 65 794 3987 2712 2645 83 3268 4137 1991 1637 755 1790 4464 2666 2114 4865 2981 4243 3570 1992 833 2850 2344 719 255 3112 1017 3107 4518 3294 1246 1719 3186 3096 4934 4313 2059 2404 4993 1225 4232 148 3687 164 1973 1796 768 4285 4702 4313 4871 4836 2875
1543 3977 4046 183 4845 3196 3592 3940 4980 1142 2613 497 1175 2430 4593 2288 752 4831 1883 3161 1092 4978 1601 2544 944 1540 4616 80 4342 2184 4452 4657 3515 1993 1598 3897 1171 1805 2356 2071 4168 4218 862 3674 2989 436 4187 3831 4429 4527 3689 3786 2494 2323 3793 4158 3340 2703 2349 226 4262 2577 975 4360 1811 3523 2762 149 231 4415 2558 1466 4562 2171 1425 4192 2096 4642 4490 1119 4316 1394 2850 2711 496 897 3342 3917 300 2823 4531 4128 264 4586 3149 4351 1241 3397 2989 765 677 4223 501 3521 3892 535 1015 3640 3018 4716 1882 4551 4682 36 4326 2937 2133 2804 1908 1003
3645 2331 3678 4157 277 1199 1410 3794 4259 2166 3158 4298 1992 2205 4655 525 4565 3495 663 3762 3400 4940 1421 3689 1320 1513 2078 2138 311 1208 4224 3196 4548 1598 4322 4467 1680 3876 2732 799 394 4839 3231 2440 2072 3587 211 4820 2953 4426 2658 3513 2560 3102 2553 36 1633 4441 1573 4284 1003 444 3147 380 2449 1783 200 1966 2851 2441 1491 1807 4957 747 2358 1992 4053 538 2396 2446 2232 2411 3948 870 15 4217 4078 2256 2826 3135 832 3566 3179 2343 507 1884 3776 2134 3177 2998 1913 3344 3578 2055 4839 1120 853 3454 2831 915 3956 3371 2527 3634 1943 2841 3772 2096 3925 377
4033 2632 3624 1766 49 1076 121 4530 2103 2695 3040 2273 4752 3286 2898 3346 4559 906 2456 1046 1014 678 1095 2369 1571 2555 2038 1973 4772 1779 3991 2754 2624 3897 4467 177 473 3201 3413 1501 3869 4628 3717 1866 3622 1489 431 4465 3686 2940 4560 4091 1846 2533 1205 2786 4103 1382 1929 3679 1380 791 4024 4852 3049 1897 1946 1077 478 3003 1037 1835 3044 3791 4895 2323 4830 1392 4184 3419 2176 1712 115 4687 1423 2218 2926 1485 2317 141 1377 1174 4497 1275 858 2435 4280 3178 3983 785 811 1476 1357 3850 2420 2752 4664 3894 3465 2259 4841 2411 1468 4365 3040 2971 4884 3822 2595 1261
4948 3528 4455 4795 4023 3299 4670 1366 4557 4874 1666 2124 4990 1847 499 2696 1130 1079 4675 2035 2874 3130 105 716 1112 2340 4205 1814 3821 3345 1899 3875 1634 1171 1680 473 2623 2521 776 600 4255 2096 897 4631 1926 2390 2788 4099 2566 249 2418 2889 4042 2397 1259 2727 1614 2336 1995 2144 1337 2672 2312 1126 3701 3326 1242 2924 1988 3807 1006 1550 4623 1591 4668 1133 557 4973 3845 2110 4009 3095 1440 4040 91 4013 4755 3575 3105 4932 3205 2981 4902 3935 2905 325 1905 794 730 4216 1603 2716 3327 4258 3064 3956 4660 3544 2863 143 4380 700 1259 443 3845 3418 1238 118 2167 1328
3375 3096 2541 2278 3415 276 1872 584 4581 183 4540 3585 1836 3811 2047 2517 1914 1114 2220 3548 375 3472 3548 2019 1224 3958 2137 922 3866 1256 480 2323 1695 1805 3876 3201 2521 4608 1862 2186 1476 13 1836 4518 2763 1867 3931 1969 624 3605 3127 739 807 2788 4310 309 233 4247 4733 2888 2266 4154 1643 108 4601 3871 3236 2929 2222 2565 1563 2328 969 2744 3142 4119 4722 2488 1164 323 2357 95 1035 3468 4409 634 4575 1736 3581 1211 4717 740 67 1350 248 1904 4661 2966 2085 2871 1227 231 1019 1875 2767 4799 3675 1925 4223 848 82 736 3545 1649 3337 3837 3147 683 3691 2704
4788 4739 2681 86 1660 3744 3503 2905 2817 69 1451 1587 2066 3686 4043 3893 2328 4796 2281 2292 1686 3160 1923 406 231 1331 655 4453 3599 12 4855 1496 2007 2356 2732 3413 776 1862 3763 4514 1824 698 2559 1098 4111 916 3544 1429 4063 132 131 4852 785 1436 4119 4864 3252 458 3118 4805 2328 4261 1370 3523 1536 428 3748 1630 4664 4701 3285 1067 4469 4076 4603 3648 3698 4536 4660 3482 1874 2765 3742 3683 2638 450 245 1065 4443 3092 4311 2111 3439 4976 4777 1584 1912 240 1142 335 2278 2986 4250 4085 2101 934 3217 3858 2473 1086 4265 2693 2151 3035 971 4129 2412 173 2763 4331
3133 4040 3976 2454 1419 4482 817 4816 1004 318 428 2460 2648 4473 1310 4195 2326 3408 4663 4454 1975 476 1043 1229 1583 2872 1031 3529 3624 3654 949 2453 1989 2071 799 1501 600 2186 4514 1786 2684 4235 3247 2729 3251 3557 4002 4733 1741 1786 4877 2382 977 531 2216 137 4458 3234 1521 194 2613 764 3288 2315 2700 2368 2121 4932 247 812 4907 1580 489 3763 1691 1078 1007 4856 3243 4996 3314 436 1298 91 4482 1275 4895 2833 4725 956 1420 2982 15 4055 2043 1786 3281 2341 2176 1532 4462 2068 4290 3743 3591 1469 4554 2390 4895 3842 1685 3729 3283 3176 1255 3673 1118 2347 3633 3033
4823 3360 3862 3273 732 1568 4622 2679 619 3652 1415 337 4362 1456 3110 2277 912 3575 1527 352 4591 755 3540 1396 3412 2887 148 489 4180 2384 349 669 2560 4168 394 3869 4255 1476 1824 2684 4512 1696 2160 3402 3761 3882 4392 3187 3506 1511 76 3758 3588 3462 3416 846 1576 2606 3578 2329 1545 3528 2109 88 3794 4869 2894 369 1371 3348 931 2742 2435 1369 289 516 4557 3676 2595 4811 2302 1296 4059 4348 1837 1454 2389 1948 1669 2460 3834 4014 3146 340 2290 110 3711 3530 1363 4886 2871 1886 3254 1443 1406 4884 3245 232 1223 3175 4055 3518 4651 4378 671 3055 4274 2832 596 1952
4265 58 4843 863 3738 1254 3605 999 1019 1922 2626 1352 597 872 3733 374 3873 4331 4577 37 3289 27 4831 2608 2530 1861 673 4615 1273 1952 2703 2095 4219 4218 4839 4628 2096 13 698 4235 1696 2528 2936 855 3853 611 3905 1782 3772 3481 854 4355 1666 3705 4038 1072 2856 831 4542 507 4666 1704 2178 1541 481 747 301 3454 2181 3237 4709 629 1558 434 3797 4765 776 4379 4263 3828 4922 3037 775 1038 594 3147 3707 3378 4812 4594 1553 344 3241 3673 2187 356 3917 2741 3641 413 3195 2611 2292 3070 1426 3862 1011 4742 3485 1377 2339 1810 1154 2564 3891 3120 1154 1288 1246 3291
1459 1296 534 3900 1495 1173 3987 3380 3559 2691 1006 4026 1882 1323 178 3234 2369 3947 2012 489 4627 4996 1487 4406 787 852 1634 2399 3856 969 745 4978 2643 862 3231 3717 897 1836 2559 3247 2160 2936 4814 615 1503 3687 3770 3091 1275 2593 2857 530 178 3729 670 1800 3751 4556 3042 4677 2724 2918 1027 286 2824 3635 4161 651 3092 1331 124 716 3267 1158 1785 3264 455 2624 2826 4839 2736 2610 3787 511 1503 3387 2420 1957 1172 121 3019 50 4680 643 4827 919 4560 3726 3430 1232 4480 1911 3137 2411 3836 3117 3963 1629 947 1932 673 1346 4058 1412 1321 2221 4818 4451 3365 3524
4681 2298 1924 3583 3472 3372 2607 3454 59 1505 3205 830 1806 1161 975 1664 4043 4602 3771 1892 1888 4679 823 4715 4101 2278 32 2042 2146 2499 2210 1899 1640 3674 2440 1866 4631 4518 1098 2729 3402 855 615 3256 885 3374 3832 3116 1619 2625 1323 4337 2888 516 3116 4290 3919 4564 1307 1204 4649 3963 4075 328 1579 613 4007 2808 284 180 2118 4220 374 711 1082 1161 3759 2350 1385 3773 1677 2141 2184 952 1266 2797 2631 1533 797 2801 4184 464 1800 4662 2134 2926 3839 1601 4867 275 3895 919 4741 827 527 616 2904 4905 3420 4543 4985 3748 3886 3703 3868 3519 1608 4667 2345 1670
1324 1009 3910 2950 1922 4478 1165 578 4885 3639 3901 592 2730 921 4305 2694 3444 1856 2796 2407 2717 3949 3316 609 1853 4066 3657 4083 4402 4287 4564 2425 840 2989 2072 3622 1926 2763 4111 3251 3761 3853 1503 885 4064 2067 3029 1423 2666 4642 948 4197 715 983 1684 1052 3278 1765 2251 4161 2379 2721 1777 1620 1308 3820 820 3415 1002 2365 3823 3209 2046 4500 2829 1973 4398 3433 2748 3159 3688 1043 3996 1568 2123 491 457 4323 1692 103 1906 3092 2287 2057 754 4733 3340 660 1325 1296 1462 4505 2145 4228 3244 3764 357 2647 3509 3124 1860 3782 434 3263 1756 2699 2080 254 4045 2772
3623 71 1803 4806 3995 1403 743 1623 1016 3126 1371 1280 2488 1528 4784 1910 4615 212 1985 4378 1116 1064 3796 3787 4848 794 3272 1609 3389 4245 2335 2422 3450 436 3587 1489 2390 1867 916 3557 3882 611 3687 3374 2067 2666 74 492 4588 2313 3644 3777 3084 1946 1064 2959 2493 2101 3945 612 694 3087 82 2160 2640 2586 866 1121 396 263 3857 2819 19 2037 1603 971 1846 4382 4763 4501 4662 2807 3932 2943 920 4275 2729 3676 1027 1958 3200 1997 2281 4083 38 536 1548 4304 2858 1027 697 4616 3826 4684 4593 1844 4073 3709 186 1808 4486 1260 385 3902 2239 923 2412 1955 1649 4668
3306 787 1449 328 366 1192 1393 508 660 688 3061 1420 3136 3586 2688 143 2031 1279 3132 2686 4309 4221 4950 4803 3502 572 979 4519 3742 163 4612 2335 2958 4187 211 431 2788 3931 3544 4002 4392 3905 3770 3832 3029 74 4236 755 4903 3693 1181 992 3431 1470 942 1151 3820 667 293 3727 1868 13 1934 2194 2993 3642 4749 1628 1084 893 3593 3672 784 4742 4454 1252 3546 4440 522 3102 4995 2068 59 4213 3969 922 2568 3460 3982 451 57 4506 4716 593 1340 508 3409 1820 1969 2127 3676 2101 1220 4714 4812 2644 2676 3910 30 1257 4630 2031 4938 4051 4531 4569 4754 3795 1837 534
682 3067 2056 1264 3326 2974 485 907 2037 69 2913 1860 2916 78 103 4487 2233 3763 3411 3789 4626 33 1741 257 147 4500 4398 898 4547 1224 114 3927 2243 3831 4820 4465 4099 1969 1429 4733 3187 1782 3091 3116 1423 492 755 626 878 443 2558 158 1131 376 4862 2704 3900 1127 4839 4932 742 127 4544 2118 399 1272 4897 3632 2222 2782 2184 435 68 3954 3897 4375 4469 763 2518 3877 3860 4098 3175 2094 1817 2644 898 1558 3074 2547 3140 4468 2965 3095 3640 201 3507 3258 3699 3408 1813 2820 4628 2551 4758 2881 1206 4952 3505 3747 1863 1160 3983 3156 786 395 2416 4616 4541 898
3139 2578 4674 2186 2230 4079 3747 3076 2643 3205 186 1006 4881 3485 2684 294 2106 614 3822 2458 2065 689 3357 294 4842 1063 3518 3529 1059 520 3771 3349 2567 4429 2953 3686 2566 624 4063 1741 3506 3772 1275 1619 2666 4588 4903 878 173 90 2011 4661 4173 3810 3286 2685 1018 101 324 1502 4750 3529 4039 4597 3347 2443 2437 2187 128 961 3042 3734 4988 910 2513 4439 4695 3053 2453 2718 978 3689 3805 1446 4735 890 475 1399 4241 2022 718 3599 1527 3960 3146 665 556 2686 2663 1417 2136 4914 605 4741 136 200 1917 859 2234 625 1137 2040 640 3880 2963 4761 1330 1002 2696 403
487 2753 1749 3190 4406 3444 2166 1177 2150 1602 3320 2731 269 1836 248 2261 838 2265 3791 3693 4446 3681 2366 4179 4584 2903 2616 1838 1815 3996 403 4167 4290 4527 4426 2940 249 3605 132 1786 1511 3481 2593 2625 4642 2313 3693 443 90 1777 1685 2760 4526 1426 2364 3644 4145 3514 4366 3802 4992 4081 376 1819 335 4114 3393 4052 4586 4918 4915 4368 4631 2619 2074 4392 2037 1088 2034 3089 1314 613 118 285 3495 1780 1193 4462 1816 4203 432 2990 2926 3133 1256 95 3526 4742 3025 1452 2093 4114 4023 3154 4714 1560 4376 2843 1910 1115 268 4352 2007 2742 3623 2160 4870 4649 1946 2462
1026 672 4575 3559 2044 2132 451 1522 4683 3567 106 4633 1386 2700 2317 1705 2778 104 2344 1704 3442 947 3036 1567 3395 2576 2522 105 4206 4629 3720 2113 4061 3689 2658 4560 2418 3127 131 4877 76 854 2857 1323 948 3644 1181 2558 2011 1685 984 4144 3434 2666 597 1790 3494 3786 4539 1659 2147 160 2064 1816 3492 2046 3521 4224 3424 2905 1536 4152 1645 2370 4604 2010 4522 1941 3249 2373 3857 2593 346 4471 1068 1928 4738 1411 4254 1918 327 4516 1050 4556 3285 44 3970 2888 4851 1004 3036 4021 3911 4992 2022 2184 2588 4628 1533 2538 4783 4971 1508 2032 600 1772 4023 4747 167 3275
1996 25 2793 4540 4567 2330 386 606 2648 2756 1567 173 575 4303 3149 224 1096 2660 3339 2066 2325 2131 358 4740 2122 3551 2636 1746 3437 2831 1675 1688 3949 3786 3513 4091 2889 739 4852 2382 3758 4355 530 4337 4197 3777 992 158 4661 2760 4144 2709 4657 1483 572 1705 2268 1210 357 1167 208 2403 3980 882 4402 520 3567 1860 3269 2602 1344 2962 2563 4780 3176 2339 4717 2687 2382 1096 1139 635 3036 577 1515 53 3041 979 2087 720 600 2002 826 2323 3788 3331 473 3299 3683 4325 3909 171 1415 3563 4091 3790 4946 2385 3738 4239 2716 79 4338 458 1237 1575 3454 3570 4319 707
167 3215 2475 1346 2883 2326 4583 3833 2067 3428 630 1937 3840 519 391 2193 923 865 90 343 3648 4733 2145 3792 2618 4452 90 4080 2950 3538 1511 2553 268 2494 2560 1846 4042 807 785 977 3588 1666 178 2888 715 3084 3431 1131 4173 4526 3434 4657 3796 4761 108 1661 199 1596 4886 4248 691 307 1449 3186 1871 2901 4193 3964 1162 874 2791 3193 1519 4505 3952 1907 935 300 3114 273 3988 4819 1025 4683 1309 2381 4135 3362 2359 1609 2138 1122 1538 1620 655 377 843 2660 1403 3731 3423 3187 351 2079 3566 1088 3178 2387 1047 3496 1364 4593 2434 2018 695 157 2611 487 560 1007
102 4635 2979 658 3456 3383 2151 3398 69 2631 3447 2738 1335 2070 4178 2035 189 760 795 3821 4664 1285 740 3251 4826 996 4363 4280 4800 1421 4886 489 2778 2323 3102 2533 2397 2788 1436 531 3462 3705 3729 516 983 1946 1470 376 3810 1426 2666 1483 4761 3057 810 4804 4914 2501 3523 3787 1073 3978 3835 1964 3846 3751 1736 2921 1144 3641 509 4932 1251 4661 3281 4854 1183 4191 970 4350 1159 547 4108 4353 3548 2439 1695 2076 1506 1171 4240 1979 4649 3434 3041 753 4682 499 250 3164 400 880 2223 925 2526 269 3787 3962 856 3970 1187 214 2970 4934 2518 4964 4285 900 3159 4459
1332 4935 3952 4810 1772 3366 2352 2468 3518 3102 89 1611 2421 4583 1903 666 3655 2564 3276 2569 3943 1259 302 1276 3040 892 2582 4056 141 3598 4556 532 2034 3793 2553 1205 1259 4310 4119 2216 3416 4038 670 3116 1684 1064 942 4862 3286 2364 597 572 108 810 82 879 3183 2849 1360 286 145 1048 3615 3349 3894 169 3100 3363 215 3464 1558 1527 640 3093 3583 4232 3302 3762 3330 2620 1462 1624 2648 2216 4490 4686 2432 61 3289 1232 3340 4098 826 1609 1663 342 3244 3888 834 4861 3607 2702 4206 4101 764 4778 2486 2232 2995 2358 3814 864 2329 4844 4927 1887 325 4962 4147 4165
4002 726 1585 657 2270 3352 381 2679 1153 4411 4965 94 1211 2142 3579 393 1843 4089 3557 4708 3079 440 983 4650 3123 1248 1742 1522 4053 1383 1762 1543 122 4158 36 2786 2727 309 4864 137 846 1072 1800 4290 1052 2959 1151 2704 2685 3644 1790 1705 1661 4804 879 4513 259 1583 4999 1678 1803 1370 2627 434 2876 2322 4653 789 1145 667 3854 3139 1759 1213 3245 815 4420 3068 663 4300 3011 3197 4259 2544 1984 3680 3752 2308 4270 1824 1561 2732 1802 3443 1807 2346 2042 3976 4836 2468 4570 3320 365 2160 924 3629 342 1232 4253 2063 3916 3812 4643 4608 4612 1472 969 494 487 4692
2175 3640 3375 3216 1462 566 2518 3135 840 4606 3046 2072 62 2181 3290 291 2944 3559 1656 118 2355 3814 4489 2596 2560 342 3201 825 3398 2250 4170 4545 3914 3340 1633 4103 1614 233 3252 4458 1576 2856 3751 3919 3278 2493 3820 3900 1018 4145 3494 2268 199 4914 3183 259 4850 2081 1519 2615 3039 1573 225 742 2116 4530 1585 3915 1007 4413 3369 1154 4010 2298 1569 382 247 1628 2023 2725 404 2664 3635 1869 1941 2906 4520 1827 4658 3049 1595 2893 4137 2799 1323 3115 868 349 2806 2227 2386 3514 4840 3796 2387 230 769 4645 4927 787 4737 4177 3621 4684 3841 2479 2872 3055 4292 789
1511 1971 2151 2946 3263 3536 1531 1993 4765 1398 75 2394 271 1864 3785 2023 2176 2201 4378 878 1785 2042 3860 3140 2540 2440 1400 4041 844 4695 2803 2173 1824 2703 4441 1382 2336 4247 458 3234 2606 831 4556 4564 1765 2101 667 1127 101 3514 3786 1210 1596 2501 2849 1583 2081 3526 678 2152 3767 1647 2784 1526 4297 2415 155 4224 3469 3171 487 3316 294 4444 3129 3001 4751 2248 614 1206 1315 445 2320 4802 4647 3753 4134 4731 3805 1207 3059 2660 4525 3327 1504 3233 3448 4175 2481 787 2382 657 2683 1891 1738 1130 3455 1695 2407 1129 1387 742 247 3743 750 3412 3789 1791 4389 1892
863 252 2893 71 603 873 3871 2350 23 384 1491 4746 4493 458 2038 1931 4126 1784 1733 4785 1588 2076 752 617 3315 202 1836 2533 1899 1427 124 2041 1503 2349 1573 1929 1995 4733 3118 1521 3578 4542 3042 1307 2251 3945 293 4839 324 4366 4539 357 4886 3523 1360 4999 1519 678 809 3167 1610 4837 3667 4779 2912 2798 3577 3241 3492 116 4344 509 2309 913 3223 1710 4781 1398 2894 2609 891 675 48 4369 2071 2789 2885 2390 367 326 875 2427 4095 3517 4519 2495 3632 1582 89 225 1951 222 4306 4704 3797 2141 2664 646 1976 31 3034 2554 4027 1863 4473 2117 1705 126 1056 1486
1509 1235 3904 4221 4158 4468 2031 704 4634 3085 549 2545 4465 2359 1852 1502 671 42 344 3213 2362 3012 3865 20 3825 4972 946 3451 3985 2236 1037 2709 2743 226 4284 3679 2144 2888 4805 194 2329 507 4677 1204 4161 612 3727 4932 1502 3802 1659 1167 4248 3787 286 1678 2615 2152 3167 2609 3944 220 2371 1547 4509 840 1177 1506 1297 4986 4047 3849 4213 2529 2239 1155 3062 4112 3791 4074 2485 266 1762 126 3449 2534 2863 3273 4707 4886 4594 387 2036 930 4645 2590 3968 4347 1396 1031 2977 1229 4771 4291 2565 2352 4355 3386 3011 4679 2572 1531 334 4954 22 4586 4445 3396 1759 765
3375 2925 794 4579 1422 2511 131 2137 3588 4407 1407 628 2838 575 2122 3523 2501 447 3083 4694 569 3813 2312 1750 1297 2841 818 1512 3766 4434 3513 4611 4189 4262 1003 1380 1337 2266 2328 2613 1545 4666 2724 4649 2379 694 1868 742 4750 4992 2147 208 691 1073 145 1803 3039 3767 1610 3944 2965 2867 2636 4646 3548 2824 1231 2425 1565 897 3561 4715 1780 2612 2441 1592 2214 3672 1391 3067 646 462 4098 3400 1239 2806 2042 1295 740 1772 4006 4998 2146 2734 1464 4757 4252 1788 2744 4896 2115 3966 1482 4342 251 1036 3296 1335 185 3971 4485 3305 1124 4991 64 2438 4275 2642 1287 714
4439 4352 1436 1799 353 2785 3469 2674 3188 3822 3667 282 4053 466 1080 4492 863 3041 4218 2353 4267 1860 3778 2664 4034 4190 2583 3451 1489 1826 1966 4429 649 2577 444 791 2672 4154 4261 764 3528 1704 2918 3963 2721 3087 13 127 3529 4081 160 2403 307 3978 1048 1370 1573 1647 4837 220 2867 2160 2528 4743 4383 654 3348 2574 4529 4957 2795 2323 2364 2049 467 1212 4415 1652 297 3862 4574 3522 2426 3301 879 188 1918 229 4995 687 2580 4199 2936 3249 831 2467 3652 3792 388 825 839 1707 184 3682 1373 3364 2751 1926 4097 4600 53 629 1052 468 1466 2899 1268 188 4629 4039
2270 3679 1016 2101 1185 1740 3711 3424 1791 4355 2392 2382 2712 2264 398 3667 404 2710 3496 217 2641 524 4615 3135 3194 1821 4244 858 1632 2428 3004 3979 1985 975 3147 4024 2312 1643 1370 3288 2109 2178 1027 4075 1777 82 1934 4544 4039 376 2064 3980 1449 3835 3615 2627 225 2784 3667 2371 2636 2528 643 3040 1874 1778 233 3656 3011 2176 2119 2833 3182 3522 1855 3818 1985 4859 1800 2737 2443 4926 4810 4660 4268 3876 3394 4770 1455 2636 3039 449 80 2915 844 4004 4235 1045 976 3899 3329 3232 979 4492 4261 1577 1166 1852 4271 2413 3376 2843 3299 625 3768 3541 2951 2395 1233 4789
805 1119 437 2088 386 4624 4098 3715 1289 4083 568 2712 1146 3391 3452 2799 3538 2447 2894 4134 765 4480 3690 185 4840 2938 2424 2613 417 1287 1796 2922 4098 4360 380 4852 1126 108 3523 2315 88 1541 286 328 1620 2160 2194 2118 4597 1819 1816 882 3186 1964 3349 434 742 1526 4779 1547 4646 4743 3040 4685 1060 2375 1234 2762 1721 4198 4016 2289 3373 619 1734 3629 3080 3558 644 1820 1156 2913 3621 3149 4233 382 1255 926 2410 4087 1155 4449 2490 2413 432 1091 2969 3329 2197 971 1416 3411 3502 3137 788 3381 3985 237 3638 2244 3301 3161 4675 1123 645 758 3229 610 1306 3610
390 1796 2342 4125 3483 2350 4180 3874 166 1505 2995 4394 2170 3072 154 1747 1439 1747 155 576 3683 4563 3418 120 1809 4830 502 4670 4097 1291 4067 4226 579 1811 2449 3049 3701 4601 1536 2700 3794 481 2824 1579 1308 2640 2993 399 3347 335 3492 4402 1871 3846 3894 2876 2116 4297 2912 4509 3548 4383 1874 1060 1944 1922 3996 3522 787 2329 2841 1078 2508 3404 65 2957 140 3673 248 3742 3990 1689 2096 2521 1787 1864 3926 176 3530 2349 4883 1681 4035 19 3063 3269 1005 755 3595 1594 1389 3741 3367 2534 1522 2368 3768 4756 379 3332 4723 663 637 1829 4592 1921 1675 4182 1435 1156
320 66 2105 516 4723 3949 2080 979 3647 2702 4550 3431 1425 2058 1076 1213 523 3235 1864 297 330 1252 395 4855 1402 3589 34 385 1077 1335 4322 3020 2977 3523 1783 1897 3326 3871 428 2368 4869 747 3635 613 3820 2586 3642 1272 2443 4114 2046 520 2901 3751 169 2322 4530 2415 2798 840 2824 654 1778 2375 1922 2794 1666 1181 3269 4115 4120 1282 2954 613 870 4647 3838 2139 1142 3074 2010 3259 1305 2779 2572 937 983 2052 563 1535 4965 1107 1577 617 1742 4581 1518 2113 1606 3962 1742 1187 3611 2185 3869 3149 342 4780 4909 3400 3837 3885 4274 4864 440 352 4709 1539 2940 4884
439 2342 3296 308 1665 1413 3829 4821 2340 3421 2444 1791 4953 4912 424 3241 4790 2081 3271 1948 3382 867 2441 396 4662 2236 948 3775 3920 1827 2076 4541 464 2762 200 1946 1242 3236 3748 2121 2894 301 4161 4007 820 866 4749 4897 2437 3393 3521 3567 4193 1736 3100 4653 1585 155 3577 1177 1231 3348 233 1234 3996 1666 4212 1703 3954 989 2336 3716 2196 4264 1707 816 1179 4948 3936 4853 3638 2048 1793 4030 4093 3142 1152 2346 1543 4859 1071 3909 1667 3330 1547 362 4858 2296 2767 888 942 168 4608 688 714 494 2608 2631 3832 2783 2544 17 2628 624 2238 4519 1553 548 1926 2150
3826 521 317 1214 728 1555 2123 4736 579 371 3831 2570 375 3504 2490 4933 283 2064 1215 2047 3720 4320 1287 2315 3977 273 3607 1755 3318 1835 2182 3176 65 149 1966 1077 2924 2929 1630 4932 369 3454 651 2808 3415 1121 1628 3632 2187 4052 4224 1860 3964 2921 3363 789 3915 4224 3241 1506 2425 2574 3656 2762 3522 1181 1703 1448 1153 4869 4513 3137 3437 2070 3386 1906 4384 3002 2413 4336 264 4711 1936 3959 4826 320 2569 3295 1444 3141 4985 1827 2942 1017 178 2328 2699 3040 1995 3059 2434 2282 2600 1614 4029 2801 3043 4571 2485 591 3024 3748 4703 3162 1145 3034 3113 4535 4610 1961
2502 837 83 4537 3099 2039 4443 4383 1775 2941 1978 3511 2452 1577 1905 1573 1126 602 550 3380 1955 4545 4352 4412 586 2733 3116 821 2039 4489 1336 1736 794 231 2851 478 1988 2222 4664 247 1371 2181 3092 284 1002 396 1084 2222 128 4586 3424 3269 1162 1144 215 1145 1007 3469 3492 1297 1565 4529 3011 1721 787 3269 3954 1153 1300 4676 1726 2921 67 4468 4368 546 4781 2271 3157 4372 1981 3132 4783 514 855 4502 204 3810 3798 3984 2422 3191 681 3929 354 3884 3852 3418 1403 2709 3500 4124 1116 4496 3660 3948 106 1614 3916 1097 1384 1879 1216 2125 3477 4053 4996 4726 3051 4048
1606 2578 106 15 3379 33 3353 3920 1022 3072 2235 1550 4936 3562 1639 2850 85 3928 1207 1993 3571 1044 4406 1970 2358 1552 1471 1313 2371 4506 4072 387 3987 4415 2441 3003 3807 2565 4701 812 3348 3237 1331 180 2365 263 893 2782 961 4918 2905 2602 874 3641 3464 667 4413 3171 116 4986 897 4957 2176 4198 2329 4115 989 4869 4676 3702 4424 2566 103 2495 75 1877 1607 3703 4284 4399 918 3229 4336 2548 1634 1692 4979 3649 1522 2031 4441 530 164 3884 2752 2123 3287 3131 1787 2378 852 4691 4026 2914 3877 191 1481 2655 815 3356 2549 3356 704 73 2274 3543 4344 3385 2851 3803
4036 4871 4643 2890 2264 276 3934 1685 2040 4981 1051 2502 960 1372 358 2339 210 3640 3823 1493 4296 77 1934 2582 4361 3724 4793 189 2942 1894 459 2443 2712 2558 1491 1037 1006 1563 3285 4907 931 4709 124 2118 3823 3857 3593 2184 3042 4915 1536 1344 2791 509 1558 3854 3369 487 4344 4047 3561 2795 2119 4016 2841 4120 2336 4513 1726 4424 2620 4127 1704 2950 1351 538 1189 2978 664 1729 4682 2138 182 4343 794 1823 2372 2054 2540 2394 3145 3957 3962 4326 3141 3609 1553 3384 1141 2290 3510 1867 1244 3859 1559 703 4649 4071 4686 4250 2598 669 2704 4161 2600 3710 732 1316 202 879
3404 1310 2889 4523 3368 1725 1702 2898 4389 3481 254 31 1624 2874 4331 2110 1869 1035 4126 4450 600 4721 4644 683 2615 1777 3669 4129 1846 2247 4664 1779 2645 1466 1807 1835 1550 2328 1067 1580 2742 629 716 4220 3209 2819 3672 435 3734 4368 4152 2962 3193 4932 1527 3139 1154 3316 509 3849 4715 2323 2833 2289 1078 1282 3716 3137 2921 2566 4127 1920 3763 2299 3886 1461 1148 3694 4741 1470 4768 173 2516 847 713 1084 1983 1869 2247 1394 3002 3317 4096 4046 3325 1561 3247 3909 2342 3675 3021 2249 2667 4128 3273 3281 3924 378 3845 4232 1819 568 3349 4628 265 4705 2993 300 1685 1623
330 3400 4032 1027 1097 2414 2557 3117 2454 4084 314 290 4027 1764 3808 1221 4222 4150 955 4775 4693 3734 3503 3859 444 1977 3623 1883 1818 3107 986 2807 83 4562 4957 3044 4623 969 4469 489 2435 1558 3267 374 2046 19 784 68 4988 4631 1645 2563 1519 1251 640 1759 4010 294 2309 4213 1780 2364 3182 3373 2508 2954 2196 3437 67 103 1704 3763 4261 4750 2289 2193 4338 478 2530 150 511 1427 4281 497 133 3706 1792 1854 1157 2467 2321 3353 3204 2296 801 4843 3011 4392 4275 4276 2809 4539 1919 4004 3030 4464 2469 2233 4565 1888 241 2056 1032 4364 4447 1305 2139 210 3273 4543
18 2149 4070 3964 576 625 602 3993 505 1429 46 3084 665 733 444 3526 1414 1692 3278 4734 3935 4521 3988 2027 1841 2107 3302 321 4663 137 2900 3880 3268 2171 747 3791 1591 2744 4076 3763 1369 434 1158 711 4500 2037 4742 3954 910 2619 2370 4780 4505 4661 3093 1213 2298 4444 913 2529 2612 2049 3522 619 3404 613 4264 2070 4468 2495 2950 2299 4750 2165 984 491 488 3910 2334 913 3354 2468 2617 4578 92 4223 4610 24 4407 811 1457 1291 1188 3793 4575 656 602 1919 3059 4383 4343 4239 4010 1859 2439 1331 2917 2240 4464 3789 4938 2560 2311 145 2179 1404 411 219 698 4707
661 2233 4429 2630 450 4372 1774 2355 3870 3246 3896 714 3270 3403 2647 193 4123 3284 59 805 83 799 1636 4919 2478 4218 4614 243 2131 1110 3965 54 4137 1425 2358 4895 4668 3142 4603 1691 289 3797 1785 1082 2829 1603 4454 3897 2513 2074 4604 3176 3952 3281 3583 3245 1569 3129 3223 2239 2441 467 1855 1734 65 870 1707 3386 4368 75 1351 3886 2289 984 1532 163 3669 174 1283 3729 2752 4411 439 1279 4315 649 3724 4044 4313 2796 1730 4887 3122 806 4598 3478 596 3400 4666 697 3180 2285 3207 4432 3988 1818 3819 2565 265 848 865 4619 571 137 4570 456 1168 2718 3460 3479
4216 4160 3645 47 2839 224 3064 153 2894 1206 4707 2622 3926 1998 2444 1693 3171 942 1644 2998 1738 640 1734 4851 4826 1951 3418 890 2612 4651 3281 1676 1991 4192 1992 2323 1133 4119 3648 1078 516 4765 3264 1161 1973 971 1252 4375 4439 4392 2010 2339 1907 4854 4232 815 382 3001 1710 1155 1592 1212 3818 3629 2957 4647 816 1906 546 1877 538 1461 2193 491 163 1764 4174 2220 1621 2697 1006 2837 3715 3779 91 3773 3660 2300 1752 1890 4913 2600 1524 3918 1433 2889 3806 1779 240 1246 3026 2583 1771 3834 2908 4532 4341 903 4043 815 2924 3471 2819 3120 927 232 3561 2619 4743 3065
1295 4055 4108 3879 4379 1389 211 494 249 152 2667 3462 1612 310 2974 1661 472 3816 1389 4343 1440 839 3649 475 2774 1349 4384 3725 2213 4290 119 4636 1637 2096 4053 4830 557 4722 3698 1007 4557 776 455 3759 4398 1846 3546 4469 4695 2037 4522 4717 935 1183 3302 4420 247 4751 4781 3062 2214 4415 1985 3080 140 3838 1179 4384 4781 1607 1189 1148 4338 488 3669 4174 4788 2702 4881 1460 1091 287 1617 3683 2782 4558 2944 4064 3381 500 649 1187 3573 2664 3729 1718 4776 4017 156 3054 3125 4336 3996 96 3181 2328 4327 2455 4373 459 174 3068 2338 1840 4758 4303 1994 852 3399 1843
4108 1903 955 2654 3078 2479 4087 354 3480 665 2372 3877 1059 4145 1226 3878 2341 2171 2683 3357 61 1957 2207 760 639 4697 2591 1115 4115 3182 477 3481 755 4642 538 1392 4973 2488 4536 4856 3676 4379 2624 2350 3433 4382 4440 763 3053 1088 1941 2687 300 4191 3762 3068 1628 2248 1398 4112 3672 1652 4859 3558 3673 2139 4948 3002 2271 3703 2978 3694 478 3910 174 2220 2702 2692 57 974 1602 2097 321 2398 1107 4790 1987 3669 4566 1115 4812 1878 3211 774 2764 165 2183 4514 2202 4913 2575 1136 2693 3133 1404 3974 3676 3330 1480 3365 2264 554 4512 1160 4133 2871 2521 4467 891 901
2579 2477 3787 3105 826 3380 2165 3739 4869 4205 2749 1734 1136 2120 1277 3873 4916 3640 379 3850 1608 2427 1604 4078 4690 290 988 4143 4887 2317 4210 612 1790 4490 2396 4184 3845 1164 4660 3243 2595 4263 2826 1385 2748 4763 522 2518 2453 2034 3249 2382 3114 970 3330 663 2023 614 2894 3791 1391 297 1800 644 248 1142 3936 2413 3157 4284 664 4741 2530 2334 1283 1621 4881 57 2854 386 4967 1559 2320 1709 1419 2870 2120 2208 3841 1883 3488 4254 3444 657 3864 345 787 32 2741 4716 4717 749 3677 1329 2573 4738 2162 922 3575 439 2228 253 2838 2246 1532 1276 2261 190 1847 3145
4408 3835 1724 3183 1404 3098 3855 3487 4437 1201 105 2672 3612 698 2401 3935 1460 2120 1726 173 621 897 4571 4682 4846 2751 3484 2233 1479 1920 4789 2959 4464 1119 2446 3419 2110 323 3482 4996 4811 3828 4839 3773 3159 4501 3102 3877 2718 3089 2373 1096 273 4350 2620 4300 2725 1206 2609 4074 3067 3862 2737 1820 3742 3074 4853 4336 4372 4399 1729 1470 150 913 3729 2697 1460 974 386 4623 4272 3915 3190 2241 2966 4692 4613 592 1621 2822 2948 2352 3870 4134 290 2468 3179 3952 2350 654 4036 3057 954 4814 1932 1454 200 2437 4583 2161 4755 4473 206 104 3306 1830 857 536 4226 1384
2288 4555 4469 2830 642 1598 2440 1141 2889 3536 1769 21 4556 1667 3728 1227 3355 2693 3684 3113 4709 1958 3766 2185 709 4153 1070 3002 4538 4749 4243 3822 2666 4316 2232 2176 4009 2357 1874 3314 2302 4922 2736 1677 3688 4662 4995 3860 978 1314 3857 1139 3988 1159 1462 3011 404 1315 891 2485 646 4574 2443 1156 3990 2010 3638 264 1981 918 4682 4768 511 3354 2752 1006 1091 1602 4967 4272 756 2338 2421 4732 1233 904 3296 3346 2635 429 4924 1378 4043 741 345 1213 1605 1922 4531 4814 1952 670 4778 1042 3295 3507 2260 4676 2425 1760 3349 1153 1448 4560 381 1062 4501 4137 3762 460
4150 3310 486 1350 234 1676 352 3556 784 1827 4078 1283 1127 3477 72 502 677 2431 2337 1250 1913 4817 2450 4741 4883 4136 4337 588 3257 4962 4513 566 2114 1394 2411 1712 3095 95 2765 436 1296 3037 2610 2141 1043 2807 2068 4098 3689 613 2593 635 4819 547 1624 3197 2664 445 675 266 462 3522 4926 2913 1689 3259 2048 4711 3132 3229 2138 173 1427 2468 4411 2837 287 2097 1559 3915 2338 729 3068 59 651 4563 470 1483 4720 1861 2124 3314 1059 4464 4809 4073 3979 1813 4523 2752 833 1226 1256 3066 943 513 171 1721 1505 646 898 3348 4522 2335 3504 638 3229 1411 946 1168
1166 1034 310 4500 3788 696 3322 1716 1781 1263 2708 3921 1963 398 691 3895 2299 3040 2179 2171 3304 3907 1761 1855 2252 182 205 2009 1936 3647 4965 3828 4865 2850 3948 115 1440 1035 3742 1298 4059 775 3787 2184 3996 3932 59 3175 3805 118 346 3036 1025 4108 2648 4259 3635 2320 48 1762 4098 2426 4810 3621 2096 1305 1793 1936 4783 4336 182 2516 4281 2617 439 3715 1617 321 2320 3190 2421 3068 4776 1518 3863 4948 147 2870 2289 1285 1969 3098 3762 526 3218 465 1211 3209 4472 4242 4135 2566 573 1840 3827 468 4687 799 3206 3538 2995 4970 3924 2319 4288 4614 3089 294 2847 1305
1732 305 454 237 1249 4374 2588 3706 492 1777 722 4492 4629 3305 39 4459 1755 2624 547 3490 2188 4431 3203 3639 1639 3159 2274 4989 2542 4634 3646 2712 2981 2711 870 4687 4040 3468 3683 91 4348 1038 511 952 1568 2943 4213 2094 1446 285 4471 577 4683 4353 2216 2544 1869 4802 4369 126 3400 3301 4660 3149 2521 2779 4030 3959 514 2548 4343 847 497 4578 1279 3779 3683 2398 1709 2241 4732 59 1518 4691 4802 427 4138 1701 4073 2663 4179 259 1223 2337 4346 2586 1368 2637 3533 3972 3753 2523 1717 2991 3836 2274 1154 3138 3995 2444 632 4266 4828 918 2743 108 4514 1607 2034 737
646 1201 1781 679 3805 381 3451 101 1304 2689 4230 4327 3621 3428 2135 791 3393 1105 2438 3165 4121 3893 1258 3222 4573 3074 3683 438 820 2966 764 3617 4243 496 15 1423 91 4409 2638 4482 1837 594 1503 1266 2123 920 3969 1817 4735 3495 1068 1515 1309 3548 4490 1984 1941 4647 2071 3449 1239 879 4268 4233 1787 2572 4093 4826 855 1634 794 713 133 92 4315 91 2782 1107 1419 2966 1233 651 3863 4802 1736 3583 1385 3058 3606 2753 4387 1445 246 3865 480 1729 768 3988 3599 4636 43 2930 4927 2666 4426 909 2885 2331 1399 4864 98 3336 3174 2515 1569 1063 1633 1049 1115 970
2055 2711 4396 4805 2458 1267 3836 2129 1495 4635 3273 3982 1381 3075 3300 3434 4123 2121 893 778 1461 3122 2558 350 1597 461 4792 2339 1355 1810 2702 3727 3570 897 4217 2218 4013 634 450 1275 1454 3147 3387 2797 491 4275 922 2644 890 1780 1928 53 2381 2439 4686 3680 2906 3753 2789 2534 2806 188 3876 382 1864 937 3142 320 4502 1692 1823 1084 3706 4223 649 3773 4558 4790 2870 4692 904 4563 4948 427 3583 2569 2808 1811 2294 4609 4794 1143 1275 312 1503 326 4626 3794 316 4176 1573 225 2295 3718 614 4385 4550 2942 2342 875 2033 1288 2240 2717 191 3075 599 3387 2021 4915
4564 1442 3800 4528 2129 2174 2943 1214 2293 2705 1098 1637 442 351 4309 2844 2019 857 2338 4025 2033 3536 2814 2993 3019 123 4201 2881 1210 3444 765 2118 1992 3342 4078 2926 4755 4575 245 4895 2389 3707 2420 2631 457 2729 2568 898 475 1193 4738 3041 4135 1695 2432 3752 4520 4134 2885 2863 2042 1918 3394 1255 3926 983 1152 2569 204 4979 2372 1983 1792 4610 3724 3660 2944 1987 2120 4613 3296 470 147 4138 1385 2808 77 1253 2795 519 3066 2589 3192 357 3119 3068 279 1962 272 409 4405 3613 1334 652 1379 2863 4988 4300 2551 2759 2124 250 3243 1392 2052 36 4589 706 3622 3599
200 1698 1711 4749 4280 2026 4621 253 223 1031 4021 3176 1659 612 3009 33 3037 4667 4410 1849 4213 1509 1291 4364 2059 3910 403 3894 3352 4313 1156 2346 833 3917 2256 1485 3575 1736 1065 2833 1948 3378 1957 1533 4323 3676 3460 1558 1399 4462 1411 979 3362 2076 61 2308 1827 4731 2390 3273 1295 229 4770 926 176 2052 2346 3295 3810 3649 2054 1869 1854 24 4044 2300 4064 3669 2208 592 3346 1483 2870 1701 3058 1811 1253 3196 3626 4107 4054 2867 1073 1867 1937 3176 4241 4828 3071 1782 4577 3092 23 3426 397 2668 1789 3562 1202 1225 4429 3080 305 2421 4611 3961 4528 3993 4027 457
413 3652 2679 3686 2519 2359 2247 148 261 2170 1167 221 4115 203 3014 2192 4333 124 4571 2630 202 4461 3709 222 425 2872 2076 2792 4926 177 4717 2249 2850 300 2826 2317 3105 3581 4443 4725 1669 4812 1172 797 1692 1027 3982 3074 4241 1816 4254 2087 2359 1506 3289 4270 4658 3805 367 4707 740 4995 1455 2410 3530 563 1543 1444 3798 1522 2540 2247 1157 4407 4313 1752 3381 4566 3841 1621 2635 4720 2289 4073 3606 2294 2795 3626 85 536 1969 4729 1357 3111 892 1848 2083 3352 1452 918 4974 340 4685 4610 4730 410 1645 2353 1918 384 2676 1346 4695 1518 4617 3224 494 1166 2451 4109
3627 882 2792 4323 4004 432 3588 3003 2600 2242 738 2053 3458 4791 3641 4829 786 480 2263 427 2910 1973 2402 1408 231 4149 3938 1590 3905 3879 2044 2535 2344 2823 3135 141 4932 1211 3092 956 2460 4594 121 2801 103 1958 451 2547 2022 4203 1918 720 1609 1171 1232 1824 3049 1207 326 4886 1772 687 2636 4087 2349 1535 4859 3141 3984 2031 2394 1394 2467 811 2796 1890 500 1115 1883 2822 429 1861 1285 2663 2753 4609 519 4107 536 4805 2607 2711 3321 2296 4120 4797 2449 1145 2876 2270 3986 1293 941 3598 1630 534 4308 4888 4841 1775 1341 4952 1978 2318 138 1146 2820 440 2495 2047
49 4280 3815 3474 1657 1683 2893 3160 4308 1960 1194 800 3995 4436 4650 4814 3247 627 740 283 4775 3717 4555 453 1040 2969 1324 136 3566 3467 532 1651 719 4531 832 1377 3205 4717 4311 1420 3834 1553 3019 4184 1906 3200 57 3140 718 432 327 600 2138 4240 3340 1561 1595 3059 875 4594 4006 2580 3039 1155 4883 4965 1071 4985 2422 4441 3145 3002 2321 1457 1730 4913 649 4812 3488 2948 4924 2124 1969 4179 4387 4794 3066 4054 1969 2607 1043 3232 1169 956 3322 4851 2905 3978 44 4752 534 4935 377 1258 4631 4687 771 1521 4591 2108 4772 2708 1734 2190 4881 4831 4057 4213 4628 4266
4859 809 799 4347 4672 2816 297 1599 2972 1747 1213 2698 920 1088 588 4589 837 4106 23 453 4150 129 4951 2402 4147 2367 877 2002 3510 2090 361 1644 255 4128 3566 1174 2981 740 2111 2982 4014 344 50 464 3092 1997 4506 4468 3599 2990 4516 2002 1122 1979 4098 2732 2893 2660 2427 387 4998 4199 449 4449 1681 1107 3909 1827 3191 530 3957 3317 3353 1291 4887 2600 1187 1878 4254 2352 1378 3314 3098 259 1445 1143 2589 2867 4729 2711 3232 2972 1765 3188 666 1689 4963 2338 1650 4954 2867 3249 4789 2409 3919 4657 4674 3626 1265 4763 4442 869 2278 1141 1872 1269 737 4921 4839 2134
2932 2689 3213 558 3197 4165 2930 4737 3423 3540 4643 346 4425 632 4527 1678 1908 240 227 1984 656 4485 3539 4273 1121 943 3808 2141 71 1827 1553 3498 3112 264 3179 4497 4902 67 3439 15 3146 3241 4680 1800 2287 2281 4716 2965 1527 2926 1050 826 1538 4649 826 1802 4137 4525 4095 2036 2146 2936 80 2490 4035 1577 1667 2942 681 164 3962 4096 3204 1188 3122 1524 3573 3211 3444 3870 4043 1059 3762 1223 246 1275 3192 1073 1357 3321 1169 1765 1320 2116 570 4152 4099 3119 4051 200 470 4574 4419 3872 3534 2651 1722 1327 4413 1235 3121 1218 4835 4574 4827 2388 4662 332 529 3667
1096 3108 4159 2900 328 3034 4562 3132 2383 2001 705 1034 1239 2718 3627 895 3699 4709 2869 632 2079 1553 1422 1034 1166 2165 1646 1804 785 1198 4969 2665 1017 4586 2343 1275 3935 1350 4976 4055 340 3673 643 4662 2057 4083 593 3095 3960 3133 4556 2323 1620 3434 1609 3443 2799 3327 3517 930 2734 3249 2915 2413 19 617 3330 1017 3929 3884 4326 4046 2296 3793 806 3918 2664 774 657 4134 741 4464 526 2337 3865 312 357 1867 3111 2296 956 3188 2116 1993 4091 4215 2253 3866 246 3654 3760 3876 2634 3205 558 3472 3612 2077 4291 2259 43 2986 948 3293 2483 3689 1331 804 2586 2241
927 2453 183 1066 2832 2480 3405 3374 4696 858 2274 2562 2693 3506 4289 3688 1116 4856 2478 2158 1239 952 466 3103 225 268 1587 867 4398 421 4897 4668 3107 3149 507 858 2905 248 4777 2043 2290 2187 4827 2134 754 38 1340 3640 3146 1256 3285 3788 655 3041 1663 1807 1323 1504 4519 4645 1464 831 844 432 3063 1742 1547 178 354 2752 3141 3325 801 4575 4598 1433 3729 2764 3864 290 345 4809 3218 4346 480 1503 3119 1937 892 4120 3322 666 570 4091 1003 31 860 4527 3270 40 3246 3211 2658 287 2476 360 2417 4113 1515 1187 4190 4084 4684 1658 2482 1365 4516 1398 2475 1542
2989 581 4758 4433 3141 2342 1191 839 498 4393 1505 1788 3678 85 2864 4970 102 4940 3292 1290 4841 4165 2227 2960 2236 232 3190 264 3241 2777 277 1939 4518 4351 1884 2435 325 1904 1584 1786 110 356 919 2926 4733 536 508 201 665 95 44 3331 377 753 342 2346 3115 3233 2495 2590 4757 2467 4004 1091 3269 4581 362 2328 3884 2123 3609 1561 4843 656 3478 2889 1718 165 345 2468 1213 4073 465 2586 1729 326 3068 3176 1848 4797 4851 1689 4152 4215 31 4573 300 369 275 4696 33 573 300 1847 1773 3599 2807 23 4586 766 1166 2748 978 1911 2867 1365 3600 1524 3596 2352
1105 573 1910 2192 4138 4794 157 2701 189 1274 1465 1762 2611 435 1797 253 1827 1918 2748 2763 2426 4600 3439 3354 4726 3261 551 3511 1993 4235 2519 4603 3294 1241 3776 4280 1905 4661 1912 3281 3711 3917 4560 3839 3340 1548 3409 3507 556 3526 3970 473 843 4682 3244 2042 868 3448 3632 3968 4252 3652 4235 2969 1005 1518 4858 2699 3852 3287 1553 3247 3011 602 596 3806 4776 2183 787 3179 1605 3979 1211 1368 768 4626 279 4241 2083 2449 2905 4963 4099 2253 860 300 1689 3648 4219 3354 4382 3195 517 944 2136 198 620 2997 1942 4724 951 2036 368 4892 1132 4776 4097 3690 2932 1954
2502 4550 4907 248 4810 3045 251 1208 1347 1692 2497 2602 4637 451 696 533 4930 4101 1335 1047 3774 351 843 552 1269 4477 1055 4194 2703 1973 603 4955 1246 3397 2134 3178 794 2966 240 2341 3530 2741 3726 1601 660 4304 1820 3258 2686 4742 2888 3299 2660 499 3888 3976 349 4175 1582 4347 1788 3792 1045 3329 755 2113 2296 3040 3418 3131 3384 3909 4392 1919 3400 1779 4017 4514 32 3952 1922 1813 3209 2637 3988 3794 1962 4828 3352 1145 3978 2338 3119 3866 4527 369 3648 1980 2427 1948 1184 2875 1108 771 1682 4667 937 3608 4509 2886 472 184 3885 4236 1412 95 3177 2460 2150 3866
2864 3194 2381 2829 696 4849 2334 2454 4284 583 2582 1119 3762 3337 1467 4426 1778 3982 4759 4597 3342 521 2525 2666 4459 2527 3806 199 4166 2562 3203 434 1719 2989 3177 3983 730 2085 1142 2176 1363 3641 3430 4867 1325 2858 1969 3699 2663 3025 4851 3683 1403 250 834 4836 2806 2481 89 1396 2744 388 976 2197 3595 1606 2767 1995 1403 1787 1141 2342 4275 3059 4666 240 156 2202 2741 2350 4531 4523 4472 3533 3599 316 272 3071 1452 2876 44 1650 4051 246 3270 275 4219 2427 4249 2473 2274 1723 2643 2510 3196 1736 651 1788 4689 3872 4774 2991 3365 3912 1041 2527 3772 4865 873 1501
3610 2082 3523 2290 3110 603 219 154 1246 1850 3850 2406 3782 4125 2223 3383 4182 778 2721 3343 4550 2097 3580 1728 556 1332 575 2650 157 3258 1058 2657 3186 765 2998 785 4216 2871 335 1532 4886 413 1232 275 1296 1027 2127 3408 1417 1452 1004 4325 3731 3164 4861 2468 2227 787 225 1031 4896 825 3899 971 1594 3962 888 3059 2709 2378 2290 3675 4276 4383 697 1246 3054 4913 4716 654 4814 2752 4242 3972 4636 4176 409 1782 918 2270 4752 4954 200 3654 40 4696 3354 1948 2473 4786 2342 1777 4946 1951 3220 2833 446 2766 4397 2206 2786 4386 2731 2955 1887 2664 2835 232 3595 2842
1144 4007 3447 4529 4268 1545 4173 2268 1835 4488 4649 2339 2339 3354 2655 3697 4267 4631 452 1528 976 1551 1525 884 4665 632 803 4182 3002 1179 3006 3886 3096 677 1913 811 1603 1227 2278 4462 2871 3195 4480 3895 1462 697 3676 1813 2136 2093 3036 3909 3423 400 3607 4570 2386 2382 1951 2977 2115 839 3329 1416 1389 1742 942 2434 3500 852 3510 3021 2809 4343 3180 3026 3125 2575 4717 4036 1952 833 4135 3753 43 1573 4405 4577 4974 3986 534 2867 470 3760 3246 33 4382 1184 2274 2342 4415 1666 4930 4652 385 1530 915 2158 2671 2805 436 2180 1798 4636 2910 2126 2738 4797 925 3902
1966 1663 2273 122 1292 3068 4935 3284 4232 3434 3600 3222 1080 4504 3610 1602 2763 4371 3183 223 179 2715 3358 4553 1625 1907 2142 949 3828 3340 3293 397 4934 4223 3344 1476 2716 231 2986 2068 1886 2611 1911 919 4505 4616 2101 2820 4914 4114 4021 171 3187 880 2702 3320 3514 657 222 1229 3966 1707 3232 3411 3741 1187 168 2282 4124 4691 1867 2249 4539 4239 2285 2583 4336 1136 749 3057 670 1226 2566 2523 2930 225 3613 3092 340 1293 4935 3249 4574 3876 3211 573 3195 2875 1723 1777 1666 4656 3383 1402 4036 4132 3378 965 4400 2725 3969 1458 4378 1432 3091 775 3166 2493 427 2032
1446 531 2004 4520 550 873 4320 4671 1279 3797 4970 351 3575 189 1548 3432 3294 2969 829 2057 44 3399 1761 3946 3067 2380 2350 1045 571 3040 1308 913 4313 501 3578 1357 3327 1019 4250 4290 3254 2292 3137 4741 2145 3826 1220 4628 605 4023 3911 1415 351 2223 4206 365 4840 2683 4306 4771 1482 184 979 3502 3367 3611 4608 2600 1116 4026 1244 2667 1919 4010 3207 1771 3996 2693 3677 954 4778 1256 573 1717 4927 2295 1334 23 4685 941 377 4789 4419 2634 2658 300 517 1108 2643 4946 4930 3383 2982 3001 4040 3828 690 3222 2561 3080 3868 3320 1774 1473 4952 3035 2286 3149 4950 1921
3600 4288 3613 4389 2659 443 2123 369 1703 800 836 4943 1282 951 4206 3120 220 3547 3037 1115 4529 3252 4623 2889 4031 803 212 4260 3447 1784 1660 3412 2059 3521 2055 3850 4258 1875 4085 3743 1443 3070 2411 827 4228 4684 4714 2551 4741 3154 4992 3563 2079 925 4101 2160 3796 1891 4704 4291 4342 3682 4492 3137 2534 2185 688 1614 4496 2914 3859 4128 4004 1859 4432 3834 96 3133 1329 4814 1042 3066 1840 2991 2666 3718 652 3426 4610 3598 1258 2409 3872 3205 287 1847 944 771 2510 1951 4652 1402 3001 628 2926 4686 4626 1539 124 2663 2300 2575 2143 134 2502 2263 3700 4160 1832 2256
3982 4383 4567 4600 2756 4234 1370 1873 4942 2831 2678 189 3553 1008 2726 1603 4468 4908 3281 1805 1335 32 3350 1915 4938 2399 3312 201 1655 3506 1001 4485 2404 3892 4839 2420 3064 2767 2101 3591 1406 1426 3836 527 3244 4593 4812 4758 136 4714 2022 4091 3566 2526 764 924 2387 1738 3797 2565 251 1373 4261 788 1522 3869 714 4029 3660 3877 1559 3273 3030 2439 3988 2908 3181 1404 2573 1932 3295 943 3827 3836 4426 614 1379 397 4730 1630 4631 3919 3534 558 2476 1773 2136 1682 3196 3220 385 4036 4040 2926 4440 2925 4058 4622 1852 3527 1258 4769 4042 3616 1155 4266 3582 4401 4497 476
3976 392 348 2105 1423 663 4050 1000 3003 2448 3432 4251 2883 2032 4775 276 2849 640 2518 865 2742 2527 4778 26 726 327 3007 2988 1500 841 678 79 4993 535 1120 2752 3956 4799 934 1469 4884 3862 3117 616 3764 1844 2644 2881 200 1560 2184 3790 1088 269 4778 3629 230 1130 2141 2352 1036 3364 1577 3381 2368 3149 494 2801 3948 191 703 3281 4464 1331 1818 4532 2328 3974 4738 1454 3507 513 468 2274 909 4385 2863 2668 410 534 4687 4657 2651 3472 360 3599 198 4667 1736 2833 1530 4132 3828 4686 2925 4238 4025 4735 989 1025 119 3693 3848 3296 4202 3488 4166 770 2051 3266
2414 1192 3057 4192 2905 818 2931 3182 4610 4332 2150 4800 1838 3842 2191 2283 4520 3586 537 1243 2599 446 1161 3121 4517 2430 4533 639 4691 4293 2246 655 1225 1015 853 4664 4660 3675 3217 4554 3245 1011 3963 2904 357 4073 2676 1206 1917 4376 2588 4946 3178 3787 2486 342 769 3455 2664 4355 3296 2751 1166 3985 3768 342 2608 3043 106 1481 4649 3924 2469 2917 3819 4341 4327 3676 2162 200 2260 171 4687 1154 2885 4550 4988 1789 1645 4308 771 4674 1722 3612 2417 2807 620 937 651 446 915 3378 690 4626 4058 4025 4751 2682 1170 2439 818 227 2219 219 678 1618 3814 2505 712 3370
4849 697 3484 2005 3652 1023 1322 2095 2551 4831 3861 3812 2061 2975 2566 1547 2046 695 2168 3227 4100 1413 3872 4776 2597 4112 2959 2731 4466 222 2037 4996 4232 3640 3454 3894 3544 1925 3858 2390 232 4742 1629 4905 2647 3709 3910 4952 859 2843 4628 2385 2387 3962 2232 1232 4645 1695 646 3386 1335 1926 1852 237 4756 4780 2631 4571 1614 2655 4071 378 2233 2240 2565 903 2455 3330 922 2437 4676 1721 799 3138 2331 2942 4300 3562 2353 4888 1521 3626 1327 2077 4113 23 2997 3608 1788 2766 2158 965 3222 1539 4622 4735 2682 4671 1691 3020 1932 4079 399 3408 4030 179 2858 2839 1102 18
4493 3647 4156 242 4734 2603 4881 1536 2186 2949 1910 353 2313 3764 3278 4589 2660 3965 4388 1169 4978 2924 4955 4468 174 1921 739 880 1872 3416 4226 1303 148 3018 2831 3465 2863 4223 2473 4895 1223 3485 947 3420 3509 186 30 3505 2234 1910 1533 3738 1047 856 2995 4253 4927 2407 1976 3011 185 4097 4271 3638 379 4909 3832 2485 3916 815 4686 3845 4565 4464 265 4043 4373 1480 3575 4583 2425 1505 3206 3995 1399 2342 2551 1202 1918 4841 4591 1265 4413 4291 1515 4586 1942 4509 4689 4397 2671 4400 2561 124 1852 989 1170 1691 4650 149 3461 828 211 3030 95 106 1053 4100 2790 474
3390 1806 938 4643 2593 1185 1848 1223 3376 3473 1029 2987 2109 1121 3965 3400 1686 3549 262 1316 1698 4799 2554 2972 2975 4930 2346 1757 2474 2902 582 1634 3687 4716 915 2259 143 848 1086 3842 3175 1377 1932 4543 3124 1808 1257 3747 625 1115 2538 4239 3496 3970 2358 2063 787 1129 31 4679 3971 4600 2413 2244 3332 3400 2783 591 1097 3356 4250 4232 1888 3789 848 815 459 3365 439 2161 1760 646 3538 2444 4864 875 2759 1225 384 1775 2108 4763 1235 2259 1187 766 4724 2886 3872 2206 2805 2725 3080 2663 3527 1025 2439 3020 149 2624 4468 1217 2480 2418 3093 1367 761 3786 122 1770
4862 3147 4980 4881 3623 4452 212 2859 370 2780 3996 1475 2248 2422 3879 3238 4107 3136 1866 2041 4461 892 1802 2793 65 3845 3184 1522 2483 3242 4680 4125 164 1882 3956 4841 4380 82 4265 1685 4055 2339 673 4985 1860 4486 4630 1863 1137 268 4783 2716 1364 1187 3814 3916 4737 1387 3034 2572 4485 53 3376 3301 4723 3837 2544 3024 1384 2549 2598 1819 241 4938 865 2924 174 2264 2228 4755 3349 898 2995 632 98 2033 2124 4429 2676 1341 4772 4442 3121 43 4190 1166 951 472 4774 2786 436 3969 3868 2300 1258 119 818 1932 3461 4468 470 573 1620 413 4514 2870 592 1175 3518 3437
2003 4134 1244 660 4150 2637 1285 3836 1652 2393 4820 3792 4256 1493 4190 1904 2291 149 2216 3055 1447 763 2331 3153 1627 3158 1870 3002 2014 873 2353 47 1973 4551 3371 2411 700 736 2693 3729 3518 1810 1346 3748 3782 1260 2031 1160 2040 4352 4971 79 4593 214 864 3812 4177 742 2554 1531 3305 629 2843 3161 663 3885 17 3748 1879 3356 669 568 2056 2560 4619 3471 3068 554 253 4473 1153 3348 4970 4266 3336 1288 250 3080 1346 4952 2708 869 1218 2986 4084 2748 2036 184 2991 4386 2180 1458 3320 2575 4769 3693 227 4079 828 1217 573 1565 3033 2704 286 4425 3000 3987 601 2181
1070 794 4673 2211 1812 3620 1728 3268 2467 3445 3467 143 547 1476 4190 4429 1849 2856 3171 3173 721 482 341 1103 65 3699 1455 2256 4185 2225 1333 2583 1796 4682 2527 1468 1259 3545 2151 3283 4651 1154 4058 3886 434 385 4938 3983 640 2007 1508 4338 2434 2970 2329 4643 3621 247 4027 334 1124 1052 3299 4675 637 4274 2628 4703 1216 704 2704 3349 1032 2311 571 2819 2338 4512 2838 206 1448 4522 3924 4828 3174 2240 3243 305 4695 1978 1734 2278 4835 948 4684 978 368 3885 3365 2731 1798 4378 1774 2143 4042 3848 2219 399 211 2480 1620 3033 3991 2082 449 2015 3880 4766 152 767
4348 1666 2055 4462 2764 680 2341 1243 3942 971 2714 2694 3414 543 930 663 4165 633 2994 3493 1618 4633 4907 1770 3612 885 2295 3430 1625 3154 3103 2289 768 36 3634 4365 443 1649 3035 3176 4378 2564 1412 3703 3263 3902 4051 3156 3880 2742 2032 458 2018 4934 4844 4608 4684 3743 1863 4954 4991 468 625 1123 1829 4864 624 3162 2125 73 4161 4628 4364 145 137 3120 1840 1160 2246 104 4560 2335 2319 918 2515 2717 1392 2421 1518 2318 2190 1141 4574 3293 1658 1911 4892 4236 3912 2955 4636 1432 1473 134 3616 3296 219 3408 3030 2418 413 2704 2082 4180 1440 3609 1150 2087 2316 982
2444 3402 2342 4058 992 2573 3919 3273 291 212 4411 4535 3065 4259 762 1593 3786 2293 444 1689 2271 1484 4014 4624 557 896 780 65 2644 956 1520 2938 4285 4326 1943 3040 3845 3337 971 1255 671 3891 1321 3868 1756 2239 4531 786 2963 3623 600 1237 695 2518 4927 4612 3841 750 4473 22 64 1466 3768 645 4592 440 2238 1145 3477 2274 2600 265 4447 2179 4570 927 4758 4133 1532 3306 381 3504 4288 2743 1569 191 2052 4611 4617 138 4881 1872 4827 2483 2482 2867 1132 1412 1041 1887 2910 3091 4952 2502 1155 4202 678 4030 95 3093 4514 286 449 1440 4153 4084 3651 3944 350 492
2861 3583 2335 4311 2923 2577 4304 4213 3811 3865 4568 300 4510 4073 4606 4781 3814 489 2370 4310 134 3356 1413 599 1465 3431 2818 3959 2279 425 3078 3252 4702 2937 2841 2971 3418 3837 4129 3673 3055 3120 2221 3519 2699 923 4569 395 4761 2160 1772 1575 157 4964 1887 1472 2479 3412 2117 4586 2438 2899 3541 758 1921 352 4519 3034 4053 3543 3710 4705 1305 1404 456 232 4303 2871 1276 1830 1062 638 4614 108 1063 3075 36 3961 3224 1146 4831 1269 2388 3689 1365 1365 4776 95 2527 2664 2126 775 3035 2263 4266 3488 1618 179 106 1367 2870 4425 2015 3609 4084 1699 1523 3310 1193 3967
4533 3173 2679 4720 2047 241 4825 1500 2782 543 4532 3172 1984 4949 1924 4121 1955 751 1546 2957 1269 713 3842 1727 985 4299 3855 221 4812 4772 436 4840 4313 2133 3772 4884 1238 3147 2412 1118 4274 1154 4818 1608 2080 2412 4754 2416 1330 4870 4023 3454 2611 4285 325 969 2872 3789 1705 4445 4275 1268 2951 3229 1675 4709 1553 3113 4996 4344 732 2993 2139 411 1168 3561 1994 2521 2261 857 4501 3229 3089 4514 1633 599 4589 4528 494 2820 4057 737 4662 1331 4516 3600 4097 3177 3772 2835 2738 3166 2286 3700 3582 4166 3814 2858 1053 761 592 3000 3880 1150 3651 1523 1297 3711 2998 1981
1659 3880 4042 1689 1579 4681 668 291 4549 4285 4945 1446 3890 3992 1909 4734 483 2368 3084 1325 4320 3155 337 2622 4208 3830 4660 4148 2786 574 1603 2160 4871 2804 2096 3822 118 683 173 2347 2832 1288 4451 4667 254 1955 3795 4616 1002 4649 4747 3570 487 900 4962 494 3055 1791 126 3396 2642 188 2395 610 4182 1539 548 4535 4726 3385 1316 300 210 219 2718 2619 852 4467 190 536 4137 1411 294 1607 1049 3387 706 3993 1166 440 4213 4921 332 804 1398 1524 3690 2460 4865 232 4797 2493 3149 4160 4401 770 2505 2839 4100 3786 1175 3987 4766 2087 3944 3310 3711 4024 3071 727
2717 1710 3866 4570 2820 2048 4490 3934 2209 2360 3285 3136 4370 3612 2942 4569 4607 1254 4659 2577 1151 3153 4635 3832 1229 3850 253 3696 1914 72 1673 2106 4836 1908 3925 2595 2167 3691 2763 3633 596 1246 3365 2345 4045 1649 1837 4541 2696 1946 167 4319 560 3159 4147 487 4292 4389 1056 1759 1287 4629 1233 1306 1435 2940 1926 4610 3051 2851 202 1685 3273 698 3460 4743 3399 891 1847 4226 3762 946 2847 2034 1115 2021 3622 4027 2451 2495 4628 4839 529 2586 2475 3596 2932 2150 873 3595 925 427 4950 1832 4497 2051 712 1102 2790 122 3518 601 152 2316 350 1193 2998 3071 3842 593
317 1348 1225 2535 4725 4159 2938 1975 339 1013 387 1347 2882 3447 2813 461 3587 1938 3181 2037 4908 629 883 148 1779 4496 2218 2306 3230 2373 3209 4354 2875 1003 377 1261 1328 2704 4331 3033 1952 3291 3524 1670 2772 4668 534 898 403 2462 3275 707 1007 4459 4165 4692 789 1892 1486 765 714 4039 4789 3610 1156 4884 2150 1961 4048 3803 879 1623 4543 4707 3479 3065 1843 901 3145 1384 460 1168 1305 737 970 4915 3599 457 4109 2047 4266 2134 3667 2241 1542 2352 1954 3866 1501 2842 3902 2032 1921 2256 476 3266 3370 18 474 1770 3437 2181 767 982 492 3967 1981 727 593 4759
