N: 120
M: 20
Symmetric: true
Triangle: false
5 101 78 120 7 25
8 99 79 4 82 96 91 10 42
7 60 61 15 54 80 118 109
4 27 97 59 116
7 113 66 45 37 11 104 88
7 53 92 71 70 31 22 67
7 23 65 77 3 63 28 5
8 43 112 38 64 12 34 83 94
6 89 56 47 117 49 103
8 36 1 21 35 73 106 50 98
7 13 18 115 105 107 19 86
5 39 33 110 119 41
3 84 24 81
7 111 52 44 30 68 108 75
7 48 29 17 14 20 32 26
4 51 114 85 72
5 6 87 93 58 46
5 95 55 40 8 2
2 57 100
8 90 62 69 9 16 76 102 74
4434 807 2570 1517 1758 4799 1144 573 1684 3776 82 1076 2360 3690 498 3604 894 159 390 3270 2687 3720 1957 4064 1685 1745 4052 1862 4490 282 115 1848 4022 1595 498 533 436 3310 4745 479 902 3687 4734 1094 1656 3619 4985 3624 1565 3142 4512 4240 2139 876 2856 3063 342 1083 4071 2059 1908 4661 902 1032 342 4852 2890 1592 502 1261 2053 96 4064 4481 3796 1068 3186 96 365 2918 391 1079 2488 227 1271 4953 4369 1254 3776 485 4073 760 769 2849 3321 3856 4195 153 178 2093 184 4882 1183 820 2050 4052 1083 3549 552 4855 1733 1307 2805 2916 2090 1861 421 777 3733 897
807 1088 2657 2354 3627 12 1641 1457 2924 573 3528 2433 3284 1176 4847 4923 1955 4613 4293 3250 3216 4925 3905 2648 3459 279 2691 352 2631 612 1058 2346 2519 2332 2247 3934 1804 272 1643 700 791 2512 3530 142 2769 3998 391 1848 1080 1598 2429 4482 3882 3899 937 1123 486 805 3827 2087 4239 501 3308 4434 4994 2346 1329 2531 2746 2720 1191 3774 3554 566 2899 1765 974 3725 582 2368 3602 2616 4811 3656 3002 4091 4853 4550 4625 3027 457 2932 1816 1207 47 4296 581 58 2800 3622 411 4567 4320 2796 4907 2799 4886 3672 674 80 832 3753 4211 4988 1528 852 2918 1485 679 937
2570 2657 4972 3512 2120 3111 1960 3371 4290 1645 3997 4180 2965 1605 3439 1370 1468 392 1370 3213 2537 186 1391 2755 2355 1412 3563 1023 1436 3373 4503 3454 2887 4854 4283 187 3066 2419 3967 4480 1965 2867 3517 880 4292 659 2500 2354 4016 362 1000 1637 427 2446 533 1344 779 1270 1705 1751 3238 2221 4948 3455 4638 4798 2820 4959 3467 933 153 2499 4196 319 3596 3891 3960 2412 4555 3780 3536 1759 3610 168 608 4050 249 4884 1250 4942 2745 2714 3045 1955 3898 4437 4891 1616 4578 271 3959 1979 3440 1101 1043 2553 2946 2847 431 3111 2772 2817 3115 831 2306 1560 3329 3804 1718 3309
1517 2354 3512 3824 1133 1390 1492 4351 2671 2194 3570 4272 4146 4484 2786 3858 1995 987 734 2547 1674 4982 534 1437 2223 301 3582 2173 2798 2255 4185 4707 1205 2036 4456 4680 2797 4727 4523 482 4663 3691 3432 3638 3636 2591 1002 432 4043 2348 3034 1235 3429 2135 1913 834 4426 2023 1375 1665 688 3923 427 3201 3732 3669 4734 1852 2183 3723 597 4230 4846 2423 2783 2702 4754 4507 4070 1286 902 968 4432 3308 2337 4185 1856 412 3725 3253 3807 4349 3660 1783 922 4619 4834 1145 2079 4622 819 2364 2781 3696 4637 2803 2720 456 1962 3593 2166 2515 2888 4886 3409 2062 4835 4392 3327 3665
1758 3627 2120 1133 4733 1809 333 2954 447 3807 3209 112 1210 4317 4061 4043 4275 1108 4393 1897 2066 320 3440 2075 4714 2784 2433 3438 2349 1245 175 1744 3003 4475 4712 3250 1452 3114 4702 178 2117 2393 896 1675 1802 540 613 4590 4790 3851 4965 942 4571 3777 3643 4858 33 1120 1464 841 3120 3437 2334 4508 1078 4377 146 3628 4805 1156 901 4428 1499 766 3015 4747 3939 3873 3925 2611 3451 4543 4627 496 198 1988 1534 3256 4069 3639 3183 4754 3128 1913 536 2734 1211 3237 962 3616 2818 572 417 4105 1130 2301 3901 3018 2873 1473 2914 3075 770 3190 106 2748 988 4253 4021 771
4799 12 3111 1390 1809 2405 2646 1608 3761 2053 4145 2389 73 1068 1467 1103 3182 3567 2887 2295 2967 1534 4182 1374 1267 4257 4859 4963 2113 265 163 1136 2434 106 600 1325 4752 417 3389 386 4384 3152 2395 2125 4277 2089 314 2724 4825 3948 4743 4287 4401 2559 2350 4102 3782 2853 3295 3996 4034 3283 3987 3022 2439 1806 1535 4902 3295 4950 2114 2015 2031 1349 4927 4067 1884 2480 4751 4491 1505 4200 1130 2968 1018 112 1358 1754 4653 154 3594 1079 4979 292 3742 934 3648 3810 3888 756 3501 2927 367 1621 4096 1237 511 1506 647 3887 2720 4318 3232 2016 2130 1316 301 4197 16 2509
1144 1641 1960 1492 333 2646 120 2506 366 4447 1856 2310 3493 1554 802 274 1787 3968 128 245 3628 4173 4770 4836 398 237 2528 1592 68 279 436 3646 1497 1448 2228 2577 2726 110 3735 4214 4857 3409 3679 4771 473 3406 4747 492 2663 73 246 400 227 1037 3975 3622 1245 3418 4968 4820 2850 2913 3110 510 814 2013 200 4719 4674 2636 424 2103 1913 2208 2529 79 2236 1878 1843 1380 981 3063 1816 1645 195 730 3797 151 1256 4030 978 1853 2848 33 3315 2144 2101 3825 1210 2112 3207 4488 4768 1088 3067 2306 4416 2223 4044 2186 117 3696 4660 1413 3549 598 4480 4668 3129 4098
573 1457 3371 4351 2954 1608 2506 487 2642 4517 2925 4306 4416 1358 1958 4351 4629 467 3746 4904 2442 3040 3582 999 2159 2957 4184 3204 2941 1153 3421 4396 4841 547 4427 1560 3088 2564 4042 2551 3963 1180 4879 219 4715 1965 266 1056 4942 4483 205 4525 2751 4904 3114 2693 2982 959 2495 1537 3256 2279 3730 1369 4606 502 4334 4871 433 2007 543 551 3838 835 2715 3790 1845 1106 2847 2899 2661 2789 1722 2034 3215 1952 2971 3405 2368 4035 2923 3945 2500 2672 3129 4302 4790 1546 1995 3615 979 4780 139 2966 4665 542 4166 3368 4044 3778 4312 3783 908 3421 2216 3541 2219 2277 3543 2277
1684 2924 4290 2671 447 3761 366 2642 1350 478 2223 717 976 922 1468 1394 28 2757 3364 2257 174 954 4222 981 1180 4287 771 2570 2774 1872 1552 1142 2652 4088 4332 4458 1394 1220 2615 3087 1132 4514 3467 3172 1383 250 4130 39 4428 3493 2303 110 2895 2168 4675 3471 3317 3732 1051 4537 3697 2917 1666 123 783 3176 943 4291 4097 901 3733 3051 2866 2107 3970 2038 2135 266 3957 785 1416 4017 1483 2238 488 4830 3943 4765 392 3456 3955 3279 4309 2382 103 2378 4445 4129 3289 2559 138 2471 1970 2758 4233 4726 1835 3784 1409 4942 3706 3697 3359 708 360 1728 1258 1139 260 1798
3776 573 1645 2194 3807 2053 4447 4517 478 3365 2666 2803 2826 1195 2894 490 1835 403 272 4927 2650 1958 14 2470 3495 3664 2329 3347 1770 3132 864 3682 2291 3834 3152 3421 3369 658 1360 1045 2700 3366 1436 2010 4257 3686 3760 406 3880 749 3248 4117 2199 1896 1126 3842 1668 2564 4996 4321 3496 875 4361 725 4484 1205 1713 1482 3851 1442 903 3087 771 277 4038 2377 3771 2704 1638 689 3256 180 4537 1282 4485 801 566 4157 3223 2419 2479 4541 912 536 4033 99 4757 823 3463 954 1156 879 620 3718 1190 2147 359 4983 1788 4921 1180 3503 4775 4595 291 1163 1654 3221 631 3520
82 3528 3997 3570 3209 4145 1856 2925 2223 2666 3665 560 1395 2680 4961 2871 3191 4872 4384 4935 4491 1972 387 171 4445 1215 1674 3624 2663 4663 420 3451 2512 1230 4063 4701 2915 4854 2424 1032 1359 1801 170 1298 4605 3208 3440 4165 2073 1882 2439 562 2871 3347 3748 2387 235 507 2524 1224 3884 2044 3481 420 4465 4197 817 4891 2588 108 3973 4329 1133 1076 3217 1563 4375 3306 411 435 1216 1940 1489 1681 4485 887 4898 2155 693 1246 4575 120 3673 1831 1251 1827 198 1879 4863 616 3459 1041 813 3166 323 3059 3458 2368 2955 3295 127 2465 3743 224 802 1992 4009 1092 1403 1115
1076 2433 4180 4272 112 2389 2310 4306 717 2803 560 4514 196 597 4063 3618 190 1363 4704 733 4336 3389 3450 1669 4304 2061 3804 419 2749 3817 1801 3154 936 1688 1093 4450 4902 2841 254 3789 352 3927 705 1969 2791 3631 4643 2059 1723 1028 4617 278 493 4718 474 2683 2925 3310 510 646 4441 334 2786 1054 3302 3520 15 1860 1699 4430 3528 392 3444 1290 956 1766 4664 1892 2132 2626 503 3388 3646 4312 2980 3027 1443 4720 1838 3430 1402 2737 1031 2311 3955 3511 1399 2255 179 2884 4213 2755 3100 3402 2768 1966 4301 4187 2639 3686 2451 1623 2319 17 2389 4281 1083 2302 3794 3622
2360 3284 2965 4146 1210 73 3493 4416 976 2826 1395 196 3739 204 2115 3539 1369 2839 2023 1137 2012 1450 3958 221 4089 2361 1142 4000 692 16 3891 1941 689 2079 3106 987 4861 3130 4580 2666 3625 171 4018 2287 1381 2223 2641 4895 4173 2804 436 2173 358 2193 3698 1175 4360 2815 1812 2358 2391 1856 2917 981 4847 4128 2974 1957 165 3332 1686 1060 2783 4210 4153 4970 4804 2636 3457 3508 2115 4837 507 1633 94 1718 3082 627 4753 695 1196 4644 3741 3958 1763 2916 1165 3336 1933 2373 4650 827 4489 2492 4881 689 113 1142 753 858 4140 4758 4015 4398 648 3827 3374 3657 4865 2484
3690 1176 1605 4484 4317 1068 1554 1358 922 1195 2680 597 204 2365 2717 3049 4890 1184 3376 3855 3152 3731 3735 1776 2963 3597 618 4910 4752 3782 3842 4973 3310 4639 1636 83 4477 862 4071 3794 4374 3941 3050 1359 4321 1334 2272 2406 3025 2586 3670 4876 2868 4543 2879 499 3932 3102 2959 1450 3403 4542 1282 1896 2160 490 3955 3142 4162 1381 216 1236 3245 106 1267 2406 2332 3225 1196 58 3134 2600 526 496 2885 3647 4431 3483 164 4713 4981 751 1113 2886 692 4818 1302 4177 1121 919 4287 2990 2559 3346 774 2893 4127 3316 2983 4061 4741 1029 4563 3647 2153 750 4771 942 2836 3827
498 4847 3439 2786 4061 1467 802 1958 1468 2894 4961 4063 2115 2717 3904 2636 4969 1613 2709 1291 4613 3518 3101 1601 1863 1512 4247 3786 484 3966 824 1570 794 2923 4840 2860 4427 326 1380 2105 4347 1819 2070 3902 2971 2709 4794 2209 4724 4691 2649 4414 48 1240 1772 4587 3650 2837 981 2629 1889 4404 878 4873 3458 4337 1829 4382 2133 1430 2231 2446 717 809 3506 1866 890 1655 2641 1996 4606 2406 4357 4792 4223 4571 3713 42 4970 843 398 3880 2309 1007 1778 3448 988 1463 3004 2817 1905 2130 1748 4247 2326 572 1380 2578 1860 4776 94 1613 662 2702 1702 2606 3290 876 635 1519
3604 4923 1370 3858 4043 1103 274 4351 1394 490 2871 3618 3539 3049 2636 1255 409 4453 4246 4999 2829 187 3943 967 419 4505 2754 2624 4651 270 1575 3644 3383 1958 4977 2809 4934 1759 3748 769 4733 1554 923 2413 836 4118 4223 1865 1153 16 299 3273 3254 3382 4418 89 3425 3452 3712 3252 145 3970 1432 2803 2659 1901 193 166 603 457 2706 2862 3184 2109 2447 4913 440 759 2187 1604 882 3492 1117 1124 2999 4557 3912 3695 3484 2671 2199 4968 225 4979 537 2158 475 2521 3636 3592 2181 4987 4050 1802 2963 205 4127 4769 940 3387 1926 2216 2880 4260 1531 1766 3964 3225 2098 3367
894 1955 1468 1995 4275 3182 1787 4629 28 1835 3191 190 1369 4890 4969 409 1158 353 314 366 2677 398 3130 4352 3507 4801 1281 2987 279 3561 495 3448 3622 4648 4008 1061 4218 2308 3533 2733 282 3576 2832 280 2518 125 2915 3716 2578 4701 1420 4472 3455 2216 2777 270 85 2456 2869 4818 3502 1754 1855 748 1244 1831 3097 2491 2652 236 1809 4844 2842 1233 4240 2003 1174 2185 3942 459 4700 2237 724 637 1962 4522 2436 817 2727 2978 4171 4143 4865 3597 1916 923 348 3484 4247 1622 3010 4586 821 1994 2970 3687 4505 24 1579 1831 2515 3349 1322 1426 3012 791 4245 2424 3440 4327
159 4613 392 987 1108 3567 3968 467 2757 403 4872 1363 2839 1184 1613 4453 353 150 4792 1560 3917 4917 524 352 1939 2071 4447 4005 2339 3960 847 3712 3944 4728 1514 4730 1582 2965 4931 4542 4048 4584 2297 4331 4971 3953 2421 462 1101 2889 1218 415 4524 575 565 1761 3793 3818 2292 3051 1838 4387 4383 3122 284 2046 3671 3792 4117 4068 2847 1672 1955 1467 928 534 2871 2801 372 3206 4007 4396 4712 1804 3983 3724 1552 4493 1782 4839 720 4248 2528 1686 723 985 3023 1287 774 1197 197 3927 308 3578 2748 1238 1716 2445 4389 2014 3301 2923 2385 4507 2779 4098 3357 2882 1820 1453
390 4293 1370 734 4393 2887 128 3746 3364 272 4384 4704 2023 3376 2709 4246 314 4792 3117 302 713 3492 2291 2013 4081 706 3812 3226 2830 1596 1068 264 1959 2816 2736 4583 3273 2346 4223 1993 158 3919 4127 1856 2910 1143 1049 1840 4966 407 3511 1595 1044 4932 3061 1260 1349 4171 3664 1849 3484 2533 2503 432 3759 3641 4910 2575 2601 1605 3981 1775 1717 1869 1971 4989 4552 3022 1625 3807 2679 649 3873 2150 1620 3500 3809 4663 1669 1687 2414 4677 646 2701 3800 295 1374 2523 4415 4458 2993 3650 4219 4297 763 3378 356 2131 2372 1656 1985 3960 4621 2433 4449 1227 3950 2737 290 2211
3270 3250 3213 2547 1897 2295 245 4904 2257 4927 4935 733 1137 3855 1291 4999 366 1560 302 1724 4052 944 500 3881 2427 4321 2660 902 165 464 3119 2374 2823 2009 1119 3367 4905 322 2887 782 4419 2640 3220 3067 185 3338 2643 365 16 1654 2199 3624 72 989 3932 4445 279 4419 143 3331 714 1934 3147 2036 2982 3153 1577 2738 4190 1548 163 1913 2649 48 4717 2196 3201 2548 4362 3187 4923 4149 654 3857 2060 125 889 4684 4840 2007 1939 83 2052 3567 2365 1522 2455 1900 1953 1346 2328 4522 1654 2756 1429 4907 1827 185 513 910 1226 3147 3002 3628 68 3381 2227 3502 4996 1181
2687 3216 2537 1674 2066 2967 3628 2442 174 2650 4491 4336 2012 3152 4613 2829 2677 3917 713 4052 491 1844 1597 4601 1072 4430 3450 3678 2681 645 4005 23 357 230 2944 367 3028 1745 794 3554 2894 3038 2709 3342 4622 1315 2734 1285 2697 2926 4736 1662 4136 43 4466 2160 1048 4633 1255 1109 621 454 4732 1989 2064 1671 1698 2641 1257 354 793 1213 780 4470 629 3286 1373 3703 3383 718 2788 799 3195 3654 2293 1095 3165 1992 1585 4090 3433 4563 492 490 2604 12 1391 859 4159 4002 3833 2950 964 3426 3493 2703 2646 3465 594 1090 250 810 837 1460 3654 1227 1766 579 2121 4929
3720 4925 186 4982 320 1534 4173 3040 954 1958 1972 3389 1450 3731 3518 187 398 4917 3492 944 1844 4650 45 3196 71 2895 1827 3232 336 4572 1448 1882 2007 2599 1302 2132 1305 4284 1307 3628 3062 3241 2806 2592 3414 4836 4830 3965 1220 3428 4679 4589 1083 1467 3456 3262 1790 2113 4578 1629 858 4627 2806 2006 3285 494 4626 212 2900 3633 1790 2061 2228 2931 173 887 826 1846 4386 4008 1943 1583 2441 1694 3172 373 4781 4400 4855 353 4605 2332 2749 3055 3593 2335 3596 2866 1389 2751 3269 1174 297 2351 3021 3342 1837 2255 2947 2710 2842 838 4313 129 4326 4495 4881 3099 4058 2990
1957 3905 1391 534 3440 4182 4770 3582 4222 14 387 3450 3958 3735 3101 3943 3130 524 2291 500 1597 45 1695 36 1641 3868 4361 3027 4198 1289 4963 732 2531 230 3458 4178 65 679 2807 3067 3113 4506 3835 1232 869 2252 1423 2549 4933 1314 1853 365 4525 3192 566 4395 888 1168 3338 1906 632 4416 2332 3427 294 542 4124 2250 4498 2805 1864 4252 2293 1544 450 1879 4721 1466 1579 2303 1085 1060 729 817 1570 1972 4328 1100 4770 822 4403 3001 1638 979 1695 2028 4004 2734 3054 3729 368 4618 4482 2755 190 2421 425 994 3361 1431 1706 1793 2628 1036 1026 795 2457 2593 682 4449
4064 2648 2755 1437 2075 1374 4836 999 981 2470 171 1669 221 1776 1601 967 4352 352 2013 3881 4601 3196 36 4955 4631 793 666 978 2240 4504 1775 31 3137 926 2202 3329 2007 668 2442 1402 2624 4304 2628 2760 172 2085 3352 4998 2657 4357 1166 3302 2142 3153 2431 62 2221 4906 3601 526 3627 2787 2505 1080 2675 4888 2438 3123 4816 318 2852 2318 2334 4934 3997 2696 2616 550 1825 3653 1079 729 1882 3831 32 3557 2610 672 3850 2045 2129 1541 4061 612 3564 2982 4741 4967 2547 549 3433 4142 281 2350 1932 3953 890 485 4946 3601 1074 3086 4095 3243 3407 4684 2835 2047 3426 2414
1685 3459 2355 2223 4714 1267 398 2159 1180 3495 4445 4304 4089 2963 1863 419 3507 1939 4081 2427 1072 71 1641 4631 839 3945 2282 1592 1820 2459 2521 3838 3438 4292 2045 1347 915 1024 3661 351 557 4317 2689 926 3417 149 3897 4788 3910 1387 565 847 1175 3972 1801 4687 1173 1031 3379 3853 2247 4414 2554 4693 4380 4184 2173 3798 677 414 1368 3854 3493 507 860 389 1958 2599 2951 1191 2984 4709 1473 2770 1223 883 1754 4609 2616 1883 2709 2074 4498 1819 480 3829 4061 2242 3888 2163 118 3501 3054 1831 3378 1872 3686 2802 4838 66 4294 1742 2373 25 4786 1791 1860 4314 3178 2157
1745 279 1412 301 2784 4257 237 2957 4287 3664 1215 2061 2361 3597 1512 4505 4801 2071 706 4321 4430 2895 3868 793 3945 63 2849 1276 4495 136 2384 1994 516 4216 2642 3588 4299 4090 4844 1654 3222 3897 519 250 2175 4422 1845 3244 3634 3146 2087 2141 4787 822 246 72 4387 1171 1719 1904 2282 1516 4197 226 2688 46 714 3489 2102 4289 769 4909 3907 3026 2892 2608 2924 3629 3824 3858 70 1721 4140 3548 4235 4165 158 1845 162 784 786 484 4476 2706 3497 1499 2140 4433 3959 784 948 4470 1895 2933 2614 4634 1361 1330 3316 4044 3388 1751 3578 2106 3887 3782 2067 1673 354 892
4052 2691 3563 3582 2433 4859 2528 4184 771 2329 1674 3804 1142 618 4247 2754 1281 4447 3812 2660 3450 1827 4361 666 2282 2849 924 2804 4971 126 3023 553 2428 29 1000 1714 4243 3684 1764 2183 1828 684 4100 510 2121 2098 2180 1780 3701 4162 1793 196 626 2329 4697 4674 3745 2207 866 1810 3324 752 2094 2452 3534 1279 4781 4327 589 4763 1959 2731 4472 4316 3814 4242 2282 4735 1060 3815 633 3187 4771 3962 1518 4293 4758 1669 3782 1340 1685 4688 512 4672 4323 4744 705 3853 2905 3435 4904 4435 2215 1685 165 150 3262 4140 3948 4242 85 1297 4870 4174 4274 2147 3566 2133 1795 2921
1862 352 1023 2173 3438 4963 1592 3204 2570 3347 3624 419 4000 4910 3786 2624 2987 4005 3226 902 3678 3232 3027 978 1592 1276 2804 72 3332 3930 141 4311 213 3536 1526 1861 4364 4061 1193 2421 2397 2219 3681 4536 1638 4600 3576 4652 1277 361 3011 4986 285 4801 702 421 3985 1936 4191 1248 4081 480 902 156 1239 1090 1944 1063 824 3109 1174 534 730 4704 934 2771 670 673 933 4635 2287 263 3894 3510 2525 2841 1122 899 2808 1156 2085 2944 2275 3155 1100 508 949 4191 2931 2042 3624 987 1253 1577 2752 2031 2637 2070 1988 1470 4547 1579 3143 1208 1177 528 751 2711 3105 4655
4490 2631 1436 2798 2349 2113 68 2941 2774 1770 2663 2749 692 4752 484 4651 279 2339 2830 165 2681 336 4198 2240 1820 4495 4971 3332 4264 3020 2778 4500 1229 414 2368 2578 1447 2886 3600 2551 2930 4734 4853 4842 1788 1357 449 3969 2620 3123 924 3675 4275 1625 1366 4382 1608 4476 4679 2961 1184 2966 4322 661 4400 2880 669 4590 105 2685 4662 2772 3544 38 4008 1871 3829 2270 1989 4362 2254 428 933 3885 4952 4434 289 2543 2981 2891 1616 3442 282 1407 3657 3195 321 949 4919 2791 1754 2523 3266 523 2535 614 2621 2588 4491 4440 3788 4416 3599 1121 4211 2294 2589 4032 135 1330
282 612 3373 2255 1245 265 279 1153 1872 3132 4663 3817 16 3782 3966 270 3561 3960 1596 464 645 4572 1289 4504 2459 136 126 3930 3020 756 507 2983 1004 4931 344 1349 2176 4213 1091 1696 258 2500 1214 1775 292 2294 4607 3100 2216 4200 4288 2248 3191 3320 1332 3309 2442 1390 829 3060 4607 2518 2477 88 2690 1065 1183 2962 4908 1374 469 543 1609 2628 1070 2513 3924 3255 3127 3594 352 1881 2737 1531 4892 3702 3916 4116 4549 827 2665 340 2303 4637 265 891 3427 603 2481 3117 919 2080 3174 3671 3425 3273 3145 3601 316 3658 1795 83 255 2160 3705 1124 4120 187 2320 2750
115 1058 4503 4185 175 163 436 3421 1552 864 420 1801 3891 3842 824 1575 495 847 1068 3119 4005 1448 4963 1775 2521 2384 3023 141 2778 507 4857 564 592 2970 4351 4031 3023 4398 4336 4183 588 486 3326 4950 1612 1393 3049 2934 4683 2020 948 3624 2936 2567 428 648 3758 3789 533 1624 4009 3629 3372 967 2026 1723 2120 4492 125 1201 103 42 1669 3894 2529 1949 1233 417 510 527 1523 881 4078 2216 2426 2106 2029 134 2669 3510 17 1171 2148 13 4944 1333 2948 3171 1803 3757 3096 2964 2567 3846 2757 4655 4669 3891 2759 4179 4119 2523 2082 882 3597 3107 2859 4886 2833 3326
1848 2346 3454 4707 1744 1136 3646 4396 1142 3682 3451 3154 1941 4973 1570 3644 3448 3712 264 2374 23 1882 732 31 3838 1994 553 4311 4500 2983 564 1059 1331 4247 3139 1248 1577 1140 4238 4053 4989 2901 107 863 2764 3106 2112 1524 3142 4169 2251 552 3303 2553 2568 794 852 3187 4257 3120 124 4120 3259 3981 4066 4428 684 1607 1592 1677 1874 4780 1805 3567 602 1163 327 2028 2194 2863 2394 2463 3316 2522 4247 869 3854 4718 3356 233 2435 2330 3248 2390 3051 2936 1456 3266 2967 294 947 4740 3167 195 3636 1385 2089 2985 1456 1329 2628 1990 807 4221 3334 923 3978 1368 4159 3543
4022 2519 2887 1205 3003 2434 1497 4841 2652 2291 2512 936 689 3310 794 3383 3622 3944 1959 2823 357 2007 2531 3137 3438 516 2428 213 1229 1004 592 1331 2904 1278 2558 2959 3639 283 2786 493 4155 3419 2442 4115 3642 2592 2000 736 4746 251 2224 3107 4900 4378 1712 4633 36 804 570 1752 594 3066 289 4505 1525 1806 4519 3752 2751 3408 1787 4560 2627 1505 3830 3470 2692 329 2695 3280 3628 4453 3394 177 243 984 2621 4334 3607 3967 3307 3789 1316 2238 1032 4552 3730 3606 4327 4507 1016 2532 1897 1137 1694 4157 1412 3299 2652 4729 2918 3186 4399 4315 2204 13 2511 2100 2409 15
1595 2332 4854 2036 4475 106 1448 547 4088 3834 1230 1688 2079 4639 2923 1958 4648 4728 2816 2009 230 2599 230 926 4292 4216 29 3536 414 4931 2970 4247 1278 2395 541 1415 615 1072 4195 408 4573 3302 3238 1168 4859 1653 3170 666 3384 4906 1834 3815 2387 1855 711 1047 1485 3786 2409 3908 3516 4458 4305 4747 2095 4076 1194 4318 4629 3013 3698 4784 3913 4726 1661 2868 4786 2241 180 3213 2891 1512 3348 857 1126 3600 2663 1200 2475 1284 214 4265 3076 3518 3537 1299 3052 688 4125 4621 1090 107 703 3424 1303 946 1034 2214 1449 3845 3133 3106 2741 1369 2172 4880 790 4623 4856 886
498 2247 4283 4456 4712 600 2228 4427 4332 3152 4063 1093 3106 1636 4840 4977 4008 1514 2736 1119 2944 1302 3458 2202 2045 2642 1000 1526 2368 344 4351 3139 2558 541 1545 4074 1377 1712 2444 4781 4622 132 3426 839 4767 4074 2287 2603 921 2805 2331 4898 579 2376 2169 1738 4558 2477 599 1729 2484 4407 2603 3199 3226 2223 2630 701 2948 4013 747 805 1768 68 4223 1069 3021 1500 3354 3534 651 3130 2667 693 4695 4129 114 4243 4803 4334 2792 3655 2304 3682 441 2759 744 1282 1245 1679 2569 3291 569 2014 3292 4285 3640 4271 2457 3891 1820 1882 1831 2832 1581 572 1449 4401 3369 1013
533 3934 187 4680 3250 1325 2577 1560 4458 3421 4701 4450 987 83 2860 2809 1061 4730 4583 3367 367 2132 4178 3329 1347 3588 1714 1861 2578 1349 4031 1248 2959 1415 4074 4299 933 1393 337 1640 2409 4102 3666 1652 2306 3641 881 4771 3802 298 3162 1499 3201 3769 3974 4935 17 2212 1910 4242 3864 2770 853 4726 1321 4521 672 1202 2053 25 3990 2555 537 3201 1600 600 3118 2616 4522 2254 3631 3964 1616 1773 3443 4339 1360 4405 36 4612 1886 412 2323 969 2615 1765 3355 4298 3373 2463 4171 1374 3693 2332 1638 1561 1427 4239 1727 2124 1974 4055 1148 4569 4423 1502 3116 903 299 195
436 1804 3066 2797 1452 4752 2726 3088 1394 3369 2915 4902 4861 4477 4427 4934 4218 1582 3273 4905 3028 1305 65 2007 915 4299 4243 4364 1447 2176 3023 1577 3639 615 1377 933 2967 2013 46 3215 3116 3623 524 1335 564 2774 1779 1400 2788 798 626 2519 2082 4626 1625 3301 2500 2162 4356 2427 4180 1681 4390 2666 2976 3797 2910 2742 3561 2519 2436 1973 4548 3527 1511 1404 446 1665 1046 3850 277 437 555 4389 4170 1737 3401 4314 1338 1474 2239 3379 1660 3312 322 4155 963 4369 4837 4298 4843 3602 4865 4364 4264 480 3120 1025 203 857 1536 4456 3574 3991 135 1069 570 4022 70 4479
3310 272 2419 4727 3114 417 110 2564 1220 658 4854 2841 3130 862 326 1759 2308 2965 2346 322 1745 4284 679 668 1024 4090 3684 4061 2886 4213 4398 1140 283 1072 1712 1393 2013 2205 3161 1263 238 4434 1183 4209 3385 3235 4160 4580 2367 4301 2339 4821 3466 3969 1389 2104 1213 1477 2479 4279 4947 3307 3975 2489 3932 1906 4795 3764 4620 2395 3371 3769 1509 4938 3921 2543 4533 4846 3290 1640 532 4716 849 237 989 3150 39 3994 608 4879 3057 3044 4680 635 1223 3590 2933 898 1719 4043 995 3639 1288 1710 4250 158 1007 2575 4916 4974 4221 1718 1286 4560 2031 2196 225 197 265 4980
4745 1643 3967 4523 4702 3389 3735 4042 2615 1360 2424 254 4580 4071 1380 3748 3533 4931 4223 2887 794 1307 2807 2442 3661 4844 1764 1193 3600 1091 4336 4238 2786 4195 2444 337 46 3161 1607 3686 2222 619 173 621 3940 3645 4225 3251 4181 660 1231 3207 4999 1593 2391 289 4893 1879 1012 4639 3650 4393 417 2344 1195 368 4400 4135 3820 3097 2116 645 2136 2964 2972 4462 52 4274 4772 3429 1834 4233 2751 3280 2233 840 3757 4828 3477 3009 1269 2131 456 4767 1892 1275 3300 2722 1688 640 204 664 3296 2841 1950 3969 3250 792 2297 542 2384 1788 239 1212 4328 4332 3483 1310 1210 4228
479 700 4480 482 178 386 4214 2551 3087 1045 1032 3789 2666 3794 2105 769 2733 4542 1993 782 3554 3628 3067 1402 351 1654 2183 2421 2551 1696 4183 4053 493 408 4781 1640 3215 1263 3686 1840 693 436 2169 3730 2903 3338 4553 4377 4830 3063 4850 4556 4006 4213 1472 799 3378 2004 1002 2355 239 4540 1160 3642 3468 3745 868 594 1736 2890 771 1306 981 3768 2354 1572 2995 4498 3091 3445 4678 1024 1856 3057 530 1485 916 4843 2828 1557 3593 4796 1066 2420 2843 2217 228 741 3404 3332 3783 2310 1589 582 468 2994 2025 1708 4151 969 1243 4632 3861 4863 2127 1854 4941 4867 512 237
902 791 1965 4663 2117 4384 4857 3963 1132 2700 1359 352 3625 4374 4347 4733 282 4048 158 4419 2894 3062 3113 2624 557 3222 1828 2397 2930 258 588 4989 4155 4573 4622 2409 3116 238 2222 693 4569 3921 1518 4683 576 1145 2874 375 2952 37 561 139 575 319 530 3186 3364 3985 3669 4396 2201 4445 4704 858 156 4073 2911 1484 1345 3722 878 476 3494 3138 724 3354 947 2309 1042 4773 3048 2002 1774 2319 2345 3650 1504 2561 4358 4798 3379 2544 3763 4112 1852 1819 4104 3229 2038 3371 894 1872 163 2063 982 2355 4363 1536 1862 915 2352 3948 1289 1299 3480 4957 3031 3276 720 4355
3687 2512 2867 3691 2393 3152 3409 1180 4514 3366 1801 3927 171 3941 1819 1554 3576 4584 3919 2640 3038 3241 4506 4304 4317 3897 684 2219 4734 2500 486 2901 3419 3302 132 4102 3623 4434 619 436 3921 2731 933 3745 2215 4586 140 3738 1617 4127 4586 678 4584 815 4046 1981 1927 169 1297 4485 1609 4883 2075 3374 2355 2782 3642 269 162 1407 4436 1915 2575 247 2326 4660 2765 79 3802 4169 2750 1419 4176 2165 1402 2847 1662 3696 1081 2428 2710 2390 1640 4140 4738 4743 3616 1821 2459 3783 1347 3329 4347 2122 1313 367 657 2979 1841 3667 1493 2854 4927 794 778 1366 198 3513 4359 2064
4734 3530 3517 3432 896 2395 3679 4879 3467 1436 170 705 4018 3050 2070 923 2832 2297 4127 3220 2709 2806 3835 2628 2689 519 4100 3681 4853 1214 3326 107 2442 3238 3426 3666 524 1183 173 2169 1518 933 3978 1420 2883 2573 2637 2029 2855 1607 4136 3464 1186 4031 990 2772 2136 3362 3159 1141 4457 390 4332 2090 2459 1709 2888 809 1622 4693 4069 1549 2504 3028 2209 1026 4550 2363 122 3880 2434 2099 2880 369 1654 2305 487 2020 2875 2871 323 569 3935 4311 1317 1002 4953 1154 526 2935 1943 1164 4289 3997 4090 325 2016 1760 742 2498 2005 1677 4094 4766 1190 72 4978 3312 3260 3737
1094 142 880 3638 1675 2125 4771 219 3172 2010 1298 1969 2287 1359 3902 2413 280 4331 1856 3067 3342 2592 1232 2760 926 250 510 4536 4842 1775 4950 863 4115 1168 839 1652 1335 4209 621 3730 4683 3745 1420 2288 3742 4000 1700 238 24 1697 3851 4157 3875 279 4440 1652 2409 3706 3441 4132 898 4611 3176 1092 2185 3337 1538 1437 2942 2265 2374 3904 3504 1372 4585 1562 881 2545 3545 632 2368 3539 4605 2489 1584 227 2853 4690 2333 2449 723 1735 3954 3436 3886 2796 4961 1435 4458 3812 4799 2247 3246 3879 2467 1487 1208 4112 1025 4618 2985 987 4925 997 149 1987 254 236 3707 3344
1656 2769 4292 3636 1802 4277 473 4715 1383 4257 4605 2791 1381 4321 2971 836 2518 4971 2910 185 4622 3414 869 172 3417 2175 2121 1638 1788 292 1612 2764 3642 4859 4767 2306 564 3385 3940 2903 576 2215 2883 3742 355 4128 151 1324 102 2319 724 386 2236 2327 2749 2442 4046 4442 3615 2545 741 1287 2561 1953 2593 3888 2185 1319 4540 3072 1113 1248 105 3953 2044 4611 254 3354 4434 1637 1582 1756 2559 3369 3213 2482 2154 286 3060 690 4045 202 4911 642 4698 1143 4090 434 4247 4602 684 2279 269 3559 3343 4213 4911 4092 1284 2700 1633 361 546 4892 680 3066 4963 1637 2131 3813
3619 3998 659 2591 540 2089 3406 1965 250 3686 3208 3631 2223 1334 2709 4118 125 3953 1143 3338 1315 4836 2252 2085 149 4422 2098 4600 1357 2294 1393 3106 2592 1653 4074 3641 2774 3235 3645 3338 1145 4586 2573 4000 4128 356 2352 2917 1797 2549 47 2489 1504 3343 1194 4815 2371 266 660 1771 571 794 1889 3473 2126 1524 2007 2093 2792 3692 4074 162 3537 4954 3181 4128 977 68 2800 1446 939 2803 344 777 2570 4414 240 3367 2588 2694 4808 1595 1354 153 3034 1843 4599 1368 4488 4752 4382 3256 1352 1443 4068 4885 304 565 266 3752 135 112 1685 4578 4952 2795 3368 1090 1243 4171
4985 391 2500 1002 613 314 4747 266 4130 3760 3440 4643 2641 2272 4794 4223 2915 2421 1049 2643 2734 4830 1423 3352 3897 1845 2180 3576 449 4607 3049 2112 2000 3170 2287 881 1779 4160 4225 4553 2874 140 2637 1700 151 2352 2288 3822 3367 3510 1691 1820 3995 4335 4220 677 2963 729 3423 181 1642 4980 4385 4608 2884 1593 4833 2589 1541 2832 2034 2705 2350 1738 3495 2728 3306 2822 4473 936 2898 1779 4869 4289 68 1774 2852 777 4284 2408 3970 605 4018 3023 2880 2861 2688 2570 1667 3079 178 1448 3069 797 4164 2632 4778 3045 725 3891 1389 2150 2030 1299 4658 2853 391 1765 3197 4497
3624 1848 2354 432 4590 2724 492 1056 39 406 4165 2059 4895 2406 2209 1865 3716 462 1840 365 1285 3965 2549 4998 4788 3244 1780 4652 3969 3100 2934 1524 736 666 2603 4771 1400 4580 3251 4377 375 3738 2029 238 1324 2917 3822 1565 738 3758 3011 1932 4599 1204 1626 4439 4781 2813 970 1088 2081 2038 3660 48 3206 585 3162 3165 2067 159 2171 4911 1054 4901 4899 1461 1268 962 668 2917 3445 2555 231 2044 3471 4591 922 1488 202 609 2633 2242 1483 3644 1537 1081 2078 2551 2212 3556 2223 3298 93 3563 4135 59 1120 3736 679 1037 4501 1487 4883 4151 4525 908 1548 3551 3891 1846
1565 1080 4016 4043 4790 4825 2663 4942 4428 3880 2073 1723 4173 3025 4724 1153 2578 1101 4966 16 2697 1220 4933 2657 3910 3634 3701 1277 2620 2216 4683 3142 4746 3384 921 3802 2788 2367 4181 4830 2952 1617 2855 24 102 1797 3367 738 1434 500 2578 4857 4389 2831 2653 1325 4114 4663 1028 1333 3846 285 2690 3890 1361 3073 1787 4822 2058 1641 704 1638 4363 2908 4016 507 3357 2202 654 2514 4255 1646 496 3486 4348 2310 107 1266 2142 751 3633 2073 4671 4457 425 130 1101 2781 2165 2735 890 1151 1789 3970 4467 2881 719 4290 3089 3205 1951 3557 2694 146 4815 4813 2623 1268 257 2287
3142 1598 362 2348 3851 3948 73 4483 3493 749 1882 1028 2804 2586 4691 16 4701 2889 407 1654 2926 3428 1314 4357 1387 3146 4162 361 3123 4200 2020 4169 251 4906 2805 298 798 4301 660 3063 37 4127 1607 1697 2319 2549 3510 3758 500 603 3960 2158 449 3775 3206 2360 3970 4831 400 3237 1987 2877 422 3420 2141 3167 2295 3174 4014 4114 274 3180 234 4851 699 1934 28 2152 3058 3895 536 4258 3650 1918 3473 427 156 3050 3184 2844 1373 2313 4800 4026 4627 3758 4714 99 111 2531 555 4441 4215 4331 4866 1095 3195 2728 2643 3881 3512 2068 3131 3062 2198 4290 1233 2425 432 3150
4512 2429 1000 3034 4965 4743 246 205 2303 3248 2439 4617 436 3670 2649 299 1420 1218 3511 2199 4736 4679 1853 1166 565 2087 1793 3011 924 4288 948 2251 2224 1834 2331 3162 626 2339 1231 4850 561 4586 4136 3851 724 47 1691 3011 2578 3960 4207 1523 3407 2889 3439 4519 1997 4543 4067 4924 1606 4308 1514 4785 4802 2756 1761 4197 413 3224 152 1261 3124 4165 482 3413 1469 2439 3961 547 1909 4080 4606 1226 3319 14 2278 4852 1082 290 4151 3758 4052 4002 2105 2581 4537 3584 1853 2267 4938 3514 623 45 3817 1360 1932 4747 3814 1497 1406 4704 2956 368 4787 707 3796 2188 4844 3187
4240 4482 1637 1235 942 4287 400 4525 110 4117 562 278 2173 4876 4414 3273 4472 415 1595 3624 1662 4589 365 3302 847 2141 196 4986 3675 2248 3624 552 3107 3815 4898 1499 2519 4821 3207 4556 139 678 3464 4157 386 2489 1820 1932 4857 2158 1523 347 3309 265 265 2492 1246 3481 1030 472 1689 4759 2440 2303 2880 2147 4488 4978 2365 4639 158 2462 2338 3681 3015 2993 3243 1280 1565 948 2681 4164 1124 353 3091 4193 2584 1526 834 3015 4078 3300 1834 1472 1237 1896 3364 2615 359 3228 3903 2265 2641 1074 920 1591 3314 2462 3444 3688 4347 3049 2220 2186 2632 4196 2853 931 80 365
2139 3882 427 3429 4571 4401 227 2751 2895 2199 2871 493 358 2868 48 3254 3455 4524 1044 72 4136 1083 4525 2142 1175 4787 626 285 4275 3191 2936 3303 4900 2387 579 3201 2082 3466 4999 4006 575 4584 1186 3875 2236 1504 3995 4599 4389 449 3407 3309 4689 4244 4696 2021 3043 1452 4674 1552 988 57 1825 4122 4170 3978 3571 4218 2597 1653 598 4944 4128 2810 888 341 2979 2418 4927 4756 2954 1340 2641 3294 4792 163 1686 3804 1385 1405 1667 3109 1718 1509 1002 3267 1914 3458 1443 1892 4562 3347 1716 245 157 828 3183 3338 2164 4215 3180 3083 2723 4540 4684 1073 4737 4706 741 3662
876 3899 2446 2135 3777 2559 1037 4904 2168 1896 3347 4718 2193 4543 1240 3382 2216 575 4932 989 43 1467 3192 3153 3972 822 2329 4801 1625 3320 2567 2553 4378 1855 2376 3769 4626 3969 1593 4213 319 815 4031 279 2327 3343 4335 1204 2831 3775 2889 265 4244 3278 848 1769 2250 3214 799 128 1753 1662 1722 241 3336 64 3410 934 370 4350 4501 409 164 957 1762 1738 4931 143 4552 1068 3558 3232 439 2587 2635 3286 1008 3659 622 527 1562 2620 2531 4198 1868 2241 3272 1921 4124 212 2020 372 771 2640 4688 4569 4500 2381 3198 4552 4562 3555 2724 208 2879 1189 253 2462 2435 352
2856 937 533 1913 3643 2350 3975 3114 4675 1126 3748 474 3698 2879 1772 4418 2777 565 3061 3932 4466 3456 566 2431 1801 246 4697 702 1366 1332 428 2568 1712 711 2169 3974 1625 1389 2391 1472 530 4046 990 4440 2749 1194 4220 1626 2653 3206 3439 265 4696 848 2403 2009 4314 3023 4117 1761 2958 4629 4867 630 1927 1637 1769 260 3479 1626 1649 4583 4439 821 120 2590 1911 3243 3183 4988 2307 4603 571 4237 2698 4104 560 3489 721 3525 4772 4548 3360 2574 3759 2788 2638 3341 3774 385 1802 3898 4862 998 1694 3545 2838 1285 1813 2440 1504 917 2782 2030 2821 2707 4463 2160 1678 2286
3063 1123 1344 834 4858 4102 3622 2693 3471 3842 2387 2683 1175 499 4587 89 270 1761 1260 4445 2160 3262 4395 62 4687 72 4674 421 4382 3309 648 794 4633 1047 1738 4935 3301 2104 289 799 3186 1981 2772 1652 2442 4815 677 4439 1325 2360 4519 2492 2021 1769 2009 1246 3544 1809 3625 3146 4042 2350 2560 2977 1777 2824 659 287 309 644 2908 4054 1837 3902 2437 2651 3036 273 4347 1529 365 2932 2559 4623 3198 846 3972 211 1263 858 450 417 394 2136 1637 2189 4877 1736 322 4227 422 829 4737 2003 2047 3613 80 4517 1465 424 2144 2525 905 3185 4595 1140 4090 3656 2505 2048
342 486 779 4426 33 3782 1245 2982 3317 1668 235 2925 4360 3932 3650 3425 85 3793 1349 279 1048 1790 888 2221 1173 4387 3745 3985 1608 2442 3758 852 36 1485 4558 17 2500 1213 4893 3378 3364 1927 2136 2409 4046 2371 2963 4781 4114 3970 1997 1246 3043 2250 4314 3544 2264 3938 2580 3346 3574 3489 1456 3874 4414 1129 2838 3615 2310 1675 4027 451 1649 4900 2324 3436 4419 142 4171 3348 4120 527 2795 2246 2672 846 4564 2051 4632 1008 2697 2025 720 1219 1488 4441 4518 4833 4307 224 2285 2620 4460 355 827 2945 1067 3821 870 1825 1533 4726 2302 3892 3333 3221 2748 4903 85 4721
1083 805 1270 2023 1120 2853 3418 959 3732 2564 507 3310 2815 3102 2837 3452 2456 3818 4171 4419 4633 2113 1168 4906 1031 1171 2207 1936 4476 1390 3789 3187 804 3786 2477 2212 2162 1477 1879 2004 3985 169 3362 3706 4442 266 729 2813 4663 4831 4543 3481 1452 3214 3023 1809 3938 4384 1460 4228 1577 1130 4326 1461 3186 905 1314 2790 230 2913 1903 342 842 3228 384 819 4558 460 3857 4332 1890 2369 1731 2132 4476 192 4303 2238 4484 619 4738 2235 1288 828 4189 4579 4965 1167 598 2527 4528 3369 3930 1763 1202 3542 4861 1741 1872 2698 991 3829 1798 2434 4640 4730 1150 3866 2709 3181
4071 3827 1705 1375 1464 3295 4968 2495 1051 4996 2524 510 1812 2959 981 3712 2869 2292 3664 143 1255 4578 3338 3601 3379 1719 866 4191 4679 829 533 4257 570 2409 599 1910 4356 2479 1012 1002 3669 1297 3159 3441 3615 660 3423 970 1028 400 4067 1030 4674 799 4117 3625 2580 1460 4417 3243 1691 807 458 4498 1242 4881 3810 3746 4059 1742 2478 4297 806 4647 1705 4151 4586 4120 1190 524 4335 4347 3328 533 4225 225 3196 1106 1172 4591 970 758 13 1666 3668 3516 272 3561 2219 143 3050 4466 135 1481 1302 2563 4880 3933 1540 3172 295 2473 1735 4540 3438 248 223 1193 2405 300
2059 2087 1751 1665 841 3996 4820 1537 4537 4321 1224 646 2358 1450 2629 3252 4818 3051 1849 3331 1109 1629 1906 526 3853 1904 1810 1248 2961 3060 1624 3120 1752 3908 1729 4242 2427 4279 4639 2355 4396 4485 1141 4132 2545 1771 181 1088 1333 3237 4924 472 1552 128 1761 3146 3346 4228 3243 3374 500 1650 1935 936 3445 4405 421 3632 209 2583 2089 1258 246 4917 147 1937 2164 2322 3168 4849 2787 3910 1999 2618 3518 4748 472 4647 909 1308 4001 2631 2333 3540 1691 1576 606 4626 2745 1233 4496 4614 2054 1684 1709 4172 3054 1591 1124 1578 1665 4491 284 3659 1916 882 4321 4789 2703 3265
1908 4239 3238 688 3120 4034 2850 3256 3697 3496 3884 4441 2391 3403 1889 145 3502 1838 3484 714 621 858 632 3627 2247 2282 3324 4081 1184 4607 4009 124 594 3516 2484 3864 4180 4947 3650 239 2201 1609 4457 898 741 571 1642 2081 3846 1987 1606 1689 988 1753 2958 4042 3574 1577 1691 500 2997 3016 4914 1067 3550 2091 2498 2973 4936 3996 3358 2187 3578 1932 4290 1221 1753 1698 3278 3763 4804 2774 2185 3822 1162 3949 1006 4051 1310 3284 1181 2107 1720 2258 1428 1627 834 696 3307 55 2729 4989 2071 300 3618 3355 2918 3406 4660 1712 153 4318 2511 2603 2269 2177 4855 4565 1232 3504
4661 501 2221 3923 3437 3283 2913 2279 2917 875 2044 334 1856 4542 4404 3970 1754 4387 2533 1934 454 4627 4416 2787 4414 1516 752 480 2966 2518 3629 4120 3066 4458 4407 2770 1681 3307 4393 4540 4445 4883 390 4611 1287 794 4980 2038 285 2877 4308 4759 57 1662 4629 2350 3489 1130 807 1650 3016 2596 2521 3537 4522 4479 4282 3209 3344 837 868 110 1250 1174 1786 2520 3092 2146 3368 4072 3425 4502 2132 3699 2856 273 577 1981 1737 893 1854 4766 2510 4851 1423 2805 2671 795 3025 4598 2157 1770 3611 1845 1481 1932 1567 4506 1352 2987 2608 3182 2980 3709 1221 1041 1932 4131 3238 1571
902 3308 4948 427 2334 3987 3110 3730 1666 4361 3481 2786 2917 1282 878 1432 1855 4383 2503 3147 4732 2806 2332 2505 2554 4197 2094 902 4322 2477 3372 3259 289 4305 2603 853 4390 3975 417 1160 4704 2075 4332 3176 2561 1889 4385 3660 2690 422 1514 2440 1825 1722 4867 2560 1456 4326 458 1935 4914 2521 4451 1151 1061 3838 2630 273 2982 3597 2411 163 1541 3032 4096 2491 3115 794 1055 4696 2721 1466 4762 3115 3542 4015 377 3539 1616 2963 4142 2506 835 4977 4722 1185 3234 1676 174 4049 783 3158 1672 2049 641 2776 3574 4178 3884 1061 3628 4876 2995 3457 4426 856 4127 4729 4048 405
1032 4434 3455 3201 4508 3022 510 1369 123 725 420 1054 981 1896 4873 2803 748 3122 432 2036 1989 2006 3427 1080 4693 226 2452 156 661 88 967 3981 4505 4747 3199 4726 2666 2489 2344 3642 858 3374 2090 1092 1953 3473 4608 48 3890 3420 4785 2303 4122 241 630 2977 3874 1461 4498 936 1067 3537 1151 1751 1496 4318 4923 1823 3980 2413 766 86 402 1980 2811 1865 164 1575 424 1463 1339 2558 1413 765 493 837 1860 1123 4349 4766 2524 3000 3233 2121 87 2263 4634 3288 4209 3952 287 4701 437 2602 168 1916 1105 3811 4919 3551 4334 1188 4750 194 1994 1324 2590 1425 4718 2814
342 4994 4638 3732 1078 2439 814 4606 783 4484 4465 3302 4847 2160 3458 2659 1244 284 3759 2982 2064 3285 294 2675 4380 2688 3534 1239 4400 2690 2026 4066 1525 2095 3226 1321 2976 3932 1195 3468 156 2355 2459 2185 2593 2126 2884 3206 1361 2141 4802 2880 4170 3336 1927 1777 4414 3186 1242 3445 3550 4522 1061 1496 4195 1921 2645 1442 29 2374 1431 377 1671 1066 4257 2869 3941 894 3431 3252 959 4369 3991 2117 1815 1171 1414 1640 3134 2635 230 2191 925 2793 3006 1561 1074 790 4863 2001 808 3546 2061 2443 1146 3850 859 4179 1893 4195 4706 2938 3701 1355 3613 4101 4186 4489 1599 4497
4852 2346 4798 3669 4377 1806 2013 502 3176 1205 4197 3520 4128 490 4337 1901 1831 2046 3641 3153 1671 494 542 4888 4184 46 1279 1090 2880 1065 1723 4428 1806 4076 2223 4521 3797 1906 368 3745 4073 2782 1709 3337 3888 1524 1593 585 3073 3167 2756 2147 3978 64 1637 2824 1129 905 4881 4405 2091 4479 3838 4318 1921 1188 1719 2762 3800 4519 732 3936 4399 333 2697 2075 400 3427 433 4902 1971 3276 492 41 698 1985 600 4197 3163 4800 4903 4187 220 416 1685 1650 1956 4088 3409 3035 3390 3152 3873 4905 4869 2245 870 572 1754 2994 1093 3036 2628 3817 59 1602 3540 4749 2056 2070
2890 1329 2820 4734 146 1535 200 4334 943 1713 817 15 2974 3955 1829 193 3097 3671 4910 1577 1698 4626 4124 2438 2173 714 4781 1944 669 1183 2120 684 4519 1194 2630 672 2910 4795 4400 868 2911 3642 2888 1538 2185 2007 4833 3162 1787 2295 1761 4488 3571 3410 1769 659 2838 1314 3810 421 2498 4282 2630 4923 2645 1719 4504 2342 4451 3807 4290 2756 1765 3819 2835 4060 762 4581 2439 3707 1235 1679 4427 4037 2152 4522 778 3106 4052 207 1604 244 3164 2274 288 4344 1491 3637 496 2075 2503 2154 885 362 3336 1368 665 3654 1464 2258 797 1596 4921 1962 2178 1374 4070 2399 906 565
1592 2531 4959 1852 3628 4902 4719 4871 4291 1482 4891 1860 1957 3142 4382 166 2491 3792 2575 2738 2641 212 2250 3123 3798 3489 4327 1063 4590 2962 4492 1607 3752 4318 701 1202 2742 3764 4135 594 1484 269 809 1437 1319 2093 2589 3165 4822 3174 4197 4978 4218 934 260 287 3615 2790 3746 3632 2973 3209 273 1823 1442 2762 2342 1303 1133 2709 4519 889 4105 1792 2670 1452 3115 1225 4780 3998 2990 556 938 2579 901 352 4333 2200 1234 2232 3996 1579 1339 3983 1577 2657 1867 758 837 4185 3166 1614 4622 143 3071 2433 2277 4723 4207 2533 1353 1801 3039 3731 520 1895 281 727 579 1936
502 2746 3467 2183 4805 3295 4674 433 4097 3851 2588 1699 165 4162 2133 603 2652 4117 2601 4190 1257 2900 4498 4816 677 2102 589 824 105 4908 125 1592 2751 4629 2948 2053 3561 4620 3820 1736 1345 162 1622 2942 4540 2792 1541 2067 2058 4014 413 2365 2597 370 3479 309 2310 230 4059 209 4936 3344 2982 3980 29 3800 4451 1133 3490 3727 4286 254 2993 1478 734 4667 3950 455 1332 3100 2059 3528 4242 2664 3390 148 438 4912 4865 4919 1608 4907 4032 778 3506 4443 4204 2324 4339 4160 2977 3452 3313 1819 3298 416 1249 4948 4725 4706 4652 2832 1894 2413 2362 3718 3807 146 327 4595
1261 2720 933 3723 1156 4950 2636 2007 901 1442 108 4430 3332 1381 1430 457 236 4068 1605 1548 354 3633 2805 318 414 4289 4763 3109 2685 1374 1201 1677 3408 3013 4013 25 2519 2395 3097 2890 3722 1407 4693 2265 3072 3692 2832 159 1641 4114 3224 4639 1653 4350 1626 644 1675 2913 1742 2583 3996 837 3597 2413 2374 4519 3807 2709 3727 3641 4679 3639 4754 2064 2145 4164 1302 1426 3390 4634 3323 3026 3403 3161 2920 71 4605 4662 3916 4703 2408 2475 2801 1782 709 4765 3051 2111 4684 2868 343 2463 2845 3747 1743 4415 2998 1171 621 3006 2250 2400 4427 1074 2144 4273 1092 982 1701 3918
2053 1191 153 597 901 2114 424 543 3733 903 3973 3528 1686 216 2231 2706 1809 2847 3981 163 793 1790 1864 2852 1368 769 1959 1174 4662 469 103 1874 1787 3698 747 3990 2436 3371 2116 771 878 4436 4069 2374 1113 4074 2034 2171 704 274 152 158 598 4501 1649 2908 4027 1903 2478 2089 3358 868 2411 766 1431 732 4290 4519 4286 4679 870 1539 1212 3538 2081 1301 935 267 4949 658 3861 590 1326 3975 3454 305 4349 1413 31 1972 4347 1935 264 507 3605 152 3400 1140 2624 1213 428 663 2684 3790 3912 190 4217 2641 1571 1602 3722 4021 3172 3776 3378 3017 4152 2553 3967 4461
96 3774 2499 4230 4428 2015 2103 551 3051 3087 4329 392 1060 1236 2446 2862 4844 1672 1775 1913 1213 2061 4252 2318 3854 4909 2731 534 2772 543 42 4780 4560 4784 805 2555 1973 3769 645 1306 476 1915 1549 3904 1248 162 2705 4911 1638 3180 1261 2462 4944 409 4583 4054 451 342 4297 1258 2187 110 163 86 377 3936 2756 889 254 3639 1539 1989 3525 3723 803 737 4925 2730 4730 402 3092 942 4327 1756 2125 3393 2885 2338 449 4436 1379 3694 431 3226 984 3929 2221 2631 591 286 2114 2289 4476 1880 4961 351 2231 213 3087 1108 1781 25 4373 2996 2096 1507 4775 201 1864 4685
4064 3554 4196 4846 1499 2031 1913 3838 2866 771 1133 3444 2783 3245 717 3184 2842 1955 1717 2649 780 2228 2293 2334 3493 3907 4472 730 3544 1609 1669 1805 2627 3913 1768 537 4548 1509 2136 981 3494 2575 2504 3504 105 3537 2350 1054 4363 234 3124 2338 4128 164 4439 1837 1649 842 806 246 3578 1250 1541 402 1671 4399 1765 4105 2993 4754 1212 3525 367 2465 4579 2921 4751 3742 4033 666 1878 2737 3573 2474 509 1547 265 4652 1722 1250 3797 3760 3874 264 2957 225 453 405 1585 1752 1597 2015 1378 757 361 390 1760 4547 3340 2464 1868 2551 1339 2592 1420 3345 3027 4066 3717 1956
4481 566 319 2423 766 1349 2208 835 2107 277 1076 1290 4210 106 809 2109 1233 1467 1869 48 4470 2931 1544 4934 507 3026 4316 4704 38 2628 3894 3567 1505 4726 68 3201 3527 4938 2964 3768 3138 247 3028 1372 3953 4954 1738 4901 2908 4851 4165 3681 2810 957 821 3902 4900 3228 4647 4917 1932 1174 3032 1980 1066 333 3819 1792 1478 2064 3538 3723 2465 3411 1639 1749 2829 228 2601 401 2721 1336 2528 3292 4022 1439 4378 1943 2029 1171 193 1283 4219 3674 4884 379 251 2796 2181 3367 4792 4632 4299 4625 1906 4039 1035 3921 3035 2419 598 4840 1401 664 198 449 4101 1465 2053 1803
3796 2899 3596 2783 3015 4927 2529 2715 3970 4038 3217 956 4153 1267 3506 2447 4240 928 1971 4717 629 173 450 3997 860 2892 3814 934 4008 1070 2529 602 3830 1661 4223 1600 1511 3921 2972 2354 724 2326 2209 4585 2044 3181 3495 4899 4016 699 482 3015 888 1762 120 2437 2324 384 1705 147 4290 1786 4096 2811 4257 2697 2835 2670 734 2145 2081 803 4579 1639 1474 167 750 3310 1377 3466 3399 3097 1481 3274 1706 267 4667 1446 4036 1501 2214 3012 2258 3166 2692 1839 3095 2574 1143 3272 2288 370 193 3861 2311 4145 4278 931 783 2746 4497 4673 2786 2197 2514 4470 4065 1460 3843 2708
1068 1765 3891 2702 4747 4067 79 3790 2038 2377 1563 1766 4970 2406 1866 4913 2003 534 4989 2196 3286 887 1879 2696 389 2608 4242 2771 1871 2513 1949 1163 3470 2868 1069 600 1404 2543 4462 1572 3354 4660 1026 1562 4611 4128 2728 1461 507 1934 3413 2993 341 1738 2590 2651 3436 819 4151 1937 1221 2520 2491 1865 2869 2075 4060 1452 4667 4164 1301 737 2921 1749 167 4827 3028 4420 4128 4669 2468 2409 4832 4985 3391 495 2084 72 1775 4048 3392 1650 4858 3121 4902 4613 394 222 1941 306 608 770 3209 1898 4973 4510 3721 803 2942 545 2423 710 2743 4493 3226 4482 3482 1587 4092 210
3186 974 3960 4754 3939 1884 2236 1845 2135 3771 4375 4664 4804 2332 890 440 1174 2871 4552 3201 1373 826 4721 2616 1958 2924 2282 670 3829 3924 1233 327 2692 4786 3021 3118 446 4533 52 2995 947 2765 4550 881 254 977 3306 1268 3357 28 1469 3243 2979 4931 1911 3036 4419 4558 4586 2164 1753 3092 3115 164 3941 400 762 3115 3950 1302 935 4925 4751 2829 750 3028 178 490 4085 214 3105 2705 374 3839 3340 2093 1893 697 3996 4355 539 1010 3806 433 1699 1613 3355 4642 880 4067 1308 3396 399 764 904 4973 4891 2198 1424 765 770 3206 3045 2708 2352 4772 1032 2372 1768 4405
96 3725 2412 4507 3873 2480 1878 1106 266 2704 3306 1892 2636 3225 1655 759 2185 2801 3022 2548 3703 1846 1466 550 2599 3629 4735 673 2270 3255 417 2028 329 2241 1500 2616 1665 4846 4274 4498 2309 79 2363 2545 3354 68 2822 962 2202 2152 2439 1280 2418 143 3243 273 142 460 4120 2322 1698 2146 794 1575 894 3427 4581 1225 455 1426 267 2730 3742 228 3310 4420 490 743 1477 2702 4134 3688 3779 1665 3037 378 4380 1081 2277 1487 1879 4775 522 1053 1994 3139 3126 16 2912 3580 2540 4860 2091 1834 4411 2501 1722 1350 4214 231 3130 727 976 1752 3562 1851 2313 1505 4775 103
365 582 4555 4070 3925 4751 1843 2847 3957 1638 411 2132 3457 1196 2641 2187 3942 372 1625 4362 3383 4386 1579 1825 2951 3824 1060 933 1989 3127 510 2194 2695 180 3354 4522 1046 3290 4772 3091 1042 3802 122 3545 4434 2800 4473 668 654 3058 3961 1565 4927 4552 3183 4347 4171 3857 1190 3168 3278 3368 1055 424 3431 433 2439 4780 1332 3390 4949 4730 4033 2601 1377 4128 4085 1477 1108 3564 4604 4785 4423 684 2598 2712 4157 4535 655 765 3968 1678 4932 4098 2778 2384 2918 3197 2783 1723 2719 3847 1454 3149 3800 1711 3363 49 3073 2655 4172 1179 3939 4381 4351 1494 692 864 2991 2256
2918 2368 3780 1286 2611 4491 1380 2899 785 689 435 2626 3508 58 1996 1604 459 3206 3807 3187 718 4008 2303 3653 1191 3858 3815 4635 4362 3594 527 2863 3280 3213 3534 2254 3850 1640 3429 3445 4773 4169 3880 632 1637 1446 936 2917 2514 3895 547 948 4756 1068 4988 1529 3348 4332 524 4849 3763 4072 4696 1463 3252 4902 3707 3998 3100 4634 658 402 666 401 3466 4669 214 2702 3564 4102 2534 1021 4857 1068 3348 3050 103 4305 3059 3157 975 3426 1759 471 2654 388 457 2153 3246 4574 1927 1557 3591 3750 3240 3505 1651 4811 777 2505 3484 3224 4950 3891 4675 4489 1765 4124 2657 3771
391 3602 3536 902 3451 1505 981 2661 1416 3256 1216 503 2115 3134 4606 882 4700 4007 2679 4923 2788 1943 1085 1079 2984 70 633 2287 2254 352 1523 2394 3628 2891 651 3631 277 532 1834 4678 3048 2750 2434 2368 1582 939 2898 3445 4255 536 1909 2681 2954 3558 2307 365 4120 1890 4335 2787 4804 3425 2721 1339 959 1971 1235 2990 2059 3323 3861 3092 1878 2721 3399 2468 3105 4134 4604 2534 1382 1790 2049 4381 2795 622 4840 4042 2037 4465 895 4581 3885 1802 3889 4690 111 4289 4224 1305 3196 10 3430 4467 4790 4735 4917 1531 1554 3480 206 2406 1541 4659 1522 1632 2430 4848 4157 3288
1079 2616 1759 968 4543 4200 3063 2789 4017 180 1940 3388 4837 2600 2406 3492 2237 4396 649 4149 799 1583 1060 729 4709 1721 3187 263 428 1881 881 2463 4453 1512 3130 3964 437 4716 4233 1024 2002 1419 2099 3539 1756 2803 1779 2555 1646 4258 4080 4164 1340 3232 4603 2932 527 2369 4347 3910 2774 4502 1466 2558 4369 3276 1679 556 3528 3026 590 942 2737 1336 3097 2409 2705 3688 4785 1021 1790 332 1813 2477 3606 1810 3403 2597 1125 3584 4833 762 4558 4867 4599 197 3937 1846 4921 2668 2833 3358 4015 530 1903 3501 2407 3535 2545 303 3861 481 1097 3406 1517 3674 482 1055 4810 1901
2488 4811 3610 4432 4627 1130 1816 1722 1483 4537 1489 3646 507 526 4357 1117 724 4712 3873 654 3195 2441 729 1882 1473 4140 4771 3894 933 2737 4078 3316 3394 3348 2667 1616 555 849 2751 1856 1774 4176 2880 4605 2559 344 4869 231 496 3650 4606 1124 2641 439 571 2559 2795 1731 3328 1999 2185 2132 4762 1413 3991 492 4427 938 4242 3403 1326 4327 3573 2528 1481 4832 374 3779 4423 4857 2049 1813 2955 4098 1169 2608 1127 1560 1026 515 1751 476 1060 2861 1505 3066 4966 4654 4452 2969 513 4578 4144 1679 3125 3120 3247 2072 4190 2930 2836 3102 3124 1680 2217 2001 1599 3995 3650 2982
227 3656 168 3308 496 2968 1645 2034 2238 1282 1681 4312 1633 496 4792 1124 637 1804 2150 3857 3654 1694 817 3831 2770 3548 3962 3510 3885 1531 2216 2522 177 857 693 1773 4389 237 3280 3057 2319 2165 369 2489 3369 777 4289 2044 3486 1918 1226 353 3294 2587 4237 4623 2246 2132 533 2618 3822 3699 3115 765 2117 41 4037 2579 2664 3161 3975 1756 2474 3292 3274 4985 3839 1665 684 1068 4381 2477 4098 3512 1012 2316 1012 3970 4891 1751 1465 1018 3721 405 2462 3061 2717 379 4017 1501 3388 1063 3685 487 4281 1828 4079 4853 2963 1442 3629 708 2154 2013 3728 3317 3481 4388 4835 4770
1271 3002 608 2337 198 1018 195 3215 488 4485 4485 2980 94 2885 4223 2999 1962 3983 1620 2060 2293 3172 1570 32 1223 4235 1518 2525 4952 4892 2426 4247 243 1126 4695 3443 4170 989 2233 530 2345 1402 1654 1584 3213 2570 68 3471 4348 3473 3319 3091 4792 2635 2698 3198 2672 4476 4225 3518 1162 2856 3542 493 1815 698 2152 901 3390 2920 3454 2125 509 4022 1706 3391 3340 3037 2598 3348 2795 3606 1169 1012 2141 3392 3095 4008 3395 2286 2671 4441 1093 2967 4454 4207 4459 3298 2046 2445 870 2605 2200 1471 2328 3298 172 3149 3581 13 3079 1219 3042 3304 204 2061 1402 807 2877 2177
4953 4091 4050 4185 1988 112 730 1952 4830 801 887 3027 1718 3647 4571 4557 4522 3724 3500 125 1095 373 1972 3557 883 4165 4293 2841 4434 3702 2106 869 984 3600 4129 4339 1737 3150 840 1485 3650 2847 2305 227 2482 4414 1774 4591 2310 427 14 4193 163 3286 4104 846 846 192 225 4748 3949 273 4015 837 1171 1985 4522 352 148 71 305 3393 1547 1439 267 495 2093 378 2712 3050 622 1810 2608 2316 3392 1195 1154 2215 3700 3702 3157 3940 3265 1514 2036 2552 4951 2267 1512 2884 974 1996 776 3164 1828 4477 40 602 28 1896 3193 3109 958 4239 3709 1101 2196 3194 3317 4613
4369 4853 249 1856 1534 1358 3797 2971 3943 566 4898 1443 3082 4431 3713 3912 2436 1552 3809 889 3165 4781 4328 2610 1754 158 4758 1122 289 3916 2029 3854 2621 2663 114 1360 3401 39 3757 916 1504 1662 487 2853 2154 240 2852 922 107 156 2278 2584 1686 1008 560 3972 4564 4303 3196 472 1006 577 377 1860 1414 600 778 4333 438 4605 4349 2885 265 4378 4667 2084 1893 4380 4157 103 4840 3403 1127 1012 3095 1154 60 1344 943 3132 3834 4510 3899 778 1418 3551 1462 1884 793 996 243 228 3503 894 2454 432 1901 3556 3427 1535 1864 1109 1817 3202 189 1574 3128 2063 1906 364
1254 4550 4884 412 3256 1754 151 3405 4765 4157 2155 4720 627 3483 42 3695 817 4493 4663 4684 1992 4400 1100 672 4609 1845 1669 899 2543 4116 134 4718 4334 1200 4243 4405 4314 3994 4828 4843 2561 3696 2020 4690 286 3367 777 1488 1266 3050 4852 1526 3804 3659 3489 211 2051 2238 1106 4647 4051 1981 3539 1123 1640 4197 3106 2200 4912 4662 1413 2338 4652 1943 1446 72 697 1081 4535 4305 4042 2597 1560 3970 4008 2215 1344 3980 2804 2239 4006 480 2158 214 2288 513 4780 3208 1072 2894 1931 1041 2785 2163 1489 4825 4031 342 2800 2065 4453 1584 180 3330 2057 1505 368 4611 1061 4999
3776 4625 1250 3725 4069 4653 1256 2368 392 3223 693 1838 4753 164 4970 3484 2727 1782 1669 4840 1585 4855 4770 3850 2616 162 3782 2808 2981 4549 2669 3356 3607 2475 4803 36 1338 608 3477 2828 4358 1081 2875 2333 3060 2588 4284 202 2142 3184 1082 834 1385 622 721 1263 4632 4484 1172 909 1310 1737 1616 4349 3134 3163 4052 1234 4865 3916 31 449 1722 2029 4036 1775 3996 2277 655 3059 2037 1125 1026 4891 3395 3700 943 2804 161 3377 2923 20 2529 3449 4173 355 33 3692 2907 1968 2329 4450 4271 3739 1648 2955 902 1133 1257 3942 2571 2442 192 4869 4107 3440 710 1903 725 168
485 3027 4942 3253 3639 154 4030 4035 3456 2419 1246 3430 695 4713 843 2671 2978 4839 1687 2007 4090 353 822 2045 1883 784 1340 1156 2891 827 3510 233 3967 1284 4334 4612 1474 4879 3009 1557 4798 2428 2871 2449 690 2694 2408 609 751 2844 290 3015 1405 527 3525 858 1008 619 4591 1308 3284 893 2963 4766 2635 4800 207 2232 4919 4703 1972 4436 1250 1171 1501 4048 4355 1487 765 3157 4465 3584 515 1751 2286 3702 3132 2239 3377 3884 981 209 1817 3454 1794 1414 4509 3929 2561 1288 4379 4993 1370 4330 2878 3329 1666 2553 525 4221 1782 57 3465 1342 4652 364 1354 3281 2625 2087
4073 457 2745 3807 3183 3594 978 2923 3955 2479 4575 1402 1196 4981 398 2199 4171 720 2414 1939 3433 4605 4403 2129 2709 786 1685 2085 1616 2665 17 2435 3307 214 2792 1886 2239 3057 1269 3593 3379 2710 323 723 4045 4808 3970 2633 3633 1373 4151 4078 1667 1562 4772 450 2697 4738 970 4001 1181 1854 4142 2524 230 4903 1604 3996 1608 2408 4347 1379 3797 193 2214 3392 539 1879 3968 975 895 4833 1751 1465 2671 3157 3834 4006 2923 981 939 3349 3505 2056 72 849 105 4936 3421 2168 2829 4354 582 2741 2893 818 1498 3069 3046 1852 2391 4430 321 1537 2513 2910 1802 1607 868 3287
760 2932 2714 4349 4754 1079 1853 3945 3279 4541 120 2737 4644 751 3880 4968 4143 4248 4677 83 4563 2332 3001 1541 2074 484 4688 2944 3442 340 1171 2330 3789 4265 3655 412 3379 3044 2131 4796 2544 2390 569 1735 202 1595 605 2242 2073 2313 3758 3300 3109 2620 4548 417 2025 2235 758 2631 2107 4766 2506 3000 2191 4187 244 1579 4907 2475 1935 3694 3760 1283 3012 1650 1010 4775 1678 3426 4581 762 476 1018 4441 3940 4510 480 20 209 3349 3458 4805 3265 4743 1977 439 4414 4728 996 3006 1028 1560 3252 17 3752 2786 475 4662 3423 4016 4124 4443 2388 1058 2521 2289 1210 1755 3240
769 1816 3045 3660 3128 4979 2848 2500 4309 912 3673 1031 3741 1113 2309 225 4865 2528 646 2052 492 2749 1638 4061 4498 4476 512 2275 282 2303 2148 3248 1316 3076 2304 2323 1660 4680 456 1066 3763 1640 3935 3954 4911 1354 4018 1483 4671 4800 4052 1834 1718 2531 3360 394 720 1288 13 2333 1720 2510 835 3233 925 220 3164 1339 4032 2801 264 431 3874 4219 2258 4858 3806 522 4932 1759 3885 4558 1060 3721 1093 3265 3899 2158 2529 1817 3505 4805 900 732 377 1461 4277 3847 210 3203 2272 2696 1905 3469 4702 545 1745 922 403 140 3366 2215 4499 3886 2399 1606 2511 65 4100 618
2849 1207 1955 1783 1913 292 33 2672 2382 536 1831 2311 3958 2886 1007 4979 3597 1686 2701 3567 490 3055 979 612 1819 2706 4672 3155 1407 4637 13 2390 2238 3518 3682 969 3312 635 4767 2420 4112 4140 4311 3436 642 153 3023 3644 4457 4026 4002 1472 1509 4198 2574 2136 1219 828 1666 3540 2258 4851 4977 2121 2793 416 2274 3983 778 1782 507 3226 264 3674 3166 3121 433 1053 4098 471 1802 4867 2861 405 2967 1514 778 214 3449 3454 2056 3265 732 1355 3220 1586 874 1359 3025 2345 4249 458 3263 3021 4246 4162 156 2972 2821 3103 3448 1777 1782 3355 4517 822 1684 1828 333 3501
3321 47 3898 922 536 3742 3315 3129 103 4033 1251 3955 1763 692 1778 537 1916 723 3800 2365 2604 3593 1695 3564 480 3497 4323 1100 3657 265 4944 3051 1032 3537 441 2615 322 1223 1892 2843 1852 4738 1317 3886 4698 3034 2880 1537 425 4627 2105 1237 1002 1868 3759 1637 1488 4189 3668 1691 1428 1423 4722 87 3006 1685 288 1577 3506 709 3605 984 2957 4884 2692 4902 1699 1994 2778 2654 3889 4599 1505 2462 4454 2036 1418 2288 4173 1794 72 4743 377 3220 1840 3284 2010 522 1989 1238 4608 2047 1191 3656 4809 1851 4069 4143 2952 1728 4547 4195 1599 2941 4096 4793 4509 932 655 981
3856 4296 4437 4619 2734 934 2144 4302 2378 99 1827 3511 2916 4818 3448 2158 923 985 295 1522 12 2335 2028 2982 3829 1499 4744 508 3195 891 1333 2936 4552 1299 2759 1765 4155 3590 1275 2217 1819 4743 1002 2796 1143 1843 2861 1081 130 3758 2581 1896 3267 2241 2788 2189 4441 4579 3516 1576 1627 2805 1185 2263 1561 1650 4344 2657 4443 4765 152 3929 225 379 1839 4613 1613 3139 2384 388 4690 197 3066 3061 4207 2552 3551 513 355 1414 849 1977 1461 1586 3284 46 1753 807 2500 859 2540 1590 1415 1540 583 4811 2449 3239 479 893 3057 3424 2864 4215 2111 4914 20 2364 3452 2358
4195 581 4891 4834 1211 3648 2101 4790 4445 4757 198 1399 1165 1302 988 475 348 3023 1374 2455 1391 3596 4004 4741 4061 2140 705 949 321 3427 2948 1456 3730 3052 744 3355 963 2933 3300 228 4104 3616 4953 4961 4090 4599 2688 2078 1101 4714 4537 3364 1914 3272 2638 4877 4518 4965 272 606 834 2671 3234 4634 1074 1956 1491 1867 4204 3051 3400 2221 453 251 3095 394 3355 3126 2918 457 111 3937 4966 2717 4459 4951 1462 4780 33 4509 105 439 4277 874 2010 1753 3803 752 2850 2273 322 2072 2727 4373 1820 863 40 3810 3085 4749 2705 3527 4235 4117 94 2435 1295 3533 1238 3367
153 58 1616 1145 3237 3810 3825 1546 4129 823 1879 2255 3336 4177 1463 2521 3484 1287 2523 1900 859 2866 2734 4967 2242 4433 3853 4191 949 603 3171 3266 3606 688 1282 4298 4369 898 2722 741 3229 1821 1154 1435 434 1368 2570 2551 2781 99 3584 2615 3458 1921 3341 1736 4833 1167 3561 4626 696 795 1676 3288 790 4088 3637 758 2324 2111 1140 2631 405 2796 2574 222 4642 16 3197 2153 4289 1846 4654 379 3298 2267 1884 3208 3692 3929 4936 4414 3847 1359 522 807 752 2424 3101 3696 310 1741 2673 2817 4038 2104 2963 3213 4768 2382 2489 1476 2411 2705 1672 2458 1259 3679 3677 2635
178 2800 4578 2079 962 3888 1210 1995 3289 3463 4863 179 1933 1121 3004 3636 4247 774 4415 1953 4159 1389 3054 2547 3888 3959 2905 2931 4919 2481 1803 2967 4327 4125 1245 3373 4837 1719 1688 3404 2038 2459 526 4458 4247 4488 1667 2212 2165 111 1853 359 1443 4124 3774 322 4307 598 2219 2745 3307 3025 174 4209 4863 3409 496 837 4339 4684 2624 591 1585 2181 1143 1941 880 2912 2783 3246 4224 4921 4452 4017 2046 1512 793 1072 2907 2561 3421 4728 210 3025 1989 2500 2850 3101 2928 371 3734 2873 1076 4519 2963 3945 3238 3841 2887 4920 1960 4772 4030 4793 1351 4259 2681 1982 4077 2143
2093 3622 271 4622 3616 756 2112 3615 2559 954 616 2884 2373 919 2817 3592 1622 1197 4458 1346 4002 2751 3729 549 2163 784 3435 2042 2791 3117 3757 294 4507 4621 1679 2463 4298 4043 640 3332 3371 3783 2935 3812 4602 4752 3079 3556 2735 2531 2267 3228 1892 212 385 4227 224 2527 143 1233 55 4598 4049 3952 2001 3035 2075 4185 4160 2868 1213 286 1752 3367 3272 306 4067 3580 1723 4574 1305 2668 2969 1501 2445 2884 996 2894 1968 1288 2168 996 3203 2345 1238 859 2273 3696 371 4232 4267 1004 3750 1513 3463 522 865 1904 524 2633 586 354 723 4300 3911 2325 1194 1418 732 4655
184 411 3959 819 2818 3501 3207 979 138 1156 3459 4213 4650 4287 1905 2181 3010 197 2993 2328 3833 3269 368 3433 118 948 4904 3624 1754 919 3096 947 1016 1090 2569 4171 4843 995 204 3783 894 1347 1943 4799 684 4382 178 2223 890 555 4938 3903 4562 2020 1802 422 2285 4528 3050 4496 2729 2157 783 287 808 3390 2503 3166 2977 343 428 2114 1597 4792 2288 608 1308 2540 2719 1927 3196 2833 513 3388 870 974 243 1931 2329 4379 2829 3006 2272 4249 4608 2540 322 310 3734 4267 3156 217 4238 2004 222 258 3718 964 3100 3772 926 2030 3703 4839 4611 2821 2092 4820 3541 1016
4882 4567 1979 2364 572 2927 4488 4780 2471 879 1041 2755 827 2990 2130 4987 4586 3927 3650 4522 2950 1174 4618 4142 3501 4470 4435 987 2523 2080 2964 4740 2532 107 3291 1374 3602 3639 664 2310 1872 3329 1164 2247 2279 3256 1448 3298 1151 4441 3514 2265 3347 372 3898 829 2620 3369 4466 4614 4989 1770 3158 4701 3546 3152 2154 1614 3452 2463 663 2289 2015 4632 370 770 3396 4860 3847 1557 10 3358 4578 1063 2605 1996 228 1041 4450 4993 4354 1028 2696 458 2047 1590 2072 1741 2873 1004 217 1763 4838 1532 3162 186 753 4372 1973 1176 4703 1955 4924 236 3446 3523 2909 579 970 3674
1183 4320 3440 2781 417 367 4768 139 1970 620 813 3100 4489 2559 1748 4050 821 308 4219 1654 964 297 4482 281 3054 1895 2215 1253 3266 3174 2567 3167 1897 703 569 3693 4865 1288 3296 1589 163 4347 4289 3246 269 1352 3069 93 1789 4215 623 2641 1716 771 4862 4737 4460 3930 135 2054 2071 3611 1672 437 2061 3873 885 4622 3313 2845 2684 4476 1378 4299 193 3209 399 2091 1454 3591 3430 4015 4144 3685 2200 776 3503 2785 4271 1370 582 1560 1905 3263 1191 1415 2727 2673 1076 3750 4238 4838 2942 3734 4207 3459 2566 3403 1806 2411 2744 4658 1536 1134 543 4337 3178 4498 1882 2905
820 2796 1101 3696 4105 1621 1088 2966 2758 3718 3166 3402 2492 3346 4247 1802 1994 3578 4297 2756 3426 2351 2755 2350 1831 2933 1685 1577 523 3671 3846 195 1137 3424 2014 2332 4364 1710 2841 582 2063 2122 3997 3879 3559 1443 797 3563 3970 4331 45 1074 245 2640 998 2003 355 1763 1481 1684 300 1845 2049 2602 2443 4905 362 143 1819 3747 3790 1880 757 4625 3861 1898 764 1834 3149 3750 4467 530 1679 487 1471 3164 894 2163 3739 4330 2741 3252 3469 3021 3656 1540 4373 2817 4519 1513 2004 1532 3734 1758 1897 1953 3507 4663 3125 4560 1907 4505 895 4828 1878 3566 2409 1437 2682 13
2050 4907 1043 4637 1130 4096 3067 4665 4233 1190 323 2768 4881 774 2326 2963 2970 2748 763 1429 3493 3021 190 1932 3378 2614 165 2752 2535 3425 2757 3636 1694 1303 3292 1638 4264 4250 1950 468 982 1313 4090 2467 3343 4068 4164 4135 4467 4866 3817 920 157 4688 1694 2047 827 1202 1302 1709 3618 1481 641 168 1146 4869 3336 3071 3298 1743 3912 4961 361 1906 2311 4973 904 4411 3800 3240 4790 1903 3125 4281 2328 1828 2454 1489 1648 2878 2893 17 4702 4246 4809 583 1820 4038 2963 3463 222 3162 4207 1897 4775 676 3189 4250 1384 1599 549 995 4888 3430 4643 4035 4468 2548 3456 4071
4052 2799 2553 2803 2301 1237 2306 542 4726 2147 3059 1966 689 2893 572 205 3687 1238 3378 4907 2703 3342 2421 3953 1872 4634 150 2031 614 3273 4655 1385 4157 946 4285 1561 480 158 3969 2994 2355 367 325 1487 4213 4885 2632 59 2881 1095 1360 1591 828 4569 3545 3613 2945 3542 2563 4172 3355 1932 2776 1916 3850 2245 1368 2433 416 4415 190 351 390 4039 4145 4510 4973 2501 1711 3505 4735 3501 3120 1828 3298 4477 432 4825 2955 3329 818 3752 545 4162 1851 4811 863 2104 3945 522 258 186 3459 1953 676 4980 4666 223 4887 1141 2867 1195 4897 770 4898 613 153 3492 1232 2626
1083 4886 2946 2720 3901 511 4416 4166 1835 359 3458 4301 113 4127 1380 4127 4505 1716 356 1827 2646 1837 425 890 3686 1361 3262 2637 2621 3145 4669 2089 1412 1034 3640 1427 3120 1007 3250 2025 4363 657 2016 1208 4911 304 4778 1120 719 3195 1932 3314 3183 4500 2838 80 1067 4861 4880 3054 2918 1567 3574 1105 859 870 665 2277 1249 2998 4217 2231 1760 1035 4278 3721 4891 1722 3363 1651 4917 2407 3247 4079 172 40 1901 4031 902 1666 1498 2786 1745 156 4069 2449 40 2963 3238 865 3718 753 2566 3507 3189 4666 4742 2477 4179 3442 112 4309 2830 3127 2110 2861 2765 3322 2581 864
3549 3672 2847 456 3018 1506 2223 3368 3784 4983 2368 4187 1142 3316 2578 4769 24 2445 2131 185 3465 2255 994 485 2802 1330 4140 2070 2588 3601 3891 2985 3299 2214 4271 4239 1025 2575 792 1708 1536 2979 1760 4112 4092 565 3045 3736 4290 2728 4747 2462 3338 2381 1285 4517 3821 1741 3933 1591 3406 4506 4178 3811 4179 572 3654 4723 4948 1171 2641 213 4547 3921 931 803 2198 1350 49 4811 1531 3535 2072 4853 3149 602 3556 342 1133 2553 3069 475 922 2972 4143 3239 3810 3213 3841 1904 964 4372 3403 4663 4250 223 2477 1253 3605 3511 3872 4099 836 367 4734 3518 3686 1367 1624 2966
552 674 431 1962 2873 647 4044 4044 1409 1788 2955 2639 753 2983 1860 940 1579 4389 2372 513 594 2947 3361 4946 4838 3316 3948 1988 4491 316 2759 1456 2652 1449 2457 1727 203 4916 2297 4151 1862 1841 742 1025 1284 266 725 679 3089 2643 3814 3444 2164 3198 1813 1465 870 1872 1540 1124 4660 1352 3884 4919 1893 1754 1464 4207 4725 621 1571 3087 3340 3035 783 2942 1424 4214 3073 777 1554 2545 4190 2963 3581 28 3427 2800 1257 525 3046 4662 403 2821 2952 479 3085 4768 2887 524 3100 1973 1806 3125 1384 4887 4179 3605 4332 1092 1996 3631 1551 1557 1593 192 1960 2326 3224 3581
4855 80 3111 3593 1473 3887 2186 3778 4942 4921 3295 3686 858 4061 4776 3387 1831 2014 1656 910 1090 2710 1431 3601 66 4044 4242 1470 4440 3658 4179 1329 4729 3845 3891 2124 857 4974 542 969 915 3667 2498 4618 2700 3752 3891 1037 3205 3881 1497 3688 4215 4552 2440 424 1825 2698 3172 1578 1712 2987 1061 3551 4195 2994 2258 2533 4706 3006 1602 1108 2464 2419 2746 545 765 231 2655 2505 3480 303 2930 1442 13 1896 1535 2065 3942 4221 1852 3423 140 3103 1728 893 4749 2382 4920 2633 3772 1176 2411 4560 1599 1141 3442 3511 1092 4583 2374 698 2965 1340 2016 1241 3408 2378 2593 1417
1733 832 2772 2166 2914 2720 117 4312 3706 1180 127 2451 4140 4741 94 1926 2515 3301 1985 1226 250 2842 1706 1074 4294 3388 85 4547 3788 1795 4119 2628 2918 3133 1820 1974 1536 4221 2384 1243 2352 1493 2005 2985 1633 135 1389 4501 1951 3512 1406 4347 3180 4562 1504 2144 1533 991 295 1665 153 2608 3628 4334 4706 1093 797 1353 4652 2250 3722 1781 1868 598 4497 2423 770 3130 4172 3484 206 3861 2836 3629 3079 3193 1864 4453 2571 1782 2391 4016 3366 3448 4547 3057 2705 2489 1960 586 926 4703 2744 1907 549 2867 112 3872 1996 2374 1429 252 931 1402 824 4796 2234 3915 4653 4752
1307 3753 2817 2515 3075 4318 3696 3783 3697 3503 2465 1623 4758 1029 1613 2216 3349 2923 3960 3147 810 838 1793 3086 1742 1751 1297 1579 4416 83 2523 1990 3186 3106 1882 4055 4456 1718 1788 4632 3948 2854 1677 987 361 112 2150 1487 3557 2068 4704 3049 3083 3555 917 2525 4726 3829 2473 4491 4318 3182 4876 1188 2938 3036 1596 1801 2832 2400 4021 25 2551 4840 4673 710 3206 727 1179 3224 2406 481 3102 708 1219 3109 1109 1584 2442 57 4430 4124 2215 1777 4195 3424 3527 1476 4772 354 2030 1955 4658 4505 995 1195 4309 4099 3631 698 252 1445 4558 2152 2376 4535 3342 3502 4491 4292
2805 4211 3115 2888 770 3232 4660 908 3359 4775 3743 2319 4015 4563 662 2880 1322 2385 4621 3002 837 4313 2628 4095 2373 3578 4870 3143 3599 255 2082 807 4399 2741 1831 1148 3574 1286 239 3861 1289 4927 4094 4925 546 1685 2030 4883 2694 3131 2956 2220 2723 2724 2782 905 2302 1798 1735 284 2511 2980 2995 4750 3701 2628 4921 3039 1894 4427 3172 4373 1339 1401 2786 2743 3045 976 3939 4950 1541 1097 3124 2154 3042 958 1817 180 192 3465 321 4443 4499 1782 1599 2864 4235 2411 4030 723 3703 4924 1536 895 4888 4897 2830 836 1551 2965 931 4558 4855 2289 2977 3355 3378 3773 4940 1229
2916 4988 831 4886 3190 2016 1413 3421 708 4595 224 17 4398 3647 2702 4260 1426 4507 2433 3628 1460 129 1036 3243 25 2106 4174 1208 1121 2160 882 4221 4315 1369 2832 4569 3991 4560 1212 4863 1299 794 4766 997 4892 4578 1299 4151 146 3062 368 2186 4540 208 2030 3185 3892 2434 4540 3659 2603 3709 3457 194 1355 3817 1962 3731 2413 1074 3776 2996 2592 664 2197 4493 2708 1752 4381 3891 4659 3406 1680 2013 3304 4239 3202 3330 4869 1342 1537 2388 3886 3355 2941 4215 4117 2705 4793 4300 4839 236 1134 4828 3430 770 3127 367 1557 1340 1402 2152 2289 3912 807 693 1381 1010 2140 4651
2090 1528 2306 3409 106 2130 3549 2216 360 291 802 2389 648 2153 1702 1531 3012 2779 4449 68 3654 4326 1026 3407 4786 3887 4274 1177 4211 3705 3597 3334 2204 2172 1581 4423 135 2031 4328 2127 3480 778 1190 149 680 4952 4658 4525 4815 2198 4787 2632 4684 2879 2821 4595 3333 4640 3438 1916 2269 1221 4426 1994 3613 59 2178 520 2362 2144 3378 2096 1420 198 2514 3226 2352 3562 4351 4675 1522 1517 2217 3728 204 3709 189 2057 4107 4652 2513 1058 2399 4517 4096 2111 94 1672 1351 3911 4611 3446 543 1878 4643 4898 2110 4734 1593 2016 824 2376 2977 807 3470 2503 3605 4210 1621 948
1861 852 1560 2062 2748 1316 598 3541 1728 1163 1992 4281 3827 750 2606 1766 791 4098 1227 3381 1227 4495 795 4684 1791 3782 2147 528 2294 1124 3107 923 13 4880 572 1502 1069 2196 4332 1854 4957 1366 72 1987 3066 2795 2853 908 4813 4290 707 4196 1073 1189 2707 1140 3221 4730 248 882 2177 1041 856 1324 4101 1602 1374 1895 3718 4273 3017 1507 3345 449 4470 4482 4772 1851 1494 4489 1632 3674 2001 3317 2061 1101 1574 1505 3440 364 2910 2521 1606 822 4793 4914 2435 2458 4259 2325 2821 3523 4337 3566 4035 613 2861 3518 192 1241 4796 4535 3355 693 2503 3691 2693 2318 1802 4652
421 2918 3329 4835 988 301 4480 2219 1258 1654 4009 1083 3374 4771 3290 3964 4245 3357 3950 2227 1766 4881 2457 2835 1860 2067 3566 751 2589 4120 2859 3978 2511 790 1449 3116 570 225 3483 4941 3031 198 4978 254 4963 3368 391 1548 2623 1233 3796 2853 4737 253 4463 4090 2748 1150 223 4321 4855 1932 4127 2590 4186 3540 4070 281 3807 1092 4152 4775 3027 4101 4065 3482 1032 2313 692 1765 2430 482 1599 3481 1402 2196 3128 368 710 1354 1802 2289 2511 1684 4509 20 1295 1259 2681 1194 2092 2909 3178 2409 4468 153 2765 3686 1960 3408 2234 3342 3378 1381 3605 2693 280 3142 3485 4269
777 1485 3804 4392 4253 4197 4668 2277 1139 3221 1092 2302 3657 942 876 3225 2424 2882 2737 3502 579 3099 2593 2047 4314 1673 2133 2711 4032 187 4886 1368 2100 4623 4401 903 4022 197 1310 4867 3276 3513 3312 236 1637 1090 1765 3551 1268 2425 2188 931 4706 2462 2160 3656 4903 3866 1193 4789 4565 4131 4729 1425 4489 4749 2399 727 146 982 2553 201 4066 1465 1460 1587 2372 1505 864 4124 4848 1055 3995 4388 807 3194 2063 4611 1903 3281 1607 1210 65 1828 932 2364 3533 3679 1982 1418 4820 579 4498 1437 2548 3492 3322 1367 2326 2378 3915 3502 3773 1010 4210 2318 3142 3404 3167 4676
3733 679 1718 3327 4021 16 3129 3543 260 631 1403 3794 4865 2836 635 2098 3440 1820 290 4996 2121 4058 682 3426 3178 354 1795 3105 135 2320 2833 4159 2409 4856 3369 299 70 265 1210 512 720 4359 3260 3707 2131 1243 3197 3891 257 432 4844 80 741 2435 1678 2505 85 2709 2405 2703 1232 3238 4048 4718 1599 2056 906 579 327 1701 3967 1864 3717 2053 3843 4092 1768 4775 2991 2657 4157 4810 3650 4835 2877 3317 1906 1061 725 2625 868 1755 4100 333 655 3452 1238 3677 4077 732 3541 970 1882 2682 3456 1232 2581 1624 3224 2593 4653 4491 4940 2140 1621 1802 3485 3167 4061 317
897 937 3309 3665 771 2509 4098 2277 1798 3520 1115 3622 2484 3827 1519 3367 4327 1453 2211 1181 4929 2990 4449 2414 2157 892 2921 4655 1330 2750 3326 3543 15 886 1013 195 4479 4980 4228 237 4355 2064 3737 3344 3813 4171 4497 1846 2287 3150 3187 365 3662 352 2286 2048 4721 3181 300 3265 3504 1571 405 2814 4497 2070 565 1936 4595 3918 4461 4685 1956 1803 2708 210 4405 103 2256 3771 3288 1901 2982 4770 2177 4613 364 4999 168 2087 3287 3240 618 3501 981 2358 3367 2635 2143 4655 1016 3674 2905 13 4071 2626 864 2966 3581 1417 4752 4292 1229 4651 948 4652 4269 4676 317 3164
