N: 120
M: 20
Symmetric: true
Triangle: false
4 40 78 67 116
3 35 88 92
3 87 39 44
4 13 115 103 19
10 98 46 63 10 9 17 106 21 15 36
4 32 118 81 68
9 20 79 91 8 56 86 99 117 100
4 2 33 30 37
6 25 89 85 82 28 109
7 26 48 54 53 108 50 41
7 104 80 58 61 64 18 14
8 72 1 62 84 38 5 120 27
6 29 6 76 59 93 16
8 47 75 12 94 114 22 71 83
5 55 65 43 113 101
11 70 107 23 97 102 90 112 96 34 119 60
4 69 31 57 24
3 11 51 110
8 111 95 52 73 66 77 45 42
6 3 49 74 7 105 4
22 3177 4494 380 1908 1395 3024 2146 865 4577 1250 47 2090 127 3710 4506 4753 676 3071 2947 107 2500 3457 4633 799 1377 3775 3864 3099 2881 4023 1641 4780 1036 1874 2869 2457 871 3153 391 2209 2329 2433 4616 2640 1629 2381 117 3025 3736 1213 841 3990 3622 3427 4357 4105 4677 4791 3458 602 4815 1792 2055 44 2967 4915 4889 3577 1281 1865 4322 1181 2935 3624 4796 1780 1165 2244 1599 1081 1212 3303 3169 415 3937 966 3232 2613 1086 1547 2466 4652 4909 4856 4946 782 2287 3275 310 523 3339 968 3900 1577 3729 243 4145 2434 959 4688 4443 4497 4696 407 3361 806 2484 595 1900
3177 3090 286 3401 1874 2131 1330 3587 3066 1736 2710 3414 3652 1316 3198 3078 972 1111 2553 912 4835 4004 3753 2963 601 2484 804 765 4495 4478 237 4226 873 1453 3345 1008 536 2865 4212 4995 1646 149 1469 449 4543 1659 65 1631 989 3619 4331 1751 1016 682 3357 2265 3369 4134 2848 3665 506 4365 1018 495 3046 1953 2034 3945 4899 3962 4350 2405 1497 4623 1701 2960 4734 1103 3739 1537 2994 4548 3313 2996 3184 138 2684 961 4048 2158 4753 2235 76 3007 2744 2227 2347 1518 758 4668 3156 2053 1731 50 3115 4858 4734 2572 4732 536 2846 4649 1845 1535 2156 4724 601 3814 4747 2934
4494 286 3037 4369 385 993 2268 4679 107 2600 448 4800 483 2528 2564 93 2760 1539 1184 1475 2797 903 3785 2366 1619 530 2189 3534 3053 3821 3950 2532 3896 2720 3762 1577 350 3047 2852 30 3504 1441 2808 4864 2231 4724 149 1651 2174 2362 3985 2831 1616 3952 1443 3835 3887 1731 4009 4497 4013 4669 2556 378 113 3327 3386 2522 3920 129 4554 1123 2129 4104 4402 1773 4753 4315 4725 3736 4725 604 3621 183 2039 368 1580 3159 3670 1517 969 2692 1368 1596 1348 2671 3675 4550 2304 1096 4284 2597 3440 3777 3228 2695 1486 1673 1570 4133 3655 2224 2013 3388 2125 1965 4376 844 3008 479
380 3401 4369 1026 233 1559 709 3472 963 3369 2260 3197 1270 17 437 2890 3877 1333 4920 2483 4128 4162 3116 4537 76 1395 4254 1768 2046 555 4549 2555 3287 4395 3492 4324 3553 70 4723 228 983 4409 4118 2292 2444 4402 2440 3052 4631 1136 4260 2164 391 4020 674 2855 466 4508 4110 839 1155 3523 4753 2530 4642 2942 3320 69 4436 2372 3183 4987 4253 1821 52 369 1968 2196 2112 2693 114 1924 3401 601 3571 37 381 4452 4062 2050 2251 3540 3895 4507 279 4841 4521 2376 1459 2185 2400 4331 3206 1269 760 747 3152 3592 3066 4826 2921 1809 3817 2553 1263 3266 4354 4114 2522 32
1908 1874 385 233 2387 53 4351 4829 4916 4212 3317 1204 673 2150 2370 1215 3442 2853 2812 4041 1117 2430 4316 2279 2027 3333 664 3716 3928 2208 35 2978 4907 3762 282 1749 3832 2612 861 2853 215 3165 4296 1653 3317 755 1232 1565 3015 4767 4939 322 4491 2866 3773 45 2589 1936 2914 3779 1657 1372 3486 760 1355 2626 1044 4615 250 2052 3698 3314 2179 2436 3623 3157 3055 2031 4091 3635 4032 1144 4841 2509 1533 2734 4511 4883 1463 3823 2050 568 2600 2138 2410 2808 1373 3894 2981 2954 1492 1822 1918 4226 1763 4213 4528 1741 3596 2192 2766 2877 4367 4022 1648 4424 4805 811 2465 3825
1395 2131 993 1559 53 1033 4802 4267 1458 1815 2020 2634 2393 407 4281 3467 4227 2380 3790 4631 444 2595 2794 2345 1760 2145 700 2103 2779 2867 837 1357 3512 733 3530 2546 2615 4091 4727 1007 4231 474 3554 2893 3866 4726 1730 2998 2706 3553 4369 4974 594 4793 1784 3440 2982 2447 3359 1116 4746 913 3706 4430 1695 4520 4918 733 1969 480 2940 1150 1612 350 496 4159 1409 1599 3895 264 2076 1324 1717 744 670 2259 1448 3034 4798 2152 2846 505 2276 3431 4484 3139 2666 1442 556 4054 4130 4629 4885 2200 2462 1286 1647 2375 3611 3126 1603 167 636 4117 2162 2094 508 3213 1462 1135
3024 1330 2268 709 4351 4802 4207 1294 3481 3828 3615 875 413 4547 563 203 3667 4899 915 1996 599 3179 699 2188 434 573 1752 581 2227 4342 2204 3076 141 3154 4279 951 110 3451 3574 3484 1423 211 99 2769 2714 657 278 2830 226 1322 1203 1491 874 920 3938 3029 4494 3970 2424 535 4836 4302 3884 1557 197 1754 1877 3528 3462 331 2680 4688 4383 1693 937 1010 3220 3179 4825 2409 266 2931 955 425 3209 1412 4705 3624 2617 391 635 2107 1467 2420 2349 3006 3473 4511 4298 3690 3887 1349 3807 4869 4208 4411 1972 4272 4167 3670 4474 3087 3598 431 2046 2607 2904 4023 3838 2199
2146 3587 4679 3472 4829 4267 1294 3743 612 4497 4006 4205 2555 1310 2734 1489 1945 440 2411 2632 4276 4023 3867 375 4067 829 241 3930 1083 265 2048 2616 4214 1802 3650 435 3930 4613 272 3385 1962 2194 3064 1283 4310 2096 4135 3622 3218 2638 1541 3546 324 513 4174 2849 2955 329 2885 2782 138 1765 266 4624 2902 125 2651 4541 3523 4361 2722 1689 4183 4713 4820 4775 4471 2163 4118 2285 3911 2129 4236 4411 3874 1460 3882 4507 3699 2983 3595 3911 3264 3315 963 209 3808 2611 2958 737 2376 373 1746 2038 494 2177 1031 4900 405 3196 4933 1619 1320 4817 1384 1624 3761 2117 604 4339
865 3066 107 963 4916 1458 3481 612 4286 3685 2825 4571 3401 3537 3939 3181 4658 4731 839 3566 1060 1870 1473 3861 4045 4957 108 4404 1353 127 1071 2489 2228 4491 2456 3432 4418 219 3730 4930 1765 2655 4398 4809 806 1723 1472 2860 1463 3420 1411 476 2954 2903 466 2499 193 459 940 4190 4555 4030 229 3849 2116 881 99 4864 1052 3218 634 2287 1022 2382 320 2896 4440 1284 2763 1580 4336 3740 262 3887 4191 1170 4523 1754 589 1154 3149 2667 383 2112 4134 749 486 3913 44 245 3613 4329 4306 4871 4349 983 255 390 17 490 4894 3115 459 2917 2049 3337 1254 3981 3831 4090
4577 1736 2600 3369 4212 1815 3828 4497 3685 4313 1255 2288 2332 2756 2115 2527 1170 1961 4144 4442 4631 2531 2201 3381 4164 2321 3099 3825 1865 480 4247 213 3632 834 1291 3695 4627 3095 3238 1280 145 588 829 2617 1083 2054 1649 2276 4786 1521 546 2979 458 1786 4455 3961 2739 671 243 4554 4190 771 1574 2124 736 1753 3631 1814 135 4756 4685 3689 1965 361 4820 1590 1113 2378 4919 3810 104 3751 3712 1898 3331 1740 629 4635 1004 3810 4403 3979 4725 1296 3791 2675 701 1211 891 893 466 1288 4203 4567 4147 892 3884 822 130 191 1363 1357 4798 3651 2905 478 3961 3008 485 2633
1250 2710 448 2260 3317 2020 3615 4006 2825 1255 67 2621 2743 4107 1991 4571 2595 1669 1875 168 4546 4268 542 2402 3702 4294 3094 2287 4355 1807 4513 357 4014 3040 4411 1667 305 4689 2987 2339 3691 1225 3621 3122 3811 2976 1752 1640 4945 2840 3481 3094 3875 3987 2890 2558 412 1896 2287 4214 2414 3807 1878 4964 3688 3166 3185 3412 717 2903 1435 2502 57 3939 972 4234 2269 4416 2857 704 467 3191 1193 3388 4223 87 4193 3824 3537 2473 2950 3186 1582 1888 3450 1420 1759 4483 436 689 2073 1079 3505 4702 1638 2172 4371 3200 695 3695 913 1091 3733 1126 2704 1564 1112 473 3684 2408
47 3414 4800 3197 1204 2634 875 4205 4571 2288 2621 1348 116 296 4836 3629 2795 4995 3672 2368 2356 3699 1399 3794 3858 2792 500 2659 3186 73 2219 2348 2266 1945 309 1884 2146 1561 3727 4232 188 703 4698 1257 4888 4349 2395 4969 3212 734 153 3367 332 3668 2831 1522 4968 760 4612 1430 4890 277 2202 3664 172 2039 2891 747 4147 1098 3632 433 1973 2509 2819 3695 3390 4865 4370 1239 2367 4409 4069 2743 4769 1414 1400 950 4425 3490 4298 666 3168 1347 30 4352 3465 3692 4280 3479 3019 1418 4391 3304 4129 2295 575 82 1959 189 2411 1831 1117 1871 4869 407 3678 3498 1294 625
2090 3652 483 1270 673 2393 413 2555 3401 2332 2743 116 1797 2986 4883 1936 3010 2683 315 2148 897 509 4255 196 3481 4094 3420 157 2406 1199 1894 2723 3981 844 3265 866 4837 1814 3805 3436 3721 655 3030 1671 3689 3983 2750 4224 214 1486 1144 215 4812 2551 1869 4317 3517 3685 600 1350 509 2389 1063 1277 3988 1635 1835 635 1270 4010 3991 278 2611 1941 1819 1635 1456 130 4810 243 3574 3688 1075 732 1465 4738 3313 1180 3695 1443 3220 2711 1867 4342 3139 511 1309 4927 4361 1271 956 3149 2804 4744 1623 2940 816 4403 4798 3150 3658 2834 4264 837 2938 1059 764 4318 2042 3499
127 1316 2528 17 2150 407 4547 1310 3537 2756 4107 296 2986 1656 4016 2393 3842 2513 820 2433 1179 1040 964 1710 3707 3329 354 2303 3738 500 2129 2408 472 2683 1660 1898 605 2813 458 1976 673 1041 3196 4051 2227 1891 2364 162 2980 211 2120 3073 1608 3864 4006 2443 2714 1578 3993 4146 3561 3532 1095 4722 4215 4492 4124 3637 4252 4327 4284 1833 746 993 2697 865 1619 1184 4151 906 2659 4831 4893 2710 1983 3007 584 3255 2031 2396 3237 3412 4333 2639 3329 4875 3237 125 3399 3741 855 579 4779 1124 2417 2172 29 2545 929 4140 2735 4269 2441 4907 3664 2973 581 4828 4107 2505
3710 3198 2564 437 2370 4281 563 2734 3939 2115 1991 4836 4883 4016 4433 3369 59 1302 2619 2075 2798 17 1410 2153 3890 3158 1338 1341 4173 1018 4123 380 4344 1742 1663 3599 3886 3540 4115 3111 4785 3586 3325 376 1760 1531 51 3621 1955 4931 4062 4671 540 1888 3943 4353 470 1478 53 4955 727 859 4744 4151 3212 1389 212 15 1738 1172 1142 3447 1031 3751 2786 1094 4951 2985 4794 3061 2721 4244 2033 4181 4164 3389 3736 2565 3478 719 4793 3583 18 415 4273 2256 3049 2897 208 3765 1978 802 1060 3247 2143 3917 2646 1303 4122 1679 4772 4139 1518 871 607 2338 4964 1176 2770 3480
4506 3078 93 2890 1215 3467 203 1489 3181 2527 4571 3629 1936 2393 3369 3234 3378 440 1028 1382 3708 4351 939 55 3311 4190 3117 4774 234 4525 1269 2773 2284 358 2199 1827 32 2995 1703 4251 516 1276 4125 4929 960 2529 4594 4168 3369 47 24 4129 2959 1000 1930 4683 1230 3734 4754 1728 1473 3087 2773 25 756 3582 1432 432 3598 292 1724 1291 2885 2185 1967 1393 3876 804 2475 2835 2383 4369 1690 1632 622 553 1859 1945 3893 2421 4778 817 3794 4747 4078 3871 1544 283 4408 3541 4230 2421 2744 417 3825 4219 4068 661 3813 3490 812 2403 4166 4589 2793 2949 1025 335 1952 3145
4753 972 2760 3877 3442 4227 3667 1945 4658 1170 2595 2795 3010 3842 59 3378 4982 1863 2253 3168 894 3199 3118 2173 4580 1372 4007 898 1423 555 3818 1774 3930 2608 4753 1497 2116 3241 2137 1843 730 2203 4223 2077 938 2810 4963 4359 3772 2414 4255 1020 3191 1131 2771 2674 2148 1511 785 3907 2700 3738 4094 132 2153 3444 3173 1229 2626 4033 4986 2367 3391 3658 1983 1722 2232 2537 3292 2825 1191 3037 864 1525 538 4119 496 4663 2017 2615 4298 1539 2316 3106 3939 1745 3225 556 3226 4320 3249 4189 724 2381 4869 2430 3503 3691 3619 4547 1488 2316 1550 1517 3852 4821 1161 3250 1183 2956
676 1111 1539 1333 2853 2380 4899 440 4731 1961 1669 4995 2683 2513 1302 440 1863 2492 3063 3037 1518 1896 2955 2189 1957 3505 1615 4257 1721 2370 1929 1276 2264 4840 4991 3474 3398 2023 3177 4973 4481 4314 2942 1890 4057 4387 1090 1407 3730 41 4142 1264 2405 2449 1857 3751 3157 2219 1371 1865 842 585 1019 2597 4389 4635 3928 2443 1810 1228 1175 3542 3972 1453 3289 2629 1277 1183 134 2125 2863 2801 4030 2007 1835 1778 2117 2010 3217 3013 4758 4098 521 4500 2734 1257 4435 4437 2481 1740 1020 307 1648 2068 3059 86 4248 990 1351 3672 1916 765 1278 235 1229 3517 2625 4740 2903 3570
3071 2553 1184 4920 2812 3790 915 2411 839 4144 1875 3672 315 820 2619 1028 2253 3063 2034 4752 4054 1043 3080 3227 4258 2907 3688 771 1645 3735 3155 1287 2201 4863 4158 3650 3774 4903 1297 4671 2607 2678 3866 1565 480 1884 282 3326 3751 337 1995 1932 1017 1838 1051 883 1785 832 3935 2380 1024 421 1372 234 3714 2471 2905 3025 2135 67 1929 1283 4697 2233 2778 286 2446 843 4257 366 2315 4897 3556 3814 995 2900 2274 4458 4063 2617 2427 298 4451 1597 1716 764 1785 1016 2798 1045 4109 2285 917 3383 1622 24 1403 4239 308 752 1651 4533 1782 886 3129 4402 736 1550 358 2290
2947 912 1475 2483 4041 4631 1996 2632 3566 4442 168 2368 2148 2433 2075 1382 3168 3037 4752 4674 4948 2260 1695 1957 2734 4648 2803 1596 3380 322 3935 2657 3989 4159 3810 3688 2250 1571 1525 3411 2078 1631 1517 189 1442 4401 1616 1861 36 4282 1329 687 3912 1816 4278 3651 4254 1201 539 2850 3856 3182 3774 2497 3681 2502 3837 4352 1151 4539 1659 3859 958 2129 4880 1644 3207 1982 675 2901 2686 3591 1418 2843 1810 3955 2551 3203 4551 4105 4868 2726 3116 3352 1098 1521 666 3137 2227 1176 1165 4388 1728 3494 2755 1191 1107 4344 4507 479 4666 477 1076 495 595 1252 4153 2124 1559 4286
107 4835 2797 4128 1117 444 599 4276 1060 4631 4546 2356 897 1179 2798 3708 894 1518 4054 4948 817 4122 4994 4744 1555 2354 2740 2049 953 1636 1633 1841 3926 2605 4944 3202 2888 3790 4953 3863 3143 4753 57 2742 2103 3586 3858 129 4015 3876 2432 606 4497 1391 1508 1167 307 4960 877 1176 1181 3143 2177 1594 559 2867 3117 1959 1924 2463 741 2839 3068 3250 4238 4047 3137 1652 3337 2799 4039 1266 4888 2440 4125 1463 3959 1861 2362 4691 1543 386 748 116 1243 4945 4309 3982 1751 2390 1819 4944 3880 4561 4898 4459 3787 1301 2937 1247 2711 418 1137 4195 1880 2371 586 735 3489 4731
2500 4004 903 4162 2430 2595 3179 4023 1870 2531 4268 3699 509 1040 17 4351 3199 1896 1043 2260 4122 4940 3100 3729 675 3095 4536 22 273 4407 791 1056 48 1097 2863 3255 1239 1685 2893 134 438 4010 3871 893 4555 1423 2288 3109 4859 3889 3342 2048 3859 2928 1134 3592 1325 4945 3532 4000 879 3382 3390 4163 1035 2087 90 2244 2727 1924 2120 3145 4686 1005 2867 1148 4149 2390 3791 4582 3184 4622 2595 2042 2930 3634 2648 3968 865 3255 4736 1736 2391 1479 1613 4629 2611 2587 2978 4090 3983 4233 3544 770 3479 4526 1166 2999 2082 4349 3314 4348 122 2738 3535 760 1460 2600 1260 3780
3457 3753 3785 3116 4316 2794 699 3867 1473 2201 542 1399 4255 964 1410 939 3118 2955 3080 1695 4994 3100 4075 333 27 4845 4911 3657 3066 1884 2010 2898 789 1453 3029 87 4375 3813 4222 2395 3632 2721 3111 2207 4494 569 3075 1655 1873 79 4545 1052 400 1561 299 3044 495 1401 403 1457 626 2900 1582 2292 1543 581 986 398 1677 4247 101 2307 3990 1416 352 4555 4145 4772 4350 1917 668 2648 439 2342 2704 4389 745 2440 3777 1065 1951 2649 4719 3743 3985 1355 1257 3550 3486 3029 3167 4406 4820 4631 3484 2052 565 3624 4186 1442 2635 1266 3817 3737 3617 1944 3314 2201 2223 3253
4633 2963 2366 4537 2279 2345 2188 375 3861 3381 2402 3794 196 1710 2153 55 2173 2189 3227 1957 4744 3729 333 1926 3265 278 3680 629 2677 1473 3352 4571 2094 3881 305 1969 2476 3386 1541 2602 2627 4943 2563 4163 3407 2858 1247 2331 4569 4053 2603 550 2613 4640 4247 4128 576 1600 1164 2772 2353 4417 4533 4184 3050 408 3276 2356 4745 4488 1672 1362 4207 4022 4120 3258 1261 3936 2297 1460 1799 3576 1914 289 3735 1826 2817 2352 723 15 2603 4854 4905 1323 3677 2977 2863 4725 1576 2779 4281 400 243 475 912 3884 4316 2563 138 2363 1672 2854 2720 2925 1164 1766 556 2741 1028 3986
799 601 1619 76 2027 1760 434 4067 4045 4164 3702 3858 3481 3707 3890 3311 4580 1957 4258 2734 1555 675 27 3265 3008 1486 532 1134 3522 3983 4412 4055 23 4953 733 4443 2740 3823 1029 3324 2887 2151 4457 344 3017 2780 1553 1328 1940 1691 4792 3476 1876 1695 742 758 2629 1924 856 3155 3684 1045 2364 4637 4730 3548 854 4374 2536 1313 1249 4976 3988 2913 4422 985 2404 4070 2508 1725 3682 2134 940 3068 880 3351 1374 4056 1973 4074 2570 2618 3798 4688 3959 3624 576 1794 3393 1151 2079 2538 2877 3520 1769 4484 377 1500 4711 2586 1411 939 217 311 2145 4182 1301 2393 3536 54
1377 2484 530 1395 3333 2145 573 829 4957 2321 4294 2792 4094 3329 3158 4190 1372 3505 2907 4648 2354 3095 4845 278 1486 4376 920 2725 25 3378 1296 1226 3561 1307 2665 3167 3187 1156 1379 2494 3542 4555 2335 2980 4611 4833 1860 2887 251 1090 1552 2332 3555 4248 766 1561 1558 2178 1024 3884 3315 3561 306 808 3419 36 1566 518 1978 1512 1771 4074 290 3246 691 1610 1657 284 3076 2792 3043 1613 1444 3787 1826 2911 1224 1421 2040 992 3685 4666 3243 4112 3074 1939 3196 1360 3745 708 2055 1433 475 2408 750 4769 2602 2477 4193 915 2604 507 4042 3478 3609 3822 2122 3455 1816 2030
3775 804 2189 4254 664 700 1752 241 108 3099 3094 500 3420 354 1338 3117 4007 1615 3688 2803 2740 4536 4911 3680 532 920 1753 3529 647 2070 2291 1956 819 2113 3782 1136 307 2224 1519 1837 4471 2253 4385 1723 4614 1757 191 452 4244 3742 3759 168 3172 1939 3696 2345 3059 3371 2073 2976 4067 4140 1376 160 4846 3259 4002 3341 4167 794 332 4067 93 3571 1885 1144 3021 4091 1886 3347 2358 286 2354 2852 3393 15 289 4509 4411 1458 2960 716 4566 4182 3397 2267 3695 4447 110 4633 4438 3618 4104 1634 2705 1827 1404 2495 496 154 3982 624 1978 2224 4835 545 1455 2962 343 1525
3864 765 3534 1768 3716 2103 581 3930 4404 3825 2287 2659 157 2303 1341 4774 898 4257 771 1596 2049 22 3657 629 1134 2725 3529 2421 645 1344 1526 597 1561 863 1009 2733 40 240 4795 2805 2475 2075 1184 578 4294 2968 2478 3269 1542 1461 3175 397 3551 1594 3509 3342 113 2648 2931 4860 3322 4741 31 1033 2588 4033 3680 2551 3483 436 1866 570 3136 1797 4827 227 4848 684 2283 3829 2299 1801 1800 3478 280 3204 2306 3978 3391 3464 2110 943 2438 1880 337 1208 906 341 4247 4857 861 4349 1539 2172 3996 2152 1628 2782 3241 75 1601 1174 2188 4102 4150 1295 4386 2057 423 2637
3099 4495 3053 2046 3928 2779 2227 1083 1353 1865 4355 3186 2406 3738 4173 234 1423 1721 1645 3380 953 273 3066 2677 3522 25 647 645 2907 2119 2542 4106 1494 3021 287 2360 1460 387 4479 3046 2644 130 567 4092 3500 3946 2595 1029 3691 2272 3392 2663 329 929 656 640 3239 1171 3503 4052 2321 3184 1830 4363 348 675 2990 1814 3849 1753 2170 1585 3156 563 3538 2968 1235 2072 658 4504 2514 2229 4267 510 3202 4762 4386 1788 4240 2467 84 3917 2166 318 1404 2532 1127 2872 4969 1685 1497 91 231 1152 1985 600 1235 1190 4376 1052 2615 4395 2557 4567 325 1073 193 2329 1212 615
2881 4478 3821 555 2208 2867 4342 265 127 480 1807 73 1199 500 1018 4525 555 2370 3735 322 1636 4407 1884 1473 3983 3378 2070 1344 2119 4691 3802 2976 1243 690 1349 4801 4602 2304 4698 2577 307 461 4564 3416 3701 882 751 4421 4833 1360 3476 1582 4891 1539 1789 707 4723 1361 4086 3095 2551 1331 4165 4731 19 293 2532 84 3025 415 1192 615 1630 1610 3365 3308 4090 4145 3625 3832 210 822 4013 355 2454 2342 3094 4659 1059 83 1141 2983 668 2839 4333 4098 1889 964 2024 2133 171 4158 3441 3288 2705 300 2339 1091 4741 2936 1728 1848 1844 2234 1446 1479 3649 2002 337 776
4023 237 3950 4549 35 837 2204 2048 1071 4247 4513 2219 1894 2129 4123 1269 3818 1929 3155 3935 1633 791 2010 3352 4412 1296 2291 1526 2542 3802 3064 309 3666 1338 920 3700 919 4323 695 3382 4188 552 1831 1843 2615 2328 2660 2998 99 410 3236 1092 1998 2465 1538 60 2228 1653 53 1631 1821 1151 1077 196 4585 933 4793 1561 693 2177 3972 876 2907 1455 2965 157 4154 2777 2895 645 4496 3779 2082 2127 602 2697 3485 1259 4699 3723 1932 397 4129 3999 728 1716 2166 170 1686 3386 2748 2323 4900 1146 78 3573 2121 2372 3001 1516 4665 43 3555 2787 400 1513 2223 3233 1554 1490
1641 4226 2532 2555 2978 1357 3076 2616 2489 213 357 2348 2723 2408 380 2773 1774 1276 1287 2657 1841 1056 2898 4571 4055 1226 1956 597 4106 2976 309 791 307 2400 2353 4120 1389 115 3908 4666 2942 4792 4718 1669 960 4083 2318 66 2578 3057 1592 4525 4631 2122 3316 1011 2357 3229 2133 2501 4411 1451 1767 3886 1378 4785 1121 2915 4565 711 517 627 4866 1634 583 1279 3251 1637 4897 1884 2008 3708 3727 4232 735 2691 2399 3447 886 1151 3332 2938 4315 2537 4914 2205 3637 431 2679 4386 2833 2772 4108 451 3458 146 1972 2221 4153 2068 2349 775 2918 4791 544 2524 2765 2756 2765 4240
4780 873 3896 3287 4907 3512 141 4214 2228 3632 4014 2266 3981 472 4344 2284 3930 2264 2201 3989 3926 48 789 2094 23 3561 819 1561 1494 1243 3666 307 4966 2650 4611 2474 2982 3227 4400 848 4527 773 1640 4596 2113 3010 2219 4447 3019 4712 3362 4252 2123 4849 4368 4838 2339 1398 2575 1033 2994 1943 4910 4329 2782 3380 410 3679 2862 774 405 1264 1773 4631 43 2671 2013 1937 279 2812 1002 4721 1067 1467 4517 4356 2464 3314 4728 3168 2813 4205 2126 2395 451 4874 1510 2589 1312 1355 684 914 1387 3043 1195 4520 4065 1398 2110 2434 975 4832 1150 577 1457 1631 2453 2086 227 2369
1036 1453 2720 4395 3762 733 3154 1802 4491 834 3040 1945 844 2683 1742 358 2608 4840 4863 4159 2605 1097 1453 3881 4953 1307 2113 863 3021 690 1338 2400 2650 4709 2784 2199 3331 1046 1915 723 1415 278 1496 1462 2990 3990 4738 3658 711 4898 827 3055 3070 3670 2374 1563 4564 1019 4058 558 4043 2135 959 1649 2162 3782 3629 1346 3264 339 1424 247 3533 2658 2703 3311 4475 1665 3208 3029 2373 3281 1161 1491 4029 4823 1600 17 4015 1523 926 3970 2094 577 4302 1448 20 1318 924 482 1538 3023 2613 1910 1174 1551 3320 4988 3303 455 3239 829 1795 2229 2089 2040 2525 2278 2913 1080
1874 3345 3762 3492 282 3530 4279 3650 2456 1291 4411 309 3265 1660 1663 2199 4753 4991 4158 3810 4944 2863 3029 305 733 2665 3782 1009 287 1349 920 2353 4611 2784 1372 2758 2688 888 1190 1686 4192 363 3846 3809 3214 656 2877 1643 4857 3834 936 1820 2815 1608 4966 4956 3764 150 1077 4924 3954 3681 3153 2773 4476 3898 3300 1845 759 2092 2149 2720 3380 4824 4139 3324 1698 4752 1169 2444 3101 1976 2167 2972 1255 617 1952 1113 31 725 2282 4740 1802 3774 195 3776 3361 3401 937 2515 2867 4393 2051 1672 3814 722 2408 3216 4815 2349 4251 959 100 1667 623 1423 3458 578 903 1594
2869 1008 1577 4324 1749 2546 951 435 3432 3695 1667 1884 866 1898 3599 1827 1497 3474 3650 3688 3202 3255 87 1969 4443 3167 1136 2733 2360 4801 3700 4120 2474 2199 2758 62 1480 2490 1457 3667 3252 88 736 4327 503 1526 2141 2112 2802 3345 1345 4637 1341 1981 3358 2665 3511 2253 3593 1769 753 4784 3632 1240 1011 4630 4515 3080 4035 1988 3152 2954 622 1022 1291 3857 3560 511 4998 4614 3334 278 4331 3401 1241 2139 4047 1769 366 4007 2969 4975 939 187 2179 1982 1678 4131 4426 3435 3622 796 2528 3925 4699 2223 3166 1377 4443 2870 2489 2220 3778 468 3573 3907 2634 4420 104 524
2457 536 350 3553 3832 2615 110 3930 4418 4627 305 2146 4837 605 3886 32 2116 3398 3774 2250 2888 1239 4375 2476 2740 3187 307 40 1460 4602 919 1389 2982 3331 2688 1480 45 1877 2654 833 234 2863 1784 993 2013 2319 3558 4510 1275 4690 4172 3492 1360 133 4326 267 4590 10 2719 754 3333 434 3798 838 3531 595 1005 432 3399 3776 379 730 3275 2426 2667 3902 4121 828 1191 3507 2539 3921 2554 4141 3745 306 2565 4405 4136 4436 1043 3447 951 2257 2448 817 1786 1547 1744 1792 4316 2001 1323 4221 2322 2638 2729 771 2309 3065 2332 2815 4923 948 3204 2667 3758 596 4260 2325
871 2865 3047 70 2612 4091 3451 4613 219 3095 4689 1561 1814 2813 3540 2995 3241 2023 4903 1571 3790 1685 3813 3386 3823 1156 2224 240 387 2304 4323 115 3227 1046 888 2490 1877 4185 2581 2142 4476 3429 1416 194 454 1822 4853 532 171 4573 4628 2155 3910 812 4555 2319 1568 769 1573 1843 810 184 2956 4228 768 599 2655 2592 1987 1581 4802 3257 4129 3893 4374 2723 4176 783 3467 671 1839 1913 836 2625 1983 3911 2715 3804 3227 3360 3475 2368 3736 3393 3742 4833 2999 2844 2753 1501 2865 3874 4428 4049 3735 4134 4580 2604 4829 4401 10 1955 3676 2862 4784 3243 3023 4945 185 3589
3153 4212 2852 4723 861 4727 3574 272 3730 3238 2987 3727 3805 458 4115 1703 2137 3177 1297 1525 4953 2893 4222 1541 1029 1379 1519 4795 4479 4698 695 3908 4400 1915 1190 1457 2654 2581 1445 4643 512 4350 940 4809 109 3419 1777 333 4400 3573 4243 1127 2977 3954 2055 1604 3017 3579 3781 4805 3155 2754 4501 4051 1956 230 873 791 1745 17 3742 1692 4915 3575 4746 3448 4183 3336 1492 4953 4218 4938 2725 3698 2525 4678 410 4644 1238 2219 2513 2343 810 3558 4651 2698 178 2660 2004 871 4692 2224 714 4878 3907 4973 2655 4331 3855 2830 3943 3491 1389 222 4355 1640 3047 4699 560 4370
391 4995 30 228 2853 1007 3484 3385 4930 1280 2339 4232 3436 1976 3111 4251 1843 4973 4671 3411 3863 134 2395 2602 3324 2494 1837 2805 3046 2577 3382 4666 848 723 1686 3667 833 2142 4643 1942 4734 3916 674 967 840 1298 2435 474 493 3679 289 1497 514 416 1220 1783 1006 4601 4687 717 1026 3299 2957 92 2164 163 4096 557 2241 1899 3764 2999 3124 26 4181 4692 3718 3638 3137 2570 3299 3247 2565 3090 1858 1813 1303 3600 4148 2292 878 2879 3067 4114 4336 3509 147 1245 2388 1534 2979 4778 1376 326 3029 633 3570 4989 437 2400 436 3915 4254 827 15 3391 4091 3554 1640 2591
2209 1646 3504 983 215 4231 1423 1962 1765 145 3691 188 3721 673 4785 516 730 4481 2607 2078 3143 438 3632 2627 2887 3542 4471 2475 2644 307 4188 2942 4527 1415 4192 3252 234 4476 512 4734 1859 1639 2545 3355 4845 4839 4511 2965 2090 4669 798 742 1455 843 3473 496 4929 3035 866 3518 3311 2948 4463 3950 1318 3278 2190 3952 3070 153 3141 4781 3976 4787 2703 4588 4092 3597 26 3330 4534 658 1594 126 2535 2740 333 4076 417 3298 407 1409 564 1512 3811 4367 2722 2348 3063 1465 778 3433 3534 1545 3442 370 3193 4283 2401 3105 3377 3026 4603 446 3775 2503 911 2532 1469 2856
2329 149 1441 4409 3165 474 211 2194 2655 588 1225 703 655 1041 3586 1276 2203 4314 2678 1631 4753 4010 2721 4943 2151 4555 2253 2075 130 461 552 4792 773 278 363 88 2863 3429 4350 3916 1639 494 2167 2789 3975 501 617 2228 552 2683 3394 4247 4459 4174 2660 384 1277 3241 35 2828 2144 941 1735 2086 922 926 2261 1854 2604 4560 4707 449 857 3163 3293 1536 1783 3828 473 4073 4528 2855 1839 1815 74 365 2714 2890 731 2898 3013 4413 2134 2350 1908 3088 3840 4089 4387 2407 2637 3026 1649 3947 3451 979 4383 4262 549 2511 2957 2620 959 3291 910 2225 303 269 2099 662
2433 1469 2808 4118 4296 3554 99 3064 4398 829 3621 4698 3030 3196 3325 4125 4223 2942 3866 1517 57 3871 3111 2563 4457 2335 4385 1184 567 4564 1831 4718 1640 1496 3846 736 1784 1416 940 674 2545 2167 4886 1234 1146 1183 1033 706 897 4538 4932 1205 1394 3802 1874 1406 1935 1170 2425 3404 3077 4422 1277 629 3040 86 1256 4227 4715 1624 4029 2007 77 1590 78 4518 4848 4854 4143 3661 1999 1408 3366 2239 1454 1939 350 3776 239 2589 624 2416 645 3670 790 1652 610 1587 523 627 2496 1979 2705 1022 4717 1278 4043 563 763 2088 3918 2759 4511 2053 3276 2919 3466 1945 3770 2416
4616 449 4864 2292 1653 2893 2769 1283 4809 2617 3122 1257 1671 4051 376 4929 2077 1890 1565 189 2742 893 2207 4163 344 2980 1723 578 4092 3416 1843 1669 4596 1462 3809 4327 993 194 4809 967 3355 2789 1234 4648 4365 4408 3638 3726 791 2720 1858 4663 385 3325 2025 1115 2541 1662 1443 710 2846 1155 1456 215 252 1881 3805 3381 227 2019 4542 616 4298 1384 2520 451 2110 2523 2641 517 2578 851 4613 1107 3108 1400 2751 4056 3807 781 2617 2785 44 2279 1781 2503 2464 3075 2813 937 1994 3997 283 1253 4385 4275 1411 2053 4255 665 4998 3636 1956 1467 3561 3965 3861 2870 3459 2773
2640 4543 2231 2444 3317 3866 2714 4310 806 1083 3811 4888 3689 2227 1760 960 938 4057 480 1442 2103 4555 4494 3407 3017 4611 4614 4294 3500 3701 2615 960 2113 2990 3214 503 2013 454 109 840 4845 3975 1146 4365 4546 4894 952 1932 1228 460 152 3643 1701 2000 33 2371 2151 570 2123 3065 1958 4762 3044 2115 479 601 4330 1210 3382 2218 2135 3084 529 3307 4587 2755 3116 1829 2193 3147 2668 2899 2879 2727 610 4928 4809 3219 3735 3010 2655 3151 3324 789 2677 4889 160 4459 3621 697 3604 3637 3497 705 563 234 2223 711 3244 1074 1367 4494 2254 1882 2330 4602 2616 3276 1232 2595
1629 1659 4724 4402 755 4726 657 2096 1723 2054 2976 4349 3983 1891 1531 2529 2810 4387 1884 4401 3586 1423 569 2858 2780 4833 1757 2968 3946 882 2328 4083 3010 3990 656 1526 2319 1822 3419 1298 4839 501 1183 4408 4894 3021 371 4512 847 1750 3816 1068 4135 4970 1087 3908 2475 4220 2781 3232 4632 1941 4608 2057 2662 2032 829 610 36 127 595 1173 3669 3785 119 664 4601 2946 447 2692 2844 4098 1445 2678 4878 1990 785 4904 1985 4988 271 2501 4012 565 1213 4312 809 1510 456 2393 1597 2876 2277 4955 4939 202 746 2781 952 4622 1154 1786 4157 1606 539 3271 1357 1670 3210 4689
2381 65 149 2440 1232 1730 278 4135 1472 1649 1752 2395 2750 2364 51 4594 4963 1090 282 1616 3858 2288 3075 1247 1553 1860 191 2478 2595 751 2660 2318 2219 4738 2877 2141 3558 4853 1777 2435 4511 617 1033 3638 952 371 2581 4318 2789 395 4930 2518 202 1455 1851 1233 3418 3618 3282 3436 3707 1587 3312 460 4368 367 3122 3403 318 2010 4704 2976 1137 360 2611 3856 4724 1095 2231 355 3181 3181 1418 3527 673 4403 4751 3442 4554 2279 2348 2332 3070 3190 2518 4438 1572 3002 2087 1197 1537 651 3235 1717 3578 3062 4139 2262 4355 2598 4765 2310 3434 876 1239 3258 701 4105 3049 1450
117 1631 1651 3052 1565 2998 2830 3622 2860 2276 1640 4969 4224 162 3621 4168 4359 1407 3326 1861 129 3109 1655 2331 1328 2887 452 3269 1029 4421 2998 66 4447 3658 1643 2112 4510 532 333 474 2965 2228 706 3726 1932 4512 4318 687 3616 3576 685 1094 287 3883 3523 669 2227 2167 4922 2690 4085 34 1314 250 4592 4670 321 951 4171 3605 2878 689 1502 512 3301 4003 4860 3886 3399 1719 402 2328 2803 4478 2674 3093 396 3292 2393 2996 1069 4075 4364 1774 298 2226 1925 1063 964 4266 1289 4354 4282 3439 3195 4542 4885 2659 3585 2926 2958 3547 4725 4168 2818 2785 2866 3633 3983 2849
3025 989 2174 4631 3015 2706 226 3218 1463 4786 4945 3212 214 2980 1955 3369 3772 3730 3751 36 4015 4859 1873 4569 1940 251 4244 1542 3691 4833 99 2578 3019 711 4857 2802 1275 171 4400 493 2090 552 897 791 1228 847 2789 3616 117 113 4819 4488 2563 1690 575 167 3443 1444 4796 559 1895 1008 4786 2658 648 4305 4171 4427 4083 3210 4629 2433 1216 4986 370 2568 423 2404 4934 3481 843 2865 4042 850 723 953 507 1702 1956 3908 4351 3792 4401 2761 4755 1861 3964 2918 3693 3531 4531 1103 4547 1122 1379 1087 1064 2158 4341 3307 96 4734 3416 4734 1830 86 4197 1857 805 2689
3736 3619 2362 1136 4767 3553 1322 2638 3420 1521 2840 734 1486 211 4931 47 2414 41 337 4282 3876 3889 79 4053 1691 1090 3742 1461 2272 1360 410 3057 4712 4898 3834 3345 4690 4573 3573 3679 4669 2683 4538 2720 460 1750 395 3576 113 2965 3551 2011 4473 3342 3436 387 845 1499 4549 832 356 798 2848 3590 1016 2911 1269 2359 3619 3615 3568 1548 1134 4411 3761 4076 496 2973 1132 1754 3643 4322 4752 2878 199 3009 2193 1168 4106 3219 2656 2338 3596 4575 927 1856 3897 2771 2028 4822 4843 4985 2440 1673 4836 925 2508 792 3895 3076 2800 1623 4281 4478 4168 4128 1070 808 419 704
1213 4331 3985 4260 4939 4369 1203 1541 1411 546 3481 153 1144 2120 4062 24 4255 4142 1995 1329 2432 3342 4545 2603 4792 1552 3759 3175 3392 3476 3236 1592 3362 827 936 1345 4172 4628 4243 289 798 3394 4932 1858 152 3816 4930 685 4819 3551 431 2598 4941 4236 4874 2695 4558 816 59 2295 2026 1544 4585 1696 958 1196 317 354 4121 4949 1520 4808 3161 2022 492 3535 2150 3801 622 1336 1244 1468 3087 1228 1733 1360 2037 3121 2385 1482 1061 470 1779 4696 4656 3285 1727 2293 2538 840 783 434 1562 1848 1750 3008 373 3132 4218 2147 4467 455 3718 2212 2193 4746 3666 2515 1442 4236
841 1751 2831 2164 322 4974 1491 3546 476 2979 3094 3367 215 3073 4671 4129 1020 1264 1932 687 606 2048 1052 550 3476 2332 168 397 2663 1582 1092 4525 4252 3055 1820 4637 3492 2155 1127 1497 742 4247 1205 4663 3643 1068 2518 1094 4488 2011 2598 4324 4165 1127 118 4807 1596 3754 657 4498 1248 3252 3311 1970 1958 917 1788 3662 1343 354 4165 641 4235 1798 3949 962 3203 783 3806 4163 1612 2280 4539 3609 3613 2523 641 1552 43 235 3419 761 1240 3310 4356 4386 3921 3329 2605 1696 2694 4651 3784 2224 4664 1984 4260 4867 3789 2824 1497 3548 1244 3248 4764 2402 4020 928 1498 3567
3990 1016 1616 391 4491 594 874 324 2954 458 3875 332 4812 1608 540 2959 3191 2405 1017 3912 4497 3859 400 2613 1876 3555 3172 3551 329 4891 1998 4631 2123 3070 2815 1341 1360 3910 2977 514 1455 4459 1394 385 1701 4135 202 287 2563 4473 4941 4165 1397 3344 465 2858 681 2094 4438 3606 4623 1873 59 3806 2036 2596 411 4847 380 1194 1229 3298 723 2418 4590 979 3298 2099 3367 1696 475 2315 1697 2410 158 1259 3191 1525 1593 667 1518 1300 258 2980 3601 3962 2764 647 830 961 453 3862 786 3734 2027 708 2096 3925 1219 4048 456 544 3680 2660 2777 4990 3690 2658 4955 1829
3622 682 3952 4020 2866 4793 920 513 2903 1786 3987 3668 2551 3864 1888 1000 1131 2449 1838 1816 1391 2928 1561 4640 1695 4248 1939 1594 929 1539 2465 2122 4849 3670 1608 1981 133 812 3954 416 843 4174 3802 3325 2000 4970 1455 3883 1690 3342 4236 1127 3344 2223 4530 3505 2586 1013 2650 4238 2601 1368 366 2335 1226 4686 381 3564 569 430 4077 226 2838 3704 22 4525 187 2946 850 354 971 518 2923 2670 4656 1366 1500 414 2695 2864 4715 2527 3092 3726 4230 3882 2478 4371 2299 856 1177 1124 1915 537 4024 4243 1400 2209 3084 4738 4436 717 3929 10 3925 436 2822 270 4834 2942
3427 3357 1443 674 3773 1784 3938 4174 466 4455 2890 2831 1869 4006 3943 1930 2771 1857 1051 4278 1508 1134 299 4247 742 766 3696 3509 656 1789 1538 3316 4368 2374 4966 3358 4326 4555 2055 1220 3473 2660 1874 2025 33 1087 1851 3523 575 3436 4874 118 465 4530 816 3712 1533 3992 1375 4342 1242 3754 4786 2102 3611 736 4696 1090 2796 981 1993 3389 2915 2076 4867 4289 208 1994 261 1396 593 2255 80 407 4053 3886 2744 2244 1305 4651 289 3008 2944 2214 1396 2302 1938 4595 1167 3202 3519 198 1633 1816 1067 1539 545 3666 4728 988 2255 3988 865 1873 183 4198 2827 3274 4063 3394
4357 2265 3835 2855 45 3440 3029 2849 2499 3961 2558 1522 4317 2443 4353 4683 2674 3751 883 3651 1167 3592 3044 4128 758 1561 2345 3342 640 707 60 1011 4838 1563 4956 2665 267 2319 1604 1783 496 384 1406 1115 2371 3908 1233 669 167 387 2695 4807 2858 3505 3712 2322 1937 1293 3680 4969 283 2782 2327 1798 2157 2526 3133 2507 3519 594 940 2261 4522 2173 3934 4216 2090 612 3489 4394 1064 4025 4684 3403 4729 2588 376 29 4286 2029 2370 2990 2625 1395 901 2960 722 1818 697 2240 224 2053 4059 2622 3826 2893 2552 491 2718 3597 4606 2069 2378 1582 1964 3431 2328 1750 4449 4573
4105 3369 3887 466 2589 2982 4494 2955 193 2739 412 4968 3517 2714 470 1230 2148 3157 1785 4254 307 1325 495 576 2629 1558 3059 113 3239 4723 2228 2357 2339 4564 3764 3511 4590 1568 3017 1006 4929 1277 1935 2541 2151 2475 3418 2227 3443 845 4558 1596 681 2586 1533 1937 3611 937 2318 4637 3318 1677 4703 1633 4518 2598 3114 739 3130 39 2273 778 670 1032 333 2974 3611 2974 2141 2239 1246 4032 2359 4062 3182 4290 692 3668 733 4057 1369 2308 2235 3987 1488 1483 2888 279 3139 547 1760 2500 2853 4017 829 1010 2818 4872 2130 1363 2637 4326 865 620 2727 1062 3026 2350 2566 2501
4677 4134 1731 4508 1936 2447 3970 329 459 671 1896 760 3685 1578 1478 3734 1511 2219 832 1201 4960 4945 1401 1600 1924 2178 3371 2648 1171 1361 1653 3229 1398 1019 150 2253 10 769 3579 4601 3035 3241 1170 1662 570 4220 3618 2167 1444 1499 816 3754 2094 1013 3992 1293 937 3420 4099 3748 3324 3281 2399 227 3044 1152 3716 3915 3854 400 2594 1865 4579 4040 1832 4000 100 1720 3130 3940 3713 2278 1787 3191 433 3358 174 582 2805 391 127 4540 2527 169 2232 1193 4718 4350 1471 4896 3309 4437 469 3646 4848 4395 4417 1033 876 2030 1041 3326 2949 4101 3573 3526 2923 192 2168 4298
4791 2848 4009 4110 2914 3359 2424 2885 940 243 2287 4612 600 3993 53 4754 785 1371 3935 539 877 3532 403 1164 856 1024 2073 2931 3503 4086 53 2133 2575 4058 1077 3593 2719 1573 3781 4687 866 35 2425 1443 2123 2781 3282 4922 4796 4549 59 657 4438 2650 1375 3680 2318 4099 1826 4559 1663 1586 4346 2883 3185 1883 1131 2919 3526 200 1352 748 4788 2079 2988 184 4458 1460 1038 732 192 2098 1360 3175 1495 801 4718 523 4984 847 1545 1657 849 3441 1923 568 3127 3895 3409 4146 620 3036 3655 1656 1988 4272 1075 2031 4351 4090 1227 4663 3244 4746 935 3388 1971 822 3920 16
3458 3665 4497 839 3779 1116 535 2782 4190 4554 4214 1430 1350 4146 4955 1728 3907 1865 2380 2850 1176 4000 1457 2772 3155 3884 2976 4860 4052 3095 1631 2501 1033 558 4924 1769 754 1843 4805 717 3518 2828 3404 710 3065 3232 3436 2690 559 832 2295 4498 3606 4238 4342 4969 4637 3748 4559 2180 2099 3372 3180 4616 278 4278 2095 1634 979 4150 35 4001 3289 4402 3415 215 3602 2667 726 1119 3367 4515 2777 891 3618 567 1817 3378 1954 2898 1391 3585 469 4427 2987 2014 371 436 328 3444 2993 4174 144 2585 4470 1862 844 1180 1708 3321 1063 4907 3493 137 3566 1016 2561 2452 2066 4283
602 506 4013 1155 1657 4746 4836 138 4555 4190 2414 4890 509 3561 727 1473 2700 842 1024 3856 1181 879 626 2353 3684 3315 4067 3322 2321 2551 1821 4411 2994 4043 3954 753 3333 810 3155 1026 3311 2144 3077 2846 1958 4632 3707 4085 1895 356 2026 1248 4623 2601 1242 283 3318 3324 1663 2099 2468 589 4153 693 1900 3180 2843 2694 2301 876 2021 3872 778 3799 4354 64 1387 806 1521 2416 4508 344 4655 2253 4701 4035 2012 578 189 1558 2690 4176 2297 4075 639 3380 3928 4795 1157 2741 1066 1204 3897 3348 795 169 2010 2064 509 721 1472 2845 4955 736 4488 3629 3542 930 3629 4383
4815 4365 4669 3523 1372 913 4302 1765 4030 771 3807 277 2389 3532 859 3087 3738 585 421 3182 3143 3382 2900 4417 1045 3561 4140 4741 3184 1331 1151 1451 1943 2135 3681 4784 434 184 2754 3299 2948 941 4422 1155 4762 1941 1587 34 1008 798 1544 3252 1873 1368 3754 2782 1677 3281 1586 3372 589 531 4035 4974 4870 4217 1088 228 3409 3450 4278 3757 3378 3599 2072 1187 2721 4911 4199 2313 3268 4882 4082 1311 3694 2717 1780 4122 462 2284 2516 2993 3079 3969 126 3341 3156 1286 3276 1751 2772 1478 4214 3560 4926 4292 114 4513 38 1216 2546 1629 3441 2803 4748 3438 1973 4024 519 1845
1792 1018 2556 4753 3486 3706 3884 266 229 1574 1878 2202 1063 1095 4744 2773 4094 1019 1372 3774 2177 3390 1582 4533 2364 306 1376 31 1830 4165 1077 1767 4910 959 3153 3632 3798 2956 4501 2957 4463 1735 1277 1456 3044 4608 3312 1314 4786 2848 4585 3311 59 366 4786 2327 4703 2399 4346 3180 4153 4035 337 2175 2655 685 2700 1071 4366 4439 2773 1903 4683 1042 1269 3338 1630 2238 4767 4971 4052 2300 4517 201 2555 2711 4562 3265 4867 2926 2049 1073 647 4000 2946 1913 2467 4327 1802 1887 3099 890 4886 4808 419 2696 4331 1023 4546 3139 4306 1971 1438 4263 2018 2331 3970 1134 4013 3129
2055 495 378 2530 760 4430 1557 4624 3849 2124 4964 3664 1277 4722 4151 25 132 2597 234 2497 1594 4163 2292 4184 4637 808 160 1033 4363 4731 196 3886 4329 1649 2773 1240 838 4228 4051 92 3950 2086 629 215 2115 2057 460 250 2658 3590 1696 1970 3806 2335 2102 1798 1633 227 2883 4616 693 4974 2175 4774 4531 1523 1833 4928 965 3956 676 3770 1004 2029 2629 536 2030 2995 3991 1904 2144 96 170 2237 2687 2427 4645 917 2038 4817 2900 2783 863 1793 4758 602 4010 4228 419 781 244 4776 1504 1563 3672 4052 1859 2482 4492 1903 2041 1990 4688 488 341 3122 4707 2947 108 3183
44 3046 113 4642 1355 1695 197 2902 2116 736 3688 172 3988 4215 3212 756 2153 4389 3714 3681 559 1035 1543 3050 4730 3419 4846 2588 348 19 4585 1378 2782 2162 4476 1011 3531 768 1956 2164 1318 922 3040 252 479 2662 4368 4592 648 1016 958 1958 2036 1226 3611 2157 4518 3044 3185 278 1900 4870 2655 4531 253 2685 1755 20 585 3609 3911 4983 1527 4630 827 271 3095 4468 2835 2815 3788 173 4335 2608 1906 419 2472 3075 3748 3509 4887 3092 557 1039 966 2503 1890 1415 3450 3195 1797 4398 1716 1221 3909 1935 3700 3829 1709 3120 3590 1214 2415 4666 3632 2290 3072 1660 1861 39
2967 1953 3327 2942 2626 4520 1754 125 881 1753 3166 2039 1635 4492 1389 3582 3444 4635 2471 2502 2867 2087 581 408 3548 36 3259 4033 675 293 933 4785 3380 3782 3898 4630 595 599 230 163 3278 926 86 1881 601 2032 367 4670 4305 2911 1196 917 2596 4686 736 2526 2598 1152 1883 4278 3180 4217 685 1523 2685 1707 3454 3027 2939 4657 2169 3075 3580 2410 3325 1564 4989 1892 2018 4782 2453 2360 4572 4556 1701 3591 2949 469 4127 3275 1133 1564 795 3684 2476 2763 2325 1435 2620 4642 1640 2849 2211 4778 73 3730 546 2332 2622 482 2393 3951 4313 3359 210 2122 988 2730 428 3314
4915 2034 3386 3320 1044 4918 1877 2651 99 3631 3185 2891 1835 4124 212 1432 3173 3928 2905 3837 3117 90 986 3276 854 1566 4002 3680 2990 2532 4793 1121 410 3629 3300 4515 1005 2655 873 4096 2190 2261 1256 3805 4330 829 3122 321 4171 1269 317 1788 411 381 4696 3133 3114 3716 1131 2095 2843 1088 2700 1833 1755 3454 475 3419 2572 1685 848 4243 4586 315 4577 1739 2782 3118 1578 4734 640 1198 4539 2167 4470 1353 693 3811 3152 1532 745 3083 76 3142 320 834 1301 4329 859 2326 707 2447 3027 4429 825 2717 4793 4346 83 4782 1341 2948 3999 4511 1067 214 4543 1963 1084 3431
4889 3945 2522 69 4615 733 3528 4541 4864 1814 3412 747 635 3637 15 432 1229 2443 3025 4352 1959 2244 398 2356 4374 518 3341 2551 1814 84 1561 2915 3679 1346 1845 3080 432 2592 791 557 3952 1854 4227 3381 1210 610 3403 951 4427 2359 354 3662 4847 3564 1090 2507 739 3915 2919 1634 2694 228 1071 4928 20 3027 3419 3074 2740 3690 2219 4882 741 3250 947 3866 2244 2074 1945 4928 4629 4376 4398 526 2598 1326 4176 32 1865 2430 3158 2301 2159 2721 2362 2830 2189 2432 4311 3067 523 2805 4154 3416 4324 4897 635 2150 2552 1233 1364 3932 749 1937 313 1496 3383 1493 3346 2362
3577 4899 3920 4436 250 1969 3462 3523 1052 135 717 4147 1270 4252 1738 3598 2626 1810 2135 1151 1924 2727 1677 4745 2536 1978 4167 3483 3849 3025 693 4565 2862 3264 759 4035 3399 1987 1745 2241 3070 2604 4715 227 3382 36 318 4171 4083 3619 4121 1343 380 569 2796 3519 3130 3854 3526 979 2301 3409 4366 965 585 2939 2572 2740 473 1202 584 4755 4201 4338 4383 1798 2745 4739 3846 3649 3326 4964 4003 4652 4744 3099 451 1885 3350 1712 425 3486 3777 4910 498 741 1248 479 3509 3300 4719 1135 1795 3920 439 3468 1961 2421 1729 4902 1265 3928 4396 2100 4479 509 2020 1690 1355 3431
1281 3962 129 2372 2052 480 331 4361 3218 4756 2903 1098 4010 4327 1172 292 4033 1228 67 4539 2463 1924 4247 4488 1313 1512 794 436 1753 415 2177 711 774 339 2092 1988 3776 1581 17 1899 153 4560 1624 2019 2218 127 2010 3605 3210 3615 4949 354 1194 430 981 594 39 400 200 4150 876 3450 4439 3956 3609 4657 1685 3690 1202 3422 1655 344 4594 4016 502 4735 4743 2005 241 4922 3317 3680 1237 244 3511 273 1151 2130 1581 1073 4654 1942 3506 2419 3187 3330 986 4866 3732 816 4478 358 4522 117 4571 526 1930 4862 3839 813 1015 3551 2288 3709 1410 2866 2640 648 1479 3576
1865 4350 4554 3183 3698 2940 2680 2722 634 4685 1435 3632 3991 4284 1142 1724 4986 1175 1929 1659 741 2120 101 1672 1249 1771 332 1866 2170 1192 3972 517 405 1424 2149 3152 379 4802 3742 3764 3141 4707 4029 4542 2135 595 4704 2878 4629 3568 1520 4165 1229 4077 1993 940 2273 2594 1352 35 2021 4278 2773 676 3911 2169 848 2219 584 1655 749 2516 4416 2686 760 1037 4254 3166 4138 1584 4400 2309 3408 549 397 791 1107 3683 4021 1603 2188 3055 4220 1513 4497 1295 1717 2967 1624 4927 559 1134 2298 3830 339 1891 2412 2253 1877 4361 1436 353 4808 3816 2896 3889 2009 3794 2794 376
4322 2405 1123 4987 3314 1150 4688 1689 2287 3689 2502 433 278 1833 3447 1291 2367 3542 1283 3859 2839 3145 2307 1362 4976 4074 4067 570 1585 615 876 627 1264 247 2720 2954 730 3257 1692 2999 4781 449 2007 616 3084 1173 2976 689 2433 1548 4808 641 3298 226 3389 2261 778 1865 748 4001 3872 3757 1903 3770 4983 3075 4243 4882 4755 344 2516 4499 2852 1499 1326 3516 4740 2979 2357 2730 995 4880 2592 3263 1407 2214 2644 2450 3502 4339 692 956 4478 3937 3392 4934 4181 717 1280 500 4825 1131 4827 593 2375 431 4294 797 3872 3121 3854 3463 124 3021 3014 966 2801 1912 143 4718
1181 1497 2129 4253 2179 1612 4383 4183 1022 1965 57 1973 2611 746 1031 2885 3391 3972 4697 958 3068 4686 3990 4207 3988 290 93 3136 3156 1630 2907 4866 1773 3533 3380 622 3275 4129 4915 3124 3976 857 77 4298 529 3669 1137 1502 1216 1134 3161 4235 723 2838 2915 4522 670 4579 4788 3289 778 3378 4683 1004 1527 3580 4586 741 4201 4594 4416 2852 783 2574 833 4387 1386 1000 1906 1789 4128 430 120 979 1190 3561 1402 483 372 4445 703 1731 3677 944 470 1319 348 3476 3583 4401 3937 4964 4510 3677 3471 4166 4137 4710 4071 4970 2562 118 4091 4134 3245 1266 158 2375 2555 4767
2935 4623 4104 1821 2436 350 1693 4713 2382 361 3939 2509 1941 993 3751 2185 3658 1453 2233 2129 3250 1005 1416 4022 2913 3246 3571 1797 563 1610 1455 1634 4631 2658 4824 1022 2426 3893 3575 26 4787 3163 1590 1384 3307 3785 360 512 4986 4411 2022 1798 2418 3704 2076 2173 1032 4040 2079 4402 3799 3599 1042 2029 4630 2410 315 3250 4338 4016 2686 1499 2574 3802 596 2415 2293 3960 1512 4298 1841 4782 591 4464 4277 3464 1173 67 332 1045 1711 2631 109 1234 2883 2322 3556 1635 4828 2970 2297 617 239 3114 1236 2544 4538 3220 48 3719 144 3122 2928 2469 528 201 1895 632 4911 3309
3624 1701 4402 52 3623 496 937 4820 320 4820 972 2819 1819 2697 2786 1967 1983 3289 2778 4880 4238 2867 352 4120 4422 691 1885 4827 3538 3365 2965 583 43 2703 4139 1291 2667 4374 4746 4181 2703 3293 78 2520 4587 119 2611 3301 370 3761 492 3949 4590 22 4867 3934 333 1832 2988 3415 4354 2072 1269 2629 827 3325 4577 947 4383 502 760 1326 833 596 3728 4229 3415 2859 2627 4702 3011 2628 3935 1931 45 3896 1286 29 3217 1743 1819 1231 3772 4837 1175 4198 4026 93 1186 1788 3628 1484 1863 615 2298 4042 2589 3885 1923 3071 4816 4508 3146 4656 3320 3788 197 2996 2262 3683
4796 2960 1773 369 3157 4159 1010 4775 2896 1590 4234 3695 1635 865 1094 1393 1722 2629 286 1644 4047 1148 4555 3258 985 1610 1144 227 2968 3308 157 1279 2671 3311 3324 3857 3902 2723 3448 4692 4588 1536 4518 451 2755 664 3856 4003 2568 4076 3535 962 979 4525 4289 4216 2974 4000 184 215 64 1187 3338 536 271 1564 1739 3866 1798 4735 1037 3516 4387 2415 4229 2532 1519 2465 1933 2740 2162 415 2831 4916 2477 1166 2649 401 1719 1845 348 549 193 3400 505 3116 3592 4681 4117 442 1752 231 1921 1333 4166 1913 1585 1051 3945 2170 478 1843 1112 2689 3689 3306 3457 3728 3846 2876
1780 4734 4753 1968 3055 1409 3220 4471 4440 1113 2269 3390 1456 1619 4951 3876 2232 1277 2446 3207 3137 4149 4145 1261 2404 1657 3021 4848 1235 4090 4154 3251 2013 4475 1698 3560 4121 4176 4183 3718 4092 1783 4848 2110 3116 4601 4724 4860 423 496 2150 3203 3298 187 208 2090 3611 100 4458 3602 1387 2721 1630 2030 3095 4989 2782 2244 2745 4743 4254 4740 1386 2293 3415 1519 461 258 4130 4874 2427 1884 2800 307 3496 3799 4681 4753 2585 891 284 2548 3063 2823 1953 2832 547 280 4239 2955 4282 4059 3411 2281 3214 4877 4067 277 4011 2528 2291 2420 1784 2959 1804 4567 1940 2357 146 3762
1165 1103 4315 2196 2031 1599 3179 2163 1284 2378 4416 4865 130 1184 2985 804 2537 1183 843 1982 1652 2390 4772 3936 4070 284 4091 684 2072 4145 2777 1637 1937 1665 4752 511 828 783 3336 3638 3597 3828 4854 2523 1829 2946 1095 3886 2404 2973 3801 783 2099 2946 1994 612 2974 1720 1460 2667 806 4911 2238 2995 4468 1892 3118 2074 4739 2005 3166 2979 1000 3960 2859 2465 258 868 563 129 3665 4244 935 3077 2836 1559 1341 1837 1000 4336 2809 1547 3461 4022 651 4279 1626 1308 1979 1958 4531 633 4693 4100 2244 4453 1619 4875 4303 4965 4295 2590 1201 863 450 3181 1748 3337 682 1129
2244 3739 4725 2112 4091 3895 4825 4118 2763 4919 2857 4370 4810 4151 4794 2475 3292 134 4257 675 3337 3791 4350 2297 2508 3076 1886 2283 658 3625 2895 4897 279 3208 1169 4998 1191 3467 1492 3137 26 473 4143 2641 2193 447 2231 3399 4934 1132 622 3806 3367 850 261 3489 2141 3130 1038 726 1521 4199 4767 3991 2835 2018 1578 1945 3846 241 4138 2357 1906 1512 2627 1933 4130 563 2954 3714 1140 17 77 2761 523 3081 4457 234 4566 678 310 1688 612 4567 3332 2068 44 3203 4916 3569 2438 361 154 2255 2186 4174 2932 926 3362 3658 4716 1247 850 3224 2526 4878 478 1414 3671 1091
1599 1537 3736 2693 3635 264 2409 2285 1580 3810 704 1239 243 906 3061 2835 2825 2125 366 2901 2799 4582 1917 1460 1725 2792 3347 3829 4504 3832 645 1884 2812 3029 2444 4614 3507 671 4953 2570 3330 4073 3661 517 3147 2692 355 1719 3481 1754 1336 4163 1696 354 1396 4394 2239 3940 732 1119 2416 2313 4971 1904 2815 4782 4734 4928 3649 4922 1584 2730 1789 4298 4702 2740 4874 129 3714 2096 4696 4002 3146 2610 1195 267 4851 233 3541 1675 4520 4875 2938 1679 4474 2537 338 4794 4442 262 2083 1266 1860 4219 2770 4940 3308 2304 623 1372 1105 4300 1398 4194 4507 2093 2039 4212 836 4024
1081 2994 4725 114 4032 2076 266 3911 4336 104 467 2367 3574 2659 2721 2383 1191 2863 2315 2686 4039 3184 668 1799 3682 3043 2358 2299 2514 210 4496 2008 1002 2373 3101 3334 2539 1839 4218 3299 4534 4528 1999 2578 2668 2844 3181 402 843 3643 1244 1612 475 971 593 1064 1246 3713 192 3367 4508 3268 4052 2144 3788 2453 640 4629 3326 3317 4400 995 4128 1841 3011 2162 2427 3665 1140 4696 2951 1691 1268 4521 3199 3205 2759 1390 3835 4698 1790 573 4857 4816 2930 2019 3665 4650 3426 425 380 4936 2720 413 4721 4612 3750 4650 3971 4723 1934 2063 1063 1111 3487 149 1378 4146 2966 4125
1212 4548 604 1924 1144 1324 2931 2129 3740 3751 3191 4409 3688 4831 4244 4369 3037 2801 4897 3591 1266 4622 2648 3576 2134 1613 286 1801 2229 822 3779 3708 4721 3281 1976 278 3921 1913 4938 3247 658 2855 1408 851 2899 4098 3181 2328 2865 4322 1468 2280 2315 518 2255 4025 4032 2278 2098 4515 344 4882 2300 96 173 2360 1198 4376 4964 3680 2309 4880 430 4782 2628 415 1884 4244 17 4002 1691 3304 3638 1915 3543 1150 2627 688 2631 3555 3719 3073 3840 1592 55 927 919 4012 3113 3372 1734 1704 506 327 502 4236 4779 2461 2806 3682 1071 1758 14 3820 511 3916 4255 2665 2215 1715
3303 3313 3621 3401 4841 1717 955 4236 262 3712 1193 4069 1075 4893 2033 1690 864 4030 3556 1418 4888 2595 439 1914 940 1444 2354 1800 4267 4013 2082 3727 1067 1161 2167 4331 2554 836 2725 2565 1594 1839 3366 4613 2879 1445 1418 2803 4042 4752 3087 4539 1697 2923 80 4684 2359 1787 1360 2777 4655 4082 4517 170 4335 4572 4539 4398 4003 1237 3408 2592 120 591 3935 2831 2800 935 77 3146 1268 3638 817 509 900 1681 4414 3399 2854 4120 2697 3476 1065 2528 2203 825 1001 3569 3783 3809 2508 1007 2278 1059 618 1301 1907 2440 2931 4232 3240 457 2106 4044 1962 4570 3928 85 2947 1713
3169 2996 183 601 2509 744 425 4411 3887 1898 3388 2743 732 2710 4181 1632 1525 2007 3814 2843 2440 2042 2342 289 3068 3787 2852 3478 510 355 2127 4232 1467 1491 2972 3401 4141 2625 3698 3090 126 1815 2239 1107 2727 2678 3527 4478 850 2878 1228 3609 2410 2670 407 3403 4062 3191 3175 891 2253 1311 201 2237 2608 4556 2167 526 4652 244 549 3263 979 4464 1931 4916 307 3077 2761 2610 4521 1915 509 665 1684 2122 164 396 189 801 1042 2447 1337 4475 2743 2729 1780 4669 722 2676 537 159 2701 3458 3986 2993 4142 3221 346 190 2590 2922 4649 814 4900 164 831 1273 571 4407
415 3184 2039 3571 1533 670 3209 3874 4191 3331 4223 4769 1465 1983 4164 622 538 1835 995 1810 4125 2930 2704 3735 880 1826 3393 280 3202 2454 602 735 4517 4029 1255 1241 3745 1983 2525 1858 2535 74 1454 3108 610 4878 673 2674 723 199 1733 3613 158 4656 4053 4729 3182 433 1495 3618 4701 3694 2555 2687 1906 1701 4470 2598 4744 3511 397 1407 1190 4277 45 2477 3496 2836 523 1195 3199 3543 900 1684 2748 3586 3278 4170 4061 1041 969 4073 530 4961 2034 984 1291 581 3055 4230 4250 4638 396 1764 379 2538 2240 1120 2167 3169 2525 3304 3839 1283 3139 4124 2585 1720 4846 905
3937 138 368 37 2734 2259 1412 1460 1170 1740 87 1414 4738 3007 3389 553 4119 1778 2900 3955 1463 3634 4389 1826 3351 2911 15 3204 4762 2342 2697 2691 4356 4823 617 2139 306 3911 4678 1813 2740 365 1939 1400 4928 1990 4403 3093 953 3009 1360 2523 1259 1366 3886 2588 4290 3358 801 567 4035 2717 2711 2427 419 3591 1353 1326 3099 273 791 2214 3561 3464 3896 1166 3799 1559 3081 267 3205 1150 1681 2122 3586 1970 3665 3343 31 489 63 2907 83 3783 936 2887 3123 2430 2921 4770 499 2220 1834 2093 3389 2669 4854 2988 124 1040 2499 4243 1591 3997 2223 3879 4932 4084 1556 1051
966 2684 1580 381 4511 1448 4705 3882 4523 629 4193 1400 3313 584 3736 1859 496 2117 2274 2551 3959 2648 745 2817 1374 1224 289 2306 4386 3094 3485 2399 2464 1600 1952 4047 2565 2715 410 1303 333 2714 350 2751 4809 785 4751 396 507 2193 2037 641 3191 1500 2744 376 692 174 4718 1817 2012 1780 4562 4645 2472 2949 693 4176 451 1151 1107 2644 1402 1173 1286 2649 4681 1341 4457 4851 2759 2627 4414 164 3278 3665 3137 2724 87 4271 2858 2245 3706 1095 2040 3946 2056 4295 4411 4766 3493 1179 1104 1575 1764 4058 4273 866 4516 1765 865 2693 1125 3594 212 3127 4351 2183 3942 134
3232 961 3159 4452 4883 3034 3624 4507 1754 4635 3824 950 1180 3255 2565 1945 4663 2010 4458 3203 1861 3968 2440 2352 4056 1421 4509 3978 1788 4659 1259 3447 3314 17 1113 1769 4405 3804 4644 3600 4076 2890 3776 4056 3219 4904 3442 3292 1702 1168 3121 1552 1525 414 2244 29 3668 582 523 3378 578 4122 3265 917 3075 469 3811 32 1885 2130 3683 2450 483 67 29 401 4753 1837 234 233 1390 688 3399 396 4170 3343 2724 1604 4570 3419 3110 3738 4214 2615 3352 191 3914 4228 1829 947 3489 4392 2208 1079 297 1095 3212 1073 740 2474 3691 2131 4858 2137 552 1892 1219 4265 4429 1272
2613 4048 3670 4062 1463 4798 2617 3699 589 1004 3537 4425 3695 2031 3478 3893 2017 3217 4063 4551 2362 865 3777 723 1973 2040 4411 3391 4240 1059 4699 886 4728 4015 31 366 4136 3227 1238 4148 417 731 239 3807 3735 1985 4554 2393 1956 4106 2385 43 1593 2695 1305 4286 733 2805 4984 1954 189 462 4867 2038 3748 4127 3152 1865 3350 1581 4021 3502 372 332 3217 1719 2585 1000 4566 3541 3835 2631 2854 189 4061 31 87 4570 4273 4048 3907 3806 4660 4103 2332 2697 3427 1907 1847 4957 4059 3793 1814 1214 489 1191 3863 996 3488 2218 859 4480 2495 4929 1253 4793 2732 2832 1342 4370
1086 2158 1517 2050 3823 2152 391 2983 1154 3810 2473 3490 1443 2396 719 2421 2615 3013 2617 4105 4691 3255 1065 15 4074 992 1458 3464 2467 83 3723 1151 3168 1523 725 4007 4436 3360 2219 2292 3298 2898 2589 781 3010 4988 2279 2996 3908 3219 1482 235 667 2864 4651 2029 4057 391 847 2898 1558 2284 2926 4817 3509 3275 1532 2430 1712 1073 1603 4339 4445 1045 1743 1845 891 4336 678 1675 4698 3555 4120 801 1041 489 4271 3419 4048 885 3382 618 3674 894 2246 3686 2631 1692 4780 2761 1089 2026 425 1517 3488 4890 2294 2361 3527 629 2601 1574 3145 1222 195 2859 4889 4655 2578 1924
1547 4753 969 2251 2050 2846 635 3595 3149 4403 2950 4298 3220 3237 4793 4778 4298 4758 2427 4868 1543 4736 1951 2603 2570 3685 2960 2110 84 1141 1932 3332 2813 926 2282 2969 1043 3475 2513 878 407 3013 624 2617 2655 271 2348 1069 4351 2656 1061 3419 1518 4715 289 2370 1369 127 1545 1391 2690 2516 2049 2900 4887 1133 745 3158 425 4654 2188 692 703 1711 1819 348 284 2809 310 4520 1790 3719 2697 1042 969 63 2858 3110 3907 3382 2673 2697 3368 919 3982 3903 525 4119 3295 1514 357 4327 1905 2286 3890 238 4452 4935 3814 2866 2331 36 4231 4379 3159 469 3499 1444 3575 4795
2466 2235 2692 3540 568 505 2107 3911 2667 3979 3186 666 2711 3412 3583 817 1539 4098 298 2726 386 1736 2649 4854 2618 4666 716 943 3917 2983 397 2938 4205 3970 4740 4975 3447 2368 2343 2879 1409 4413 2416 2785 3151 2501 2332 4075 3792 2338 470 761 1300 2527 3008 2990 2308 4540 1657 3585 4176 2993 1073 2783 3092 1564 3083 2301 3486 1942 3055 956 1731 2631 1231 549 2548 1547 1688 4875 573 3073 3476 2447 4073 2907 2245 3738 3806 618 2697 4188 2566 1058 1715 2241 3073 3773 4945 222 4512 4819 899 2497 4565 393 1659 209 3372 2341 1183 437 2143 4190 2580 4017 1599 365 1300 372
4652 76 1368 3895 2600 2276 1467 3264 383 4725 1582 3168 1867 4333 18 3794 2316 521 4451 3116 748 2391 4719 4905 3798 3243 4566 2438 2166 668 4129 4315 2126 2094 1802 939 951 3736 810 3067 564 2134 645 44 3324 4012 3070 4364 4401 3596 1779 1240 258 3092 2944 2625 2235 2527 849 469 2297 3079 647 863 557 795 76 2159 3777 3506 4220 4478 3677 109 3772 193 3063 3461 612 2938 4857 3840 1065 1337 530 83 3706 4214 4660 3674 3368 2566 4340 3659 897 448 2609 1140 4779 3483 231 2841 4539 4284 563 3078 4990 1846 914 4254 4881 2097 2555 3768 1458 882 1532 4696 614 4312
4909 3007 1596 4507 2138 3431 2420 3315 2112 1296 1888 1347 4342 2639 415 4747 3106 4500 1597 3352 116 1479 3743 1323 4688 4112 4182 1880 318 2839 3999 2537 2395 577 3774 187 2257 3393 3558 4114 1512 2350 3670 2279 789 565 3190 1774 2761 4575 4696 3310 2980 3726 2214 1395 3987 169 3441 4427 4075 3969 4000 1793 1039 3684 3142 2721 4910 2419 1513 3937 944 1234 4837 3400 2823 4022 4567 1679 4816 1592 2528 4475 4961 3783 1095 2615 4103 894 919 1058 3659 4275 4618 1415 1698 3465 2008 3590 2946 941 3060 726 1483 1288 4993 995 2792 2656 1094 837 1354 2206 2239 531 4956 2100 1227 1833
4856 2744 1348 279 2410 4484 2349 963 4134 3791 3450 30 3139 3329 4273 4078 3939 2734 1716 1098 1243 1613 3985 3677 3959 3074 3397 337 1404 4333 728 4914 451 4302 195 2179 2448 3742 4651 4336 3811 1908 790 1781 2677 1213 2518 298 4755 927 4656 4356 3601 4230 1396 901 1488 2232 1923 2987 639 126 2946 4758 966 2476 320 2362 498 3187 4497 3392 470 2883 1175 505 1953 651 3332 4474 2930 55 2203 2743 2034 936 2040 3352 2332 2246 3982 1715 897 4618 4432 2530 2427 1246 4256 2125 726 4838 2280 2716 1922 1638 3495 1713 3195 2880 2385 139 656 4149 3841 4780 654 2260 4307 410
4946 2227 2671 4841 2808 3139 3006 209 749 2675 1420 4352 511 4875 2256 3871 1745 1257 764 1521 4945 4629 1355 2977 3624 1939 2267 1208 2532 4098 1716 2205 4874 1448 3776 1982 817 4833 2698 3509 4367 3088 1652 2503 4889 4312 4438 2226 1861 1856 3285 4386 3962 3882 2302 2960 1483 1193 568 2014 3380 3341 1913 602 2503 2763 834 2830 741 3330 1295 4934 1319 2322 4198 3116 2832 4279 2068 2537 2019 927 825 2729 984 2887 3946 191 2697 3686 3903 2241 448 1415 2530 4477 3711 556 1396 2739 4894 2948 1264 830 1244 283 3785 1840 570 2046 3490 1543 4007 2614 4215 4008 1380 3095 1818 3693
782 2347 3675 4521 1373 2666 3473 3808 486 701 1759 3465 1309 3237 3049 1544 3225 4435 1785 666 4309 2611 1257 2863 576 3196 3695 906 1127 1889 2166 3637 1510 20 3361 1678 1786 2999 178 147 2722 3840 610 2464 160 809 1572 1925 3964 3897 1727 3921 2764 2478 1938 722 2888 4718 3127 371 3928 3156 2467 4010 1890 2325 1301 2189 1248 986 1717 4181 348 3556 4026 3592 547 1626 44 338 3665 919 1001 1780 1291 3123 2056 3914 3427 2631 525 3073 2609 1698 2427 3711 3596 3452 557 4856 1273 3080 1121 1254 3475 4488 4880 4342 3068 2233 3341 2179 560 348 4534 2501 1586 132 3202 4847
2287 1518 4550 2376 3894 1442 4511 2611 3913 1211 4483 3692 4927 125 2897 283 556 4437 1016 3137 3982 2587 3550 4725 1794 1360 4447 341 2872 964 170 431 2589 1318 3401 4131 1547 2844 2660 1245 2348 4089 1587 3075 4459 1510 3002 1063 2918 2771 2293 3329 647 4371 4595 1818 279 4350 3895 436 4795 1286 4327 4228 1415 1435 4329 2432 479 4866 2967 717 3476 1635 93 4681 280 1308 3203 4794 4650 4012 3569 4669 581 2430 4295 4228 1907 1692 4119 3773 1140 3465 1246 556 3452 2145 1955 1238 3853 3436 4044 3321 544 4208 4789 1128 4883 1224 4097 2031 3427 2253 768 1447 3628 4925 395 2011
3275 758 2304 1459 2981 556 4298 2958 44 891 436 4280 4361 3399 208 4408 3226 2481 2798 2227 1751 2978 3486 1576 3393 3745 110 4247 4969 2024 1686 2679 1312 924 937 4426 1744 2753 2004 2388 3063 4387 523 2813 3621 456 2087 964 3693 2028 2538 2605 830 2299 1167 697 3139 1471 3409 328 1157 3276 1802 419 3450 2620 859 4311 3509 3732 1624 1280 3583 4828 1186 4117 4239 1979 4916 4442 3426 3113 3783 722 3055 2921 4411 1829 1847 4780 3295 4945 4779 2008 4256 1396 557 1955 414 4482 3780 2714 3492 3301 1509 1444 1254 1417 13 638 4987 3150 1539 573 1949 488 548 3978 2138 2555
310 4668 1096 2185 2954 4054 3690 737 245 893 689 3479 1271 3741 3765 3541 4320 1740 1045 1176 2390 4090 3029 2779 1151 708 4633 4857 1685 2133 3386 4386 1355 482 2515 3435 1792 1501 871 1534 1465 2407 627 937 697 2393 1197 4266 3531 4822 840 1696 961 856 3202 2240 547 4896 4146 3444 2741 1751 1887 781 3195 4642 2326 3067 3300 816 4927 500 4401 2970 1788 442 2955 1958 3569 262 425 3372 3809 2676 4230 4770 4766 947 4957 2761 1514 222 3483 3590 2125 2739 4856 1238 4482 2340 4788 964 1569 1795 668 2949 1441 267 2342 57 3768 4056 3267 4733 2612 4583 1381 3572 479 4739
523 3156 4284 2400 1492 4130 3887 2376 3613 466 2073 3019 956 855 1978 4230 3249 1020 4109 1165 1819 3983 3167 4281 2079 2055 4438 861 1497 171 2748 2833 684 1538 2867 3622 4316 2865 4692 2979 778 2637 2496 1994 3604 1597 1537 1289 4531 4843 783 2694 453 1177 3519 224 1760 3309 620 2993 1066 2772 3099 244 1797 1640 707 523 4719 4478 559 4825 3937 2297 3628 1752 4282 4531 2438 2083 380 1734 2508 537 4250 499 3493 3489 4059 1089 357 4512 231 2946 726 4894 1273 3853 3780 4788 3207 3084 870 2169 413 717 142 1852 4252 1744 506 2816 2051 922 54 797 4383 2721 273 818
3339 2053 2597 4331 1822 4629 1349 373 4329 1288 1079 1418 3149 579 802 2421 4189 307 2285 4388 4944 4233 4406 400 2538 1433 3618 4349 91 4158 2323 2772 914 3023 4393 796 2001 3874 2224 4778 3433 3026 1979 3997 3637 2876 651 4354 1103 4985 434 4651 3862 1124 198 2053 2500 4437 3036 4174 1204 1478 890 4776 4398 2849 2447 2805 1135 358 1134 1131 4964 617 1484 231 4059 633 361 1266 4936 1704 1007 159 4638 2220 1179 4392 3793 2026 4327 4819 2841 941 4838 2948 3080 3436 2714 964 3084 704 3956 313 194 2513 2227 325 2512 3442 41 15 1813 569 1049 4700 668 4313 4368 3765
968 1731 3440 3206 1918 4885 3807 1746 4306 4203 3505 4391 2804 4779 1060 2744 724 1648 917 1728 3880 3544 4820 243 2877 475 4104 1539 231 3441 4900 4108 1387 2613 2051 2528 1323 4428 714 1376 3534 1649 2705 283 3497 2277 3235 4282 4547 2440 1562 3784 786 1915 1633 4059 2853 469 3655 144 3897 4214 4886 1504 1716 2211 3027 4154 1795 4522 2298 4827 4510 239 1863 1921 3411 4693 154 1860 2720 506 2278 2701 396 1834 1104 2208 1814 425 1905 899 4539 3060 2280 1264 1121 4044 3492 1569 870 3956 871 120 3403 923 3620 4787 261 4618 2478 4475 1680 1768 4642 4861 3841 4515 3172 4135
3900 50 3777 1269 4226 2200 4869 2038 4871 4567 4702 3304 4744 1124 3247 417 2381 2068 3383 3494 4561 770 4631 475 3520 2408 1634 2172 1152 3288 1146 451 3043 1910 1672 3925 4221 4049 4878 326 1545 3947 1022 1253 705 4955 1717 3439 1122 1673 1848 2224 3734 537 1816 2622 4017 3646 1656 2585 3348 3560 4808 1563 1221 4778 4429 3416 3920 117 3830 593 3677 3114 615 1333 2281 4100 2255 4219 413 327 1059 3458 1764 2093 1575 1079 1214 1517 2286 2497 4284 726 2716 830 1254 3321 3301 1795 2169 313 120 3007 2015 1445 4013 1408 4563 2447 3570 2662 2929 4685 4749 2362 3710 3136 4400 793
1577 3115 3228 760 1763 2462 4208 494 4349 4147 1638 4129 1623 2417 2143 3825 4869 3059 1622 2755 4898 3479 3484 912 1769 750 2705 3996 1985 2705 78 3458 1195 1174 3814 4699 2322 3735 3907 3029 3442 3451 4717 4385 563 4939 3578 3195 1379 4836 1750 4664 2027 4024 1067 3826 829 4848 1988 4470 795 4926 419 3672 3909 73 825 4324 439 4571 339 2375 3471 1236 2298 4166 3214 2244 2186 2770 4721 502 618 3986 379 3389 1764 297 489 3488 3890 4565 563 1483 1922 1244 3475 544 1509 668 413 194 3403 2015 3821 2066 475 2240 3025 420 4106 3814 3785 3953 760 1116 1997 573 618 4512
3729 4858 2695 747 4213 1286 4411 2177 983 892 2172 2295 2940 2172 3917 4219 2430 86 24 1191 4459 4526 2052 3884 4484 4769 1827 2152 600 300 3573 146 4520 1551 722 2223 2638 4134 4973 633 370 979 1278 4275 234 202 3062 4542 1087 925 3008 1984 708 4243 1539 2893 1010 4395 4272 1862 169 4292 2696 4052 1935 3730 2717 4897 3468 526 1891 431 4166 2544 4042 1913 4877 4453 4174 4940 4612 4236 1301 2993 2538 2669 4058 1095 1191 4890 238 393 3078 1288 1638 283 4488 4208 1444 2949 717 2513 923 1445 2066 4031 144 3465 3397 1536 4868 1984 3954 2430 2535 3229 4230 2791 1398 1027
243 4734 1486 3152 4528 1647 1972 1031 255 3884 4371 575 816 29 2646 4068 3503 4248 1403 1107 3787 1166 565 4316 377 2602 1404 1628 1235 2339 2121 1972 4065 3320 2408 3166 2729 4580 2655 3570 3193 4383 4043 1411 2223 746 4139 4885 1064 2508 373 4260 2096 1400 545 2552 2818 4417 1075 844 2010 114 4331 1859 3700 546 4793 635 1961 1930 2412 4294 4137 4538 2589 1585 4067 1619 2932 3308 3750 4779 1907 4142 2240 4854 4273 3212 3863 2294 4452 1659 4990 4993 3495 3785 4880 4789 1254 1441 142 2227 3620 4013 475 144 3868 4400 1523 272 2996 4772 3776 1636 2941 2010 3792 933 3263 967
4145 2572 1673 3592 1741 2375 4272 4900 390 822 3200 82 4403 2545 1303 661 3691 990 4239 4344 1301 2999 3624 2563 1500 2477 2495 2782 1190 1091 2372 2221 1398 4988 3216 1377 771 2604 4331 4989 4283 4262 563 2053 711 2781 2262 2659 2158 792 3132 4867 3925 2209 3666 491 4872 1033 2031 1180 2064 4513 1023 2482 3829 2332 4346 2150 2421 4862 2253 797 4710 3220 3885 1051 277 4875 926 2304 4650 2461 2440 3221 1120 2988 866 1073 996 2361 4935 209 1846 995 1713 1840 4342 1128 1417 267 1852 325 4787 1408 2240 3465 4400 1275 4880 2774 2860 1956 2963 4923 2637 888 4880 2065 887 1964
2434 4732 1570 3066 3596 3611 4167 405 17 130 695 1959 4798 929 4122 3813 3619 1351 308 4507 2937 2082 4186 138 4711 4193 496 3241 4376 4741 3001 4153 2110 3303 4815 4443 2309 4829 3855 437 2401 549 763 4255 3244 952 4355 3585 4341 3895 4218 3789 1219 3084 4728 2718 2130 876 4351 1708 509 38 4546 4492 1709 2622 83 2552 1729 3839 1877 3872 4071 48 1923 3945 4011 4303 3362 623 3971 2806 2931 346 2167 124 4516 740 3488 3527 3814 3372 914 2792 3195 570 3068 4883 13 2342 4252 2512 261 4563 3025 3397 1523 4880 4913 551 2941 3242 3994 1821 1581 3289 4390 1648 770 2153
959 536 4133 4826 2192 3126 3670 3196 490 191 3695 189 3150 4140 1679 3490 4547 3672 752 479 1247 4349 1442 2363 2586 915 154 75 1052 2936 1516 2068 2434 455 2349 2870 3065 4401 2830 2400 3105 2511 2088 665 1074 4622 2598 2926 3307 3076 2147 2824 4048 4738 988 3597 1363 2030 4090 3321 721 1216 3139 1903 3120 482 4782 1233 4902 813 4361 3121 4970 3719 3071 2170 2528 4965 3658 1372 4723 3682 4232 190 3169 1040 1765 2474 2218 629 2866 2341 4254 2656 2880 2046 2233 1224 638 57 1744 3442 4618 2447 420 1536 272 2774 551 4345 1436 3194 3030 2290 1096 2519 2896 4941 2282 4346
4688 2846 3655 2921 2766 1603 4474 4933 4894 1363 913 2411 3658 2735 4772 812 1488 1916 1651 4666 2711 3314 2635 1672 1411 2604 3982 1601 2615 1728 4665 2349 975 3239 4251 2489 2332 10 3943 436 3377 2957 3918 4998 1367 1154 4765 2958 96 2800 4467 1497 456 4436 2255 4606 2637 1041 1227 1063 1472 2546 4306 2041 3590 2393 1341 1364 1265 1015 1436 3854 2562 144 4816 478 2291 4295 4716 1105 1934 1071 3240 2590 2525 2499 865 3691 859 2601 2331 1183 4881 1094 2385 3490 3341 4097 4987 3768 506 41 2478 3570 4106 4868 2996 2860 2941 1436 2199 3788 4265 4855 1319 2586 3656 1829 3045 4727
4443 4649 2224 1809 2877 167 3087 1619 3115 1357 1091 1831 2834 4269 4139 2403 2316 765 4533 477 418 4348 1266 2854 939 507 624 1174 4395 1848 43 775 4832 829 959 2220 2815 1955 3491 3915 3026 2620 2759 3636 4494 1786 2310 3547 4734 1623 455 3548 544 717 3988 2069 4326 3326 4663 4907 2845 1629 1971 1990 1214 3951 2948 3932 3928 3551 353 3463 118 3122 4508 1843 2420 2590 1247 4300 2063 1758 457 2922 3304 4243 2693 2131 4480 1574 36 437 2097 837 139 1543 2179 2031 3150 4056 2816 15 4475 2662 3814 1984 4772 1956 3242 3194 3788 1473 4435 3794 4789 1686 4353 330 4388 2069
4497 1845 2013 3817 4367 636 3598 1320 459 4798 3733 1117 4264 2441 1518 4166 1550 1278 1782 1076 1137 122 3817 2720 217 4042 1978 2188 2557 1844 3555 2918 1150 1795 100 3778 4923 3676 1389 4254 4603 959 4511 1956 2254 4157 3434 4725 3416 4281 3718 1244 3680 3929 865 2378 865 2949 3244 3493 4955 3441 1438 4688 2415 4313 3999 749 4396 2288 4808 124 4091 2928 3146 1112 1784 1201 850 1398 1063 14 2106 4649 3839 1591 1125 4858 2495 3145 4231 2143 2555 1354 656 4007 560 3427 1539 3267 2051 1813 1680 2929 3785 3954 3776 2963 3994 3030 4265 4435 3045 1116 3475 112 4933 663 1717 1519
4696 1535 3388 2553 4022 4117 431 4817 2917 3651 1126 1871 837 4907 871 4589 1517 235 886 495 4195 2738 3737 2925 311 3478 2224 4102 4567 2234 2787 4791 577 2229 1667 468 948 2862 222 827 446 3291 2053 1467 1882 1606 876 4168 4734 4478 2212 3248 2660 10 1873 1582 620 4101 4746 137 736 2803 4263 488 4666 3359 4511 1937 2100 3709 3816 3021 4134 2469 4656 2689 2959 863 3224 4194 1111 3820 4044 814 1283 3997 3594 2137 4929 1222 4379 4190 3768 2206 4149 2614 348 2253 573 4733 922 569 1768 4685 3953 2430 1636 4923 1821 2290 4855 3794 1116 1969 766 637 2959 4754 4331 4022
407 2156 2125 1263 1648 2162 2046 1384 2049 2905 2704 4869 2938 3664 607 2793 3852 1229 3129 595 1880 3535 3617 1164 2145 3609 4835 4150 325 1446 400 544 1457 2089 623 3573 3204 4784 4355 15 3775 910 3276 3561 2330 539 1239 2818 1830 4168 2193 4764 2777 3925 183 1964 2727 3573 935 3566 4488 4748 2018 341 3632 210 1067 313 4479 1410 2896 3014 3245 528 3320 3689 1804 450 2526 4507 3487 511 1962 4900 3139 2223 212 552 1253 195 3159 2580 1458 2239 3841 4215 4534 768 1949 2612 54 1049 4642 4749 760 2535 2941 2637 1581 1096 1319 4789 3475 766 3852 1250 1006 1029 1681 1084
3361 4724 1965 3266 4424 2094 2607 1624 3337 478 1564 407 1059 2973 2338 2949 4821 3517 4402 1252 2371 760 1944 1766 4182 3822 545 1295 1073 1479 1513 2524 1631 2040 1423 3907 2667 3243 1640 3391 2503 2225 2919 3965 4602 3271 3258 2785 86 4128 4746 2402 4990 436 4198 3431 1062 3526 3388 1016 3629 3438 2331 3122 2290 2122 214 1496 509 2866 3889 966 1266 201 3788 3306 4567 3181 4878 2093 149 3916 4570 164 4124 3879 3127 1892 4793 2859 469 4017 882 531 4780 4008 2501 1447 488 4583 797 4700 4861 2362 1116 3229 2010 888 3289 2519 2586 1686 112 637 1250 122 951 2131 4908 1995
806 601 4376 4354 4805 508 2904 3761 1254 3961 1112 3678 764 581 4964 1025 1161 2625 736 4153 586 1460 3314 556 1301 2122 1455 4386 193 3649 2223 2765 2453 2525 3458 2634 3758 3023 3047 4091 911 303 3466 3861 2616 1357 701 2866 4197 1070 3666 4020 3690 2822 2827 2328 3026 2923 1971 2561 3542 1973 3970 4707 3072 988 4543 3383 2020 2640 2009 2801 158 1895 197 3457 1940 1748 478 2039 1378 4255 3928 831 2585 4932 4351 1219 2732 4889 3499 1599 1532 4956 654 1380 1586 3628 548 1381 4383 668 3841 3710 1997 4230 3792 4880 4390 2896 3656 4353 4933 2959 1006 951 720 1761 1801 805
2484 3814 844 4114 811 3213 4023 2117 3981 3008 473 3498 4318 4828 1176 335 3250 4740 1550 2124 735 2600 2201 2741 2393 3455 2962 2057 2329 2002 3233 2756 2086 2278 578 4420 596 4945 4699 3554 2532 269 1945 2870 3276 1670 4105 3633 1857 808 2515 928 2658 270 3274 1750 2350 192 822 2452 930 4024 1134 2947 1660 2730 1963 1493 1690 648 3794 1912 2375 632 2996 3728 2357 3337 1414 4212 4146 2665 85 1273 1720 4084 2183 4265 2832 4655 1444 365 4696 2100 2260 3095 132 4925 3978 3572 2721 4313 4515 3136 573 2791 933 2065 1648 4941 1829 330 663 4754 1029 2131 1761 3378 2572 2324
595 4747 3008 2522 2465 1462 3838 604 3831 485 3684 1294 2042 4107 2770 1952 1183 2903 358 1559 3489 1260 2223 1028 3536 1816 343 423 1212 337 1554 2765 227 2913 903 104 4260 185 560 1640 1469 2099 3770 3459 1232 3210 3049 3983 805 419 1442 1498 4955 4834 4063 4449 2566 2168 3920 2066 3629 519 4013 108 1861 428 1084 3346 1355 1479 2794 143 2555 4911 2262 3846 146 682 3671 836 2966 2215 2947 571 4846 1556 3942 4429 1342 2578 3575 1300 614 1227 4307 1818 3202 395 2138 479 273 4368 3172 4400 618 1398 3263 887 770 2282 3045 4388 1717 4331 1681 4908 1801 2572 4719 4252
1900 2934 479 32 3825 1135 2199 4339 4090 2633 2408 625 3499 2505 3480 3145 2956 3570 2290 4286 4731 3780 3253 3986 54 2030 1525 2637 615 776 1490 4240 2369 1080 1594 524 2325 3589 4370 2591 2856 662 2416 2773 2595 4689 1450 2849 2689 704 4236 3567 1829 2942 3394 4573 2501 4298 16 4283 4383 1845 3129 3183 39 3314 3431 2362 3431 3576 376 4718 4767 3309 3683 2876 3762 1129 1091 4024 4125 1715 1713 4407 905 1051 134 1272 4370 1924 4795 372 4312 1833 410 3693 4847 2011 2555 4739 818 3765 4135 793 4512 1027 967 1964 2153 4346 4727 2069 1519 4022 1084 1995 805 2324 4252 402
