N: 120
M: 20
Symmetric: true
Triangle: false
7 24 118 86 42 17 93 112
7 22 32 60 52 45 108 85
5 21 11 55 120 33
10 13 73 39 109 12 100 96 8 87 91
5 106 29 30 75 94
4 23 3 88 81
5 57 10 38 67 4
6 31 54 35 6 20 98
6 49 97 59 15 53 115
6 18 80 44 68 50 95
10 92 34 83 70 51 41 113 40 69 14
7 119 82 78 58 37 116 1
7 47 104 16 117 66 89 111
8 101 105 28 25 2 7 5 102
2 27 72
7 63 107 9 74 36 46 61
6 56 79 43 71 114 103
5 48 77 110 90 19
2 99 62
5 65 84 26 76 64
1871 2083 715 4163 1124 1520 3457 851 312 4764 2124 4464 831 3155 2060 2610 3288 756 4542 506 4471 3874 4502 4649 2548 1017 4433 393 488 1823 3754 316 882 561 3217 1328 1746 3940 3412 2332 1799 4831 605 2592 1842 1348 575 2296 3011 4849 4818 2514 2045 3296 55 724 3965 3374 4622 3609 1964 1764 2866 770 823 888 3726 344 3334 2919 3328 1074 2340 84 3578 4213 475 3986 1956 3603 690 3731 2807 1081 1511 3888 4878 4347 3169 2126 1081 4906 2464 3568 1910 4562 2227 4709 560 1598 3426 2663 4233 4291 1225 4270 2746 1925 4910 1124 1421 3770 1427 4935 4276 2603 2824 4888 1796 1335
2083 3903 3761 4726 725 4185 1698 2082 690 4064 4460 3008 2890 1302 1735 2648 1158 234 1490 4351 1933 476 1451 1104 3554 187 1618 3417 2693 665 3499 1998 3217 457 844 1219 3385 1192 1225 4657 2009 2333 3097 79 258 4212 1274 4072 2503 645 640 1934 2926 3566 4276 3724 3772 3838 252 586 1166 1610 1746 319 166 1365 4195 465 3576 2794 1667 3718 3427 1467 3353 699 470 1284 3470 2989 778 2254 4978 4265 28 956 4189 3709 2012 4562 1187 2148 560 3647 1444 882 2860 4492 3304 3807 4557 3982 2284 455 4108 1043 4932 4781 3841 2433 1472 3689 1390 4164 2491 1227 3387 85 3325 649
715 3761 1336 1185 1369 1894 1153 2752 2960 4044 4343 4176 658 1591 3488 2068 2715 4225 1513 1273 2434 530 1720 2381 2404 4299 3810 2047 4651 4878 1922 4642 4800 2836 1247 1305 522 2138 3280 2164 4195 1064 3912 2233 824 146 2850 2834 4579 582 4300 1191 1898 2242 3562 2367 1251 4744 4403 35 267 4758 3928 2074 4785 1344 670 1423 4985 563 1391 78 3736 896 682 3583 2983 526 1764 4525 1772 4366 4941 228 3666 2310 1701 508 1961 3665 1558 2773 1425 2953 1204 4958 4326 439 4701 1388 2141 3015 438 3608 405 2503 495 4071 3160 28 2258 1830 4558 4676 4680 4515 3367 3332 350 191
4163 4726 1185 4677 3471 2991 1818 4343 4494 2944 3731 2496 1902 2691 3101 4807 3120 362 4234 3141 4791 3367 3468 965 3810 4746 2236 44 1716 1488 1447 1558 1102 3429 119 4556 4397 2426 4810 3416 2470 2256 3433 3085 3339 652 268 2948 1339 2339 4745 3084 2355 1985 3317 2854 654 781 629 1894 2351 3491 4825 1914 1351 3456 3677 4846 4609 1339 3894 3731 3600 2030 1487 4541 706 2793 4007 1592 2566 132 4368 597 4561 2426 4696 1009 4877 1942 4670 3573 1128 3328 1092 3339 2838 2166 281 3961 4237 2625 3796 2147 2753 4871 3228 3552 179 1606 1243 3044 4465 3003 1587 1488 1188 378 4731 3248
1124 725 1369 3471 96 4817 4396 3142 1585 3907 713 523 1871 2582 4493 1499 4449 3749 1284 2548 1530 1928 3423 1785 1845 594 496 2862 4130 1113 2398 2326 1169 2920 4331 604 3741 4826 4224 780 4934 2756 2381 2829 1177 1262 1464 326 1261 3912 1705 1666 2232 701 685 3313 3019 422 3257 505 966 3651 3127 2280 477 2344 3290 1022 3857 2675 2249 3017 3220 3718 3888 627 4729 57 2183 4827 1986 4858 1127 4631 4987 3274 4053 699 3373 652 1891 3870 4808 4196 389 59 2704 402 1112 2852 4233 3766 2484 4181 162 3107 4148 3670 3784 2406 1402 810 4989 1895 2185 4464 1397 665 4512 3643
1520 4185 1894 2991 4817 2237 2002 120 555 835 4708 4942 4221 1072 4412 2161 2356 3247 3898 4729 2577 4781 27 3197 1379 456 1140 2587 85 1529 2608 2135 1971 3538 4909 3573 3502 3567 684 4786 1706 3291 3207 1840 1150 3406 3959 3840 4893 84 2867 3949 2391 4089 1491 3477 2613 165 175 2617 1499 880 994 2117 4491 4625 3493 1962 2377 4232 965 1703 185 2624 4357 1616 3646 828 2945 200 1359 1724 2459 2515 1172 734 3704 857 3579 3185 4858 1937 4652 236 1919 3409 1302 2795 791 3507 3198 3503 3321 4676 4039 2550 1137 3253 2206 305 1134 4534 2216 2936 4777 2301 4363 289 841 4182
3457 1698 1153 1818 4396 2002 2820 1145 1281 2931 893 4686 4227 553 4259 3599 1588 4761 583 3763 736 3584 4899 244 1713 608 1370 4630 3496 4693 4700 2708 1540 3912 2578 3045 3050 2282 1768 3745 4449 117 2677 3291 3623 2846 63 4063 2418 1389 532 4031 3494 3994 50 396 2067 165 3380 3702 1338 1988 3357 1598 4458 2630 2617 3345 204 3066 536 4401 1153 846 3561 2614 4150 3767 3912 2623 2382 4266 3190 3621 779 1667 4388 250 2677 4533 2176 4770 4342 4094 1038 1215 4495 4494 4380 3582 4871 1679 2040 4599 1878 654 4576 3052 3494 2207 3809 4532 1790 3703 4515 57 784 3678 3987 18
851 2082 2752 4343 3142 120 1145 3958 2383 4186 1074 600 3831 3289 3668 3100 2898 3979 2068 2670 4184 2440 2040 160 463 1108 892 4307 1120 510 2380 3744 2297 3393 102 4016 2985 2342 1263 1692 1966 3461 1525 33 1976 1544 1944 3585 4243 2792 1850 2952 3669 432 1391 2831 3273 4193 4024 2487 2894 1631 2257 3827 2479 4740 3394 3864 4238 2870 1542 3147 972 3679 3513 1247 3825 1590 697 747 2772 905 2248 2346 506 3561 3273 1990 1765 4168 1739 3134 1873 3484 1678 3337 4952 4613 1276 3086 4602 3911 3829 3314 1688 753 4050 2334 4407 4814 2482 227 3439 3129 3394 2307 2006 4742 1719 4513
312 690 2960 4494 1585 555 1281 2383 311 1584 3945 980 1928 1937 2653 2943 2534 3772 733 3219 4173 4850 4034 644 178 286 2071 944 27 1048 654 1792 2512 1166 3095 3312 1501 4366 3760 3356 122 536 2461 4250 300 3122 3076 258 4235 2715 591 2555 3968 728 3241 3066 2066 4027 2916 1868 567 281 2787 2563 211 4324 2674 1983 4690 1311 2235 3062 4819 1393 2180 4762 4428 2994 4225 1205 4460 4493 2198 1919 663 3373 3297 80 2777 1889 2727 3915 1025 224 4653 3086 3780 2391 3605 1930 1292 2836 4142 281 1938 681 1892 3633 2344 2663 4820 781 54 3346 4669 835 4295 3360 1227 2376
4764 4064 4044 2944 3907 835 2931 4186 1584 4713 4377 3004 2505 1236 3752 1970 1711 4901 4085 3119 751 4783 4617 1943 1721 1857 4070 1188 1935 4217 4623 499 1758 690 71 4814 3981 2950 1535 4694 2887 545 4728 3088 23 1559 924 951 4355 2167 2814 4270 3583 740 3220 1651 2850 2759 1342 4070 4735 3538 4673 1954 877 4772 1533 1729 1899 2920 3803 972 3114 726 1458 1551 1277 2900 2950 4604 447 2934 2255 4824 314 2782 3884 711 576 1689 4504 1491 937 2623 3102 4343 4874 4151 3268 1816 2546 3113 458 2452 4050 3510 3354 4928 3526 1328 2925 3461 72 151 4951 1013 587 1617 4184 3603
2124 4460 4343 3731 713 4708 893 1074 3945 4377 242 2939 3321 782 1346 3176 303 3913 1169 3603 2613 2613 67 207 3870 3551 3984 2657 4563 1392 3180 3569 2525 2402 3542 3270 3688 3474 1211 2778 1548 1765 2898 3251 4174 1035 3750 4799 4304 973 870 85 2767 4770 4786 4419 1120 4025 3261 2818 4074 1973 87 2260 2188 736 3356 3813 1654 2870 842 1345 4996 4030 1274 4477 902 4453 2043 4828 2614 2703 2002 1856 4425 4798 2729 4669 3012 985 1379 2448 738 2976 1293 748 2122 1123 4301 154 1708 3931 759 4796 905 2767 1708 1006 1582 644 965 3955 4484 1123 2916 2619 3756 76 1757 2024
4464 3008 4176 2496 523 4942 4686 600 980 3004 2939 2972 970 1366 1525 1012 2789 996 2453 1981 2718 1438 4286 2058 4254 2610 2149 3348 4384 1574 1312 783 1288 75 1579 136 4055 4962 1100 810 3273 2722 2724 3851 3445 2203 3049 1950 1872 1165 3084 974 1364 930 3519 1093 330 2897 1577 4676 2742 394 1164 2183 3201 4191 855 1933 1690 4919 4218 1955 3097 4133 4486 689 1210 213 3885 2532 4253 2550 416 2591 3411 2598 4823 3578 2386 493 3393 159 3609 1467 784 3514 4973 1128 694 4130 4713 561 1810 456 2905 3486 4288 3248 783 3705 1889 3250 3397 2997 1096 2074 2857 1232 2765 2528
831 2890 658 1902 1871 4221 4227 3831 1928 2505 3321 970 1142 2642 582 2750 4237 4272 1575 2422 2226 639 4171 3218 1088 1613 3989 2981 28 2999 4582 401 4768 4264 1874 4296 1663 3542 2267 169 2129 1807 1757 4562 4624 4170 4618 4254 1091 466 850 1849 3963 2564 2517 2781 120 3256 1337 1376 492 4458 3033 3763 1556 3796 2559 4772 3953 626 3416 2354 126 3635 1426 2247 3082 3333 1619 4591 4331 1491 4620 568 3993 3285 3245 945 3941 3573 1780 3509 1618 4396 3982 1340 401 4292 1977 3313 633 3755 2948 2297 1739 4473 400 2064 169 932 4194 2423 2324 1722 1269 1612 2046 993 2704 1262
3155 1302 1591 2691 2582 1072 553 3289 1937 1236 782 1366 2642 1770 3010 2660 307 3775 2101 1920 123 1219 4612 4566 4143 3997 599 3707 4937 1158 3854 3418 2814 798 2835 836 146 4221 1091 3363 2534 3727 4039 2623 2509 485 3294 2842 1036 4075 1899 3909 2631 3294 2819 2280 2838 4300 4655 311 851 701 1862 2134 4439 4547 4878 3251 1549 2487 3719 2305 1835 3543 4791 3774 1907 3562 2710 1796 2860 2240 3886 4447 3305 4340 2384 2992 767 336 1115 3034 406 3309 113 1206 3476 73 1165 3154 903 4642 3584 3114 2584 832 425 2691 3079 1400 161 884 14 1022 1989 4033 4417 2948 272 2534
2060 1735 3488 3101 4493 4412 4259 3668 2653 3752 1346 1525 582 3010 394 2273 3205 4455 4335 3365 2726 1953 3272 2880 3201 3051 959 4148 812 1295 91 3789 899 2593 3875 1167 479 1064 4632 964 2825 1635 1531 780 124 3898 49 3125 4850 1577 2897 3145 3065 3762 62 2999 2564 2761 3923 351 1554 4488 1300 4680 1221 3254 971 4920 1997 1420 4465 1284 2358 1077 4710 824 4335 2757 3185 4911 3130 3904 1782 2202 3011 1811 4034 3284 1015 161 1051 1826 3629 2429 1033 3531 4404 3102 2586 3718 4499 671 86 2482 2621 2203 4685 2623 3100 954 4724 3206 3850 4218 4681 2246 1988 2082 2520 4978
2610 2648 2068 4807 1499 2161 3599 3100 2943 1970 3176 1012 2750 2660 2273 4604 3291 663 3659 4042 1616 4320 1123 3252 4345 4877 947 3319 4740 858 1499 4366 3010 4799 398 4728 270 3534 2685 3415 1963 1435 2478 4043 3575 1289 2261 718 2358 3227 4389 4041 745 3474 62 4876 1235 254 2272 4875 1008 3668 770 4612 2218 1250 3504 4437 1640 2771 3768 4864 2221 2169 2698 4997 1112 4076 4014 3795 456 1249 971 1139 1509 2229 4529 2616 1267 3904 4274 3375 2214 2462 2747 3013 3821 3130 2090 4151 4157 533 4116 3114 1369 3596 3206 2177 97 3486 3002 2035 1749 789 3236 2434 1942 682 2096 4307
3288 1158 2715 3120 4449 2356 1588 2898 2534 1711 303 2789 4237 307 3205 3291 637 4179 902 3653 726 1279 3498 2434 1627 246 2817 4808 4203 2797 1601 4674 2883 2818 491 4822 1093 941 2777 1976 1945 1927 4286 4964 2253 4156 2618 3370 4490 3396 1717 1313 3817 4130 1662 2522 1404 3193 2284 3275 2349 1831 4404 3840 931 4837 2705 2986 3980 610 1756 4004 4434 4154 123 149 1201 1219 2216 3086 2003 4807 2989 331 2795 998 362 4797 35 2804 3623 1271 4620 1409 3735 3680 3220 3682 864 4520 135 4013 1057 2924 2360 156 3972 534 134 1005 4371 3891 4440 4050 3487 3129 302 708 2076 4221
756 234 4225 362 3749 3247 4761 3979 3772 4901 3913 996 4272 3775 4455 663 4179 2381 2703 23 404 963 1648 2588 2567 2343 964 358 217 2252 1099 2304 3677 2050 697 594 1682 3015 3080 3376 1522 3624 722 1799 23 3238 2879 3696 4891 4351 2894 3615 949 3250 4743 1001 478 3928 3986 2034 1092 258 2421 2028 708 913 3297 2999 1733 308 966 1533 2230 3218 828 4223 3515 2884 1982 2933 4566 969 2098 637 1957 4189 4700 3570 2208 409 2837 2602 4628 2205 1921 472 2310 3199 4293 4013 2986 1269 322 242 3293 3331 2240 2130 197 1156 2351 3518 1740 3524 3029 3752 1936 3200 4605 3767
4542 1490 1513 4234 1284 3898 583 2068 733 4085 1169 2453 1575 2101 4335 3659 902 2703 4541 3091 578 2915 4066 4473 1941 2423 1629 2047 4510 4589 3350 2156 4163 4200 2190 3245 4386 2163 2110 2143 4320 2285 1616 1914 3746 2070 3758 4579 2616 3216 23 3736 4963 2382 318 4203 4622 4612 3723 3670 4106 1058 3409 70 2674 3389 3292 2196 23 4963 4973 3171 953 2633 539 3206 4428 4139 708 4976 1661 4079 45 2560 2852 1559 1026 103 146 2156 1608 3010 2642 3119 4521 4773 3735 2757 512 899 4406 2016 3368 3488 3914 2145 3858 3383 4990 938 88 3512 4853 3456 503 1193 1357 2456 4622 3847
506 4351 1273 3141 2548 4729 3763 2670 3219 3119 3603 1981 2422 1920 3365 4042 3653 23 3091 3185 1566 81 1831 3418 1821 257 649 633 2992 672 399 4411 1387 1895 2191 3719 1376 2959 4280 2078 2777 153 2368 2628 2577 407 4301 1124 202 4289 3320 2277 2958 3148 1492 3496 2617 1223 4753 1961 725 4042 2221 861 4417 3341 3096 50 3268 4897 147 4008 3363 4196 1878 710 961 252 2561 1247 888 1726 4418 4948 3329 1066 3301 1902 2368 1422 272 1508 4479 3533 4766 2818 3487 4516 4331 2786 3162 106 3906 487 2615 1187 487 4708 3799 1112 4618 994 3887 3681 2690 4711 3673 726 1885 3616
4471 1933 2434 4791 1530 2577 736 4184 4173 751 2613 2718 2226 123 2726 1616 726 404 578 1566 4015 785 222 3325 4148 67 2740 4301 1939 328 3255 875 2987 4404 2648 4024 2849 906 1404 1034 4876 4364 4070 956 2656 1868 710 1489 3086 4798 2853 2704 2878 973 4555 4853 2753 235 2044 2762 3235 1616 4855 364 3736 3903 1768 4304 4731 1015 2852 2501 278 232 19 3821 3843 4763 4571 67 2331 680 979 1821 2974 3885 2662 4857 1786 1622 2845 4620 3508 3094 4851 2208 4996 2510 187 3414 4620 2740 4847 3958 3399 54 1339 2051 3647 580 4169 4108 1903 3155 1012 1917 1871 2475 2891 951
3874 476 530 3367 1928 4781 3584 2440 4850 4783 2613 1438 639 1219 1953 4320 1279 963 2915 81 785 496 4912 763 4338 2455 3686 1043 2653 2872 1434 102 1690 3066 61 4153 1568 1744 4963 2888 4993 1037 3564 4145 1565 1997 2695 3456 473 2386 4651 2940 470 3248 1357 3043 304 31 4179 3990 3100 1646 1111 3309 1004 3445 1536 2984 4020 1195 2408 4668 3975 2760 3054 2535 1746 1333 2976 3617 3868 668 4601 1290 3076 4898 3617 526 1136 4135 1789 837 1871 1300 2546 3575 449 1728 236 1134 1383 182 3456 2001 2150 3316 3245 4097 1465 2725 2248 3654 1224 4142 253 3679 740 4157 4593 126
4502 1451 1720 3468 3423 27 4899 2040 4034 4617 67 4286 4171 4612 3272 1123 3498 1648 4066 1831 222 4912 4618 1618 2807 3059 1808 871 149 136 4787 3507 2621 4611 4226 222 1375 2829 255 2470 1927 4838 3615 2168 1062 3550 3648 3178 3412 4545 4371 302 1554 3962 1855 1575 4537 1173 675 3973 2874 4960 1536 1190 153 2936 1449 1071 4500 1942 1209 1189 2279 920 2429 1860 1319 4421 2085 3859 839 1445 2363 3937 2665 4909 4619 1660 2512 3943 3884 4032 3222 591 1824 89 1555 3029 632 2944 4427 2340 3480 4686 3123 3274 3666 1597 401 4803 3630 3718 3097 1114 3802 3887 1184 1846 3993 721
4649 1104 2381 965 1785 3197 244 160 644 1943 207 2058 3218 4566 2880 3252 2434 2588 4473 3418 3325 763 1618 2824 1707 1030 3507 1067 2336 2027 374 4624 2516 2312 4686 4905 1936 1664 948 3748 345 1157 418 1646 144 3390 4706 1110 4235 3880 1413 3921 3759 2706 2980 3069 4048 3715 4711 2904 3923 1972 1740 362 4913 3056 1458 856 3201 2442 94 3253 2789 2565 4550 1504 1979 3782 2816 4739 1979 1341 3164 3333 4790 1988 4455 4753 226 382 2681 4179 1099 1849 3887 3369 4019 948 182 714 953 4228 49 944 1421 2426 4418 4996 2584 532 4288 3951 1782 196 645 1004 1914 4756 2552 23
2548 3554 2404 3810 1845 1379 1713 463 178 1721 3870 4254 1088 4143 3201 4345 1627 2567 1941 1821 4148 4338 2807 1707 3366 743 2976 2578 4886 3803 3399 252 3282 3606 2131 305 3286 1046 3907 389 176 1633 3646 1582 1276 4996 1228 3979 1841 2546 2942 2546 889 2694 4198 4063 2149 2736 722 4522 3092 1178 1248 4713 618 2626 97 2524 2871 3768 2821 3928 1755 16 3360 3905 3235 1135 4919 4640 2339 4524 3653 2146 4628 2727 4345 743 4288 3741 3084 759 2326 3239 3716 2379 3440 4155 3423 1482 2580 1086 3297 4987 1854 3601 1887 1784 1440 4796 3250 2867 2608 3993 608 4735 1605 949 4344 4014
1017 187 4299 4746 594 456 608 1108 286 1857 3551 2610 1613 3997 3051 4877 246 2343 2423 257 67 2455 3059 1030 743 3117 4486 1369 4738 145 847 159 4913 4476 3561 4631 4392 4589 1745 2233 727 1458 2034 4731 3675 3984 124 4619 1403 3737 2412 818 2750 434 4827 1169 4181 776 4858 244 3666 2190 3642 73 665 3344 2798 1454 1169 4946 3825 1784 2246 2128 4666 3439 4816 415 1301 111 4734 2783 3799 52 1857 753 458 1040 3541 2512 414 3599 1317 66 3908 3716 3572 2518 835 3163 3487 3063 1599 577 1021 1570 2830 664 487 3158 1544 1860 2917 4391 158 2902 4810 1869 1583 744
4433 1618 3810 2236 496 1140 1370 892 2071 4070 3984 2149 3989 599 959 947 2817 964 1629 649 2740 3686 1808 3507 2976 4486 963 4330 2484 2237 2395 3690 4580 775 988 3638 1707 2162 4961 4640 383 2983 3787 3396 960 3937 1775 484 3935 387 3718 2285 2519 1147 401 3576 1467 2240 762 1289 570 1903 2347 2791 4501 1571 4996 3420 1869 3887 1135 3319 3275 4892 138 2639 3501 4161 1588 377 4811 189 4693 836 1748 173 1849 4236 3159 557 513 144 3169 510 3524 1941 4960 3414 3675 3783 1208 2200 922 3495 1005 1631 3965 3647 3162 1287 2537 807 4026 535 4590 529 3928 2501 334 1554
393 3417 2047 44 2862 2587 4630 4307 944 1188 2657 3348 2981 3707 4148 3319 4808 358 2047 633 4301 1043 871 1067 2578 1369 4330 3626 4631 258 253 753 1243 4466 1393 843 3838 4396 4905 4728 1652 2446 4279 1814 2730 2065 4876 127 1288 186 2083 3753 4128 1666 2571 4174 3391 1446 4984 3802 740 2674 2952 904 2770 2287 892 3561 372 3117 4506 4929 246 3682 1034 1878 4935 404 860 287 3859 3670 2917 187 1103 3849 2507 2982 3151 4754 1900 800 1252 528 2529 1162 1769 4378 3021 1856 466 2048 307 3488 2618 231 2353 311 1179 4355 2136 789 4273 3528 4132 621 2476 3494 1492 3598
488 2693 4651 1716 4130 85 3496 1120 27 1935 4563 4384 28 4937 812 4740 4203 217 4510 2992 1939 2653 149 2336 4886 4738 2484 4631 4994 2395 4829 3687 2345 62 4981 1768 1274 1439 2023 2959 3638 1064 4881 3338 3434 4358 4946 2417 4567 825 2839 363 1900 966 1303 862 4779 1256 4578 185 3687 1802 635 671 613 2674 4917 520 2997 794 3570 336 4369 1424 3221 3706 4593 1410 4523 400 590 783 3909 2697 3046 1644 736 3282 669 4498 1298 3824 1391 3320 1736 369 1340 1599 4392 2679 4774 2077 2781 2276 3775 3393 4458 1922 4034 4326 2921 4329 2680 3728 3699 3233 2554 4182 3690 160
1823 665 4878 1488 1113 1529 4693 510 1048 4217 1392 1574 2999 1158 1295 858 2797 2252 4589 672 328 2872 136 2027 3803 145 2237 258 2395 2584 4978 3337 4063 4894 3392 591 4906 4442 2210 4927 2611 1870 1150 1338 2119 2857 563 4772 4448 986 4933 638 142 4950 1298 3818 888 3997 2672 2248 3850 4491 3936 737 3185 1713 1565 3927 4625 3156 1634 896 3598 4293 1688 4859 4994 971 2238 167 1370 1334 1152 3375 1603 2782 2031 3628 3849 841 4999 3089 1628 1502 4777 2341 4631 1484 2604 687 2858 1547 3377 703 3181 4481 2703 2695 3305 3543 810 2918 2483 3952 2378 4483 4724 2140 3427 1595
3754 3499 1922 1447 2398 2608 4700 2380 654 4623 3180 1312 4582 3854 91 1499 1601 1099 3350 399 3255 1434 4787 374 3399 847 2395 253 4829 4978 2747 2064 2394 2604 1169 789 4846 625 4248 3310 4549 1647 1555 3722 4297 2313 1377 3781 577 2617 1713 2354 4121 1738 2626 1424 2131 744 1932 156 1864 4338 2541 1205 3768 2110 2527 578 3443 365 1897 1979 3154 4593 203 1117 1596 4136 2788 4948 251 1641 4887 1426 2820 795 3285 3972 2597 3599 2218 1699 1056 1893 2053 2353 2277 3410 512 4956 1569 858 4233 1578 2061 1665 2789 1134 4888 1166 3804 1847 1047 227 3705 2619 4025 4160 1255 3364
316 1998 4642 1558 2326 2135 2708 3744 1792 499 3569 783 401 3418 3789 4366 4674 2304 2156 4411 875 102 3507 4624 252 159 3690 753 3687 3337 2064 1446 2423 4645 4399 2215 2144 4306 2854 49 1633 491 1343 2790 2293 1465 4444 4302 2520 4494 3586 3057 377 644 2377 3347 2473 1279 3593 3148 2961 459 2584 3277 3240 4525 197 286 4552 1040 4593 2910 4486 751 3553 3858 549 3082 4263 3275 4184 1457 919 1364 2841 2848 906 4086 891 45 2041 2496 814 673 1060 1468 2007 3765 3413 2995 1450 4643 1061 3128 1914 3303 4310 3894 431 2392 3102 1104 3870 2335 3516 1036 1923 3315 4095 2411
882 3217 4800 1102 1169 1971 1540 2297 2512 1758 2525 1288 4768 2814 899 3010 2883 3677 4163 1387 2987 1690 2621 2516 3282 4913 4580 1243 2345 4063 2394 2423 700 988 4916 3160 212 3397 2698 2115 4291 1564 1342 4972 1527 3200 863 3738 4062 4899 415 1692 2569 685 2466 2745 1718 4653 1192 1710 4126 4362 1435 3745 1413 4966 4902 3969 2539 4014 1475 678 4496 586 2777 454 4826 1780 3593 3723 3214 2181 3540 550 3903 3462 3045 925 730 3439 3637 3490 1980 405 3498 3586 3340 1778 2749 3362 4761 3920 3968 1238 1479 4753 1975 829 3152 3795 4813 2972 4354 3345 2214 1123 279 3404 976 1009
561 457 2836 3429 2920 3538 3912 3393 1166 690 2402 75 4264 798 2593 4799 2818 2050 4200 1895 4404 3066 4611 2312 3606 4476 775 4466 62 4894 2604 4645 988 2939 4386 3188 3628 2085 3311 4180 1022 852 749 489 2422 4221 4195 1147 3319 69 2877 4672 629 4073 3015 2326 4367 2143 2056 3077 1997 4423 535 4102 3730 1856 629 4421 4436 2188 4122 3530 205 3397 4710 3800 2919 3532 4444 2805 940 4929 4983 2835 4710 4850 4609 4862 3955 705 2007 1267 3571 4893 2863 4382 4375 3260 792 234 4779 3930 3662 2215 3162 1777 113 2662 3646 3129 4379 3402 3108 4857 3190 2298 2073 1719 3816 3365
3217 844 1247 119 4331 4909 2578 102 3095 71 3542 1579 1874 2835 3875 398 491 697 2190 2191 2648 61 4226 4686 2131 3561 988 1393 4981 3392 1169 4399 4916 4386 761 4981 4242 12 2356 3405 4679 2541 3681 4736 3958 1303 3690 1455 683 3567 3661 4653 1732 4173 2606 61 1225 4859 3138 1206 846 4715 3104 787 3195 3405 4956 27 2585 981 2164 4522 3478 478 3435 4164 3800 2220 2525 4891 2753 29 2162 860 3873 463 64 1930 1705 4984 470 2314 3515 1767 3485 4142 1928 3063 719 1982 2382 3479 3502 1583 3070 1382 2900 1459 2415 1668 4168 3726 4304 2221 4819 3333 3440 1632 1091 2625
1328 1219 1305 4556 604 3573 3045 4016 3312 4814 3270 136 4296 836 1167 4728 4822 594 3245 3719 4024 4153 222 4905 305 4631 3638 843 1768 591 789 2215 3160 3188 4981 2997 903 3945 4475 2018 2910 3280 3543 1835 2768 2376 579 1287 375 4559 1018 4100 1937 3591 1114 2333 3923 758 4495 2132 2059 4297 1498 4406 582 4035 3128 4224 1259 3357 142 4636 4148 1266 3081 3626 895 2849 4206 2731 4672 1959 3226 3986 4918 2613 1849 2679 3223 1663 4082 2084 380 1007 3317 2840 60 149 3728 4346 2152 58 3647 1787 2269 3203 2128 158 1375 3079 103 4103 3191 1632 941 1449 4841 3017 4922 4623
1746 3385 522 4397 3741 3502 3050 2985 1501 3981 3688 4055 1663 146 479 270 1093 1682 4386 1376 2849 1568 1375 1936 3286 4392 1707 3838 1274 4906 4846 2144 212 3628 4242 903 142 2056 2976 2626 4816 320 1250 2726 1748 3900 3228 2490 420 2517 2973 2530 2204 2014 1067 1671 4061 1459 304 162 2507 1957 4531 3436 1772 3642 4141 2216 4605 2917 846 2491 424 1247 4186 3773 2308 2779 4095 3011 4202 2004 2324 3170 3079 2989 2006 1747 4578 1964 3817 3182 2178 2777 55 3894 1180 3276 681 3743 2243 549 2350 685 3139 3299 1375 1757 2069 1163 668 1000 103 154 1685 4702 1948 4672 787 593
3940 1192 2138 2426 4826 3567 2282 2342 4366 2950 3474 4962 3542 4221 1064 3534 941 3015 2163 2959 906 1744 2829 1664 1046 4589 2162 4396 1439 4442 625 4306 3397 2085 12 3945 2056 2849 1504 1605 2940 1267 659 2706 4036 4825 2315 2462 3101 2855 4662 1228 2265 1518 310 2727 4999 2623 3871 4646 66 1637 1776 3995 2653 2618 2409 3646 786 2547 3771 3394 4398 3838 1509 1718 3119 728 4158 591 1323 2862 2502 3723 1518 1919 3673 4317 4024 1336 1397 3944 3458 425 3729 4459 1011 2473 839 244 4590 829 2240 1237 1661 2086 4011 3458 1407 370 4299 1555 2492 3309 4811 2426 3302 2172 1666 4764
3412 1225 3280 4810 4224 684 1768 1263 3760 1535 1211 1100 2267 1091 4632 2685 2777 3080 2110 4280 1404 4963 255 948 3907 1745 4961 4905 2023 2210 4248 2854 2698 3311 2356 4475 2976 1504 3893 2562 3684 4023 4741 812 3767 1397 4764 1360 3807 3752 781 2007 679 2863 3823 4560 333 911 39 2602 343 4944 4085 865 4660 2795 3634 3432 2294 375 510 914 3518 4729 2020 476 1048 1084 278 4503 391 2105 650 312 2475 1215 2655 4828 3203 173 4457 3625 1257 1396 3517 443 1330 4135 429 898 3938 1707 3958 2775 2348 1706 4512 3617 4665 572 2898 1712 2561 4794 2585 2604 2843 3328 2665 2518
2332 4657 2164 3416 780 4786 3745 1692 3356 4694 2778 810 169 3363 964 3415 1976 3376 2143 2078 1034 2888 2470 3748 389 2233 4640 4728 2959 4927 3310 49 2115 4180 3405 2018 2626 1605 2562 2458 4266 4566 2619 3967 3624 3752 3384 4400 1834 1615 3135 3181 1810 3515 1811 4312 3802 3231 3676 1349 1623 733 4346 4712 4279 3867 1750 625 3881 374 3409 423 226 4592 2996 3539 2888 1582 2308 2800 1564 3467 3145 4677 1083 3553 1716 1847 4010 1824 2514 2231 2571 550 3819 1371 2951 1127 238 3882 968 1353 614 3189 3545 689 4073 4981 4551 4647 2151 655 4393 588 4143 4035 3980 787 4258 2728
1799 2009 4195 2470 4934 1706 4449 1966 122 2887 1548 3273 2129 2534 2825 1963 1945 1522 4320 2777 4876 4993 1927 345 176 727 383 1652 3638 2611 4549 1633 4291 1022 4679 2910 4816 2940 3684 4266 4008 63 3242 93 1040 2642 354 4472 4909 1255 3140 3165 3491 3736 572 3221 3477 3172 3534 2298 1823 3425 2829 1531 521 4929 2115 3211 3501 517 585 4951 3765 4130 2272 2306 3133 2708 4171 829 1248 3922 2999 3701 3841 770 1715 1163 2138 4971 4875 3405 726 382 3035 4436 3251 3998 1960 1705 2778 3633 1576 1407 4649 4258 2554 3276 2252 3736 384 3619 1495 4390 577 2621 1141 1950 988 3149
4831 2333 1064 2256 2756 3291 117 3461 536 545 1765 2722 1807 3727 1635 1435 1927 3624 2285 153 4364 1037 4838 1157 1633 1458 2983 2446 1064 1870 1647 491 1564 852 2541 3280 320 1267 4023 4566 63 409 13 2241 2962 4487 1045 1824 927 710 1126 49 779 1537 2371 4494 2856 1617 3212 4153 2326 1836 145 2153 1195 2115 2928 3416 3190 3237 549 3892 3842 4650 3899 959 4366 3944 3008 3272 2083 3613 1220 2948 48 2881 4947 3977 4756 3224 3571 4142 4904 1165 448 2451 2289 3802 4413 2539 617 4902 2635 2491 2396 4775 1329 2116 538 2958 84 4131 3067 306 3181 4610 2731 3627 2398 2018
605 3097 3912 3433 2381 3207 2677 1525 2461 4728 2898 2724 1757 4039 1531 2478 4286 722 1616 2368 4070 3564 3615 418 3646 2034 3787 4279 4881 1150 1555 1343 1342 749 3681 3543 1250 659 4741 2619 3242 13 3373 1952 3354 3995 1507 896 4228 3345 1622 2390 201 4844 317 1150 4135 1444 2337 2839 929 4741 3694 3607 749 2772 326 4285 638 2058 563 1739 995 4916 1075 2712 271 528 4185 3790 4245 3499 915 2104 4130 1652 1959 4060 625 53 3607 2584 4481 2341 2915 2808 371 3548 892 3724 2515 1325 1036 4153 248 4887 4544 299 1887 3053 3231 2864 4221 4326 240 1434 2778 4790 4580 796
2592 79 2233 3085 2829 1840 3291 33 4250 3088 3251 3851 4562 2623 780 4043 4964 1799 1914 2628 956 4145 2168 1646 1582 4731 3396 1814 3338 1338 3722 2790 4972 489 4736 1835 2726 2706 812 3967 93 2241 1952 1002 3085 4276 2907 3918 4670 1528 2690 1941 4334 2998 4760 3390 1256 557 4205 1931 3475 3797 4849 4762 2981 1930 2813 2862 2659 2964 1172 3439 242 3739 941 3291 576 2164 3013 2432 279 3462 660 542 879 798 3621 2303 2593 3051 745 697 2294 2196 4151 3786 98 1284 1055 384 4962 3365 1935 761 724 3728 3232 2187 4219 541 4521 3216 4723 897 4871 3625 413 4252 3257 4031
1842 258 824 3339 1177 1150 3623 1976 300 23 4174 3445 4624 2509 124 3575 2253 23 3746 2577 2656 1565 1062 144 1276 3675 960 2730 3434 2119 4297 2293 1527 2422 3958 2768 1748 4036 3767 3624 1040 2962 3354 3085 2326 1689 1369 4988 80 2149 2654 352 2627 3562 3952 1071 4751 3618 371 3910 4387 2539 3490 740 2084 1980 1609 4304 3937 4500 1536 2056 4528 2826 2045 447 3217 4277 4461 1443 4658 2332 1394 4986 2024 4669 2052 478 1399 2425 3387 4435 4633 1310 1543 4320 2280 643 3590 3882 86 1528 2460 3250 3588 2068 2035 2429 1258 2540 3256 1323 2473 4514 3865 2214 2953 1478 1695 2959
1348 4212 146 652 1262 3406 2846 1544 3122 1559 1035 2203 4170 485 3898 1289 4156 3238 2070 407 1868 1997 3550 3390 4996 3984 3937 2065 4358 2857 2313 1465 3200 4221 1303 2376 3900 4825 1397 3752 2642 4487 3995 4276 1689 91 27 2257 1930 4643 658 1944 4111 3640 3137 2838 333 934 3361 4979 3195 4015 2931 4888 75 3143 1847 1151 894 2211 3311 2334 2345 3371 1230 3498 1109 2061 881 401 3514 3519 3914 3031 180 1115 1429 893 2024 990 1797 1820 4702 993 3838 2950 3492 898 1938 3092 677 398 4085 4299 4064 2712 4125 2910 4130 3282 4292 3132 534 3647 2246 2686 2385 3118 1467 3583
575 1274 2850 268 1464 3959 63 1944 3076 924 3750 3049 4618 3294 49 2261 2618 2879 3758 4301 710 2695 3648 4706 1228 124 1775 4876 4946 563 1377 4444 863 4195 3690 579 3228 2315 4764 3384 354 1045 1507 2907 1369 27 4414 48 2020 1712 3868 2872 803 608 4962 927 1620 1860 4319 1642 4954 3151 3899 1461 3442 4950 3531 120 1439 3272 1921 3492 332 784 1670 1450 2428 3348 449 3931 430 1504 2486 2728 1000 1828 1938 4357 4415 3952 3929 1220 241 2960 3736 3728 4037 4547 4319 4831 594 197 539 2349 3101 3018 4200 4882 1544 3710 3637 4894 600 2041 2288 767 944 2021 3867 2170
2296 4072 2834 2948 326 3840 4063 3585 258 951 4799 1950 4254 2842 3125 718 3370 3696 4579 1124 1489 3456 3178 1110 3979 4619 484 127 2417 4772 3781 4302 3738 1147 1455 1287 2490 2462 1360 4400 4472 1824 896 3918 4988 2257 48 4455 1228 972 774 2539 4028 1450 459 4332 1780 1329 4532 4077 2190 457 3469 2173 3508 4151 2915 1094 1623 2904 2947 3654 1651 1062 3661 4722 2704 1879 3934 1181 3672 1792 1947 2099 4883 3928 1411 2487 2081 2790 515 1826 4997 3097 3536 2510 2521 2895 4483 136 1747 2595 4102 596 3029 3804 2290 3077 2214 1359 4749 1364 2385 2319 3061 161 4156 4389 3124 1956
3011 2503 4579 1339 1261 4893 2418 4243 4235 4355 4304 1872 1091 1036 4850 2358 4490 4891 2616 202 3086 473 3412 4235 1841 1403 3935 1288 4567 4448 577 2520 4062 3319 683 375 420 3101 3807 1834 4909 927 4228 4670 80 1930 2020 1228 2074 399 2140 4902 3313 675 944 3017 4561 4507 4735 2376 2416 888 1996 4740 149 1181 1861 1242 1897 2068 3751 1237 3205 3446 57 3120 1916 912 3061 2881 4172 3799 3939 4767 4383 4400 3933 932 2997 2681 294 3392 2343 2105 2173 1042 1699 2450 392 3475 194 2920 2223 92 785 3550 1334 1246 749 2929 4175 19 3671 841 4201 2726 1669 234 256 2357
4849 645 582 2339 3912 84 1389 2792 2715 2167 973 1165 466 4075 1577 3227 3396 4351 3216 4289 4798 2386 4545 3880 2546 3737 387 186 825 986 2617 4494 4899 69 3567 4559 2517 2855 3752 1615 1255 710 3345 1528 2149 4643 1712 972 399 774 198 2467 2266 1752 1907 1889 3411 1999 4811 4320 1662 4003 3507 3123 317 3190 2178 1902 3062 652 316 2039 4498 931 2138 545 4680 1235 2070 1744 4124 3117 322 1142 1433 1408 663 2033 11 1518 3536 2947 4621 3226 2768 10 888 2270 4900 3937 1474 3116 3322 2066 773 2177 3433 4288 1442 101 2800 4422 1315 2412 4770 753 3619 2794 4318 994
4818 640 4300 4745 1705 2867 532 1850 591 2814 870 3084 850 1899 2897 4389 1717 2894 23 3320 2853 4651 4371 1413 2942 2412 3718 2083 2839 4933 1713 3586 415 2877 3661 1018 2973 4662 781 3135 3140 1126 1622 2690 2654 658 3868 774 2140 198 2325 1711 3256 4167 265 66 4454 4959 1241 4070 1993 101 442 3358 3596 2598 1955 3644 3520 3873 4141 3813 4036 3226 1297 3383 3159 1090 3062 1028 4495 3595 108 4837 802 1671 3122 3021 4989 255 4764 4487 3386 282 856 3783 4919 2950 1799 1096 3083 3628 4009 2899 680 2259 895 1973 606 706 4424 114 428 2381 1172 1525 3415 3029 2749 4489
2514 1934 1191 3084 1666 3949 4031 2952 2555 4270 85 974 1849 3909 3145 4041 1313 3615 3736 2277 2704 2940 302 3921 2546 818 2285 3753 363 638 2354 3057 1692 4672 4653 4100 2530 1228 2007 3181 3165 49 2390 1941 352 1944 2872 2539 4902 2467 1711 180 3437 2614 2691 1723 2212 3924 2014 505 3396 2743 688 1810 2094 4292 2494 4371 2445 3406 2621 2113 488 1087 3048 1294 223 57 3305 2771 2849 2827 2530 2358 1147 3410 3805 108 2138 1426 4301 2807 483 4219 828 854 961 2444 2085 1805 3413 4112 4846 1687 3975 3910 2018 152 4688 2071 2323 3700 1261 3424 268 4685 2797 3974 1039 1135
2045 2926 1898 2355 2232 2391 3494 3669 3968 3583 2767 1364 3963 2631 3065 745 3817 949 4963 2958 2878 470 1554 3759 889 2750 2519 4128 1900 142 4121 377 2569 629 1732 1937 2204 2265 679 1810 3491 779 201 4334 2627 4111 803 4028 3313 2266 3256 3437 2310 3239 4175 2258 1558 604 4557 1879 2231 2634 2401 4881 531 2993 929 2119 3455 181 3930 1000 4473 3229 1366 2139 4283 859 2150 3287 2609 601 1786 4320 1619 3985 3266 705 1894 294 4158 3847 3501 2493 3561 667 4633 4211 2645 568 570 2998 125 2427 3586 2585 4599 989 3641 2066 1658 1079 1859 4209 1847 678 3789 2648 868 2367
3296 3566 2242 1985 701 4089 3994 432 728 740 4770 930 2564 3294 3762 3474 4130 3250 2382 3148 973 3248 3962 2706 2694 434 1147 1666 966 4950 1738 644 685 4073 4173 3591 2014 1518 2863 3515 3736 1537 4844 2998 3562 3640 608 1450 675 1752 4167 2614 3239 3935 4191 3895 1628 2480 160 1761 647 2376 2050 860 4974 3522 4478 1421 4625 1738 3541 951 2422 1905 1815 4331 1919 1027 4276 4794 538 4407 4171 4976 177 1703 2362 4916 1166 4487 3034 1724 264 4584 1263 4425 2671 3097 3214 3334 4508 4052 4783 3913 700 3129 477 717 1060 1122 3518 1363 3406 4691 2605 2403 598 388 4511 1860
55 4276 3562 3317 685 1491 50 1391 3241 3220 4786 3519 2517 2819 62 62 1662 4743 318 1492 4555 1357 1855 2980 4198 4827 401 2571 1303 1298 2626 2377 2466 3015 2606 1114 1067 310 3823 1811 572 2371 317 4760 3952 3137 4962 459 944 1907 265 2691 4175 4191 3524 2977 156 4928 4775 3282 4267 1175 2980 2820 528 3505 4833 4910 2717 3058 4918 4040 4454 2040 2292 1087 4557 1718 2116 398 4052 1263 1493 2378 42 4233 4405 415 1492 3670 4989 3215 4221 683 926 1833 4483 3821 552 4224 3052 1030 565 85 2586 2964 3409 1926 1934 2495 2020 2894 4960 1923 1766 4859 4956 4240 429 3329
724 3724 2367 2854 3313 3477 396 2831 3066 1651 4419 1093 2781 2280 2999 4876 2522 1001 4203 3496 4853 3043 1575 3069 4063 1169 3576 4174 862 3818 1424 3347 2745 2326 61 2333 1671 2727 4560 4312 3221 4494 1150 3390 1071 2838 927 4332 3017 1889 66 1723 2258 3895 2977 800 824 3814 768 4446 97 1216 3219 2045 4233 4808 599 3215 3332 2100 2491 3439 1217 1829 1703 4081 309 2246 1756 4024 4795 571 1275 2562 633 4094 2501 3893 1223 2796 4333 1742 2060 4801 800 3928 1011 371 1332 2082 3928 4464 4578 630 2588 3746 2889 4991 3624 2494 3235 536 322 2534 1835 886 2984 3674 3814 3003
3965 3772 1251 654 3019 2613 2067 3273 2066 2850 1120 330 120 2838 2564 1235 1404 478 4622 2617 2753 304 4537 4048 2149 4181 1467 3391 4779 888 2131 2473 1718 4367 1225 3923 4061 4999 333 3802 3477 2856 4135 1256 4751 333 1620 1780 4561 3411 4454 2212 1558 1628 156 824 1202 51 2764 1566 2188 1970 2376 2113 3283 350 3338 1109 604 375 2081 950 1157 4192 4754 1665 2326 316 2427 2365 3816 1991 567 4471 4216 3661 2718 1175 2116 578 1653 1386 3040 4644 89 2492 4665 2079 819 3683 2665 3703 2058 1374 4860 2758 4298 4745 1795 929 1087 4313 3098 3239 1775 4899 250 4552 1822 3872
3374 3838 4744 781 422 165 165 4193 4027 2759 4025 2897 3256 4300 2761 254 3193 3928 4612 1223 235 31 1173 3715 2736 776 2240 1446 1256 3997 744 1279 4653 2143 4859 758 1459 2623 911 3231 3172 1617 1444 557 3618 934 1860 1329 4507 1999 4959 3924 604 2480 4928 3814 51 4277 3105 2596 3323 3197 648 3748 3654 2417 2432 2766 581 4515 2776 3668 4698 3453 2312 4378 1655 4630 2050 1731 2842 2618 1569 273 3256 3339 2440 4794 578 3279 1356 3470 3985 1381 620 2156 3167 3507 4470 4758 3006 4625 1567 2429 4104 4926 501 370 4103 194 1854 436 4846 4615 2505 1149 91 3525 4547 4658
4622 252 4403 629 3257 175 3380 4024 2916 1342 3261 1577 1337 4655 3923 2272 2284 3986 3723 4753 2044 4179 675 4711 722 4858 762 4984 4578 2672 1932 3593 1192 2056 3138 4495 304 3871 39 3676 3534 3212 2337 4205 371 3361 4319 4532 4735 4811 1241 2014 4557 160 4775 768 2764 3105 3749 2667 204 2484 4953 2664 51 1770 418 4040 453 265 1046 4496 3569 2441 2144 2299 4337 3783 2075 4969 4210 4537 209 4263 3478 1848 2789 1098 2944 2409 1687 3533 1881 1433 1701 1985 3281 2147 1332 4345 4248 1687 1243 3151 4536 42 2167 1634 2288 848 2219 1679 113 2288 2281 4337 4234 789 3924 1698
3609 586 35 1894 505 2617 3702 2487 1868 4070 2818 4676 1376 311 351 4875 3275 2034 3670 1961 2762 3990 3973 2904 4522 244 1289 3802 185 2248 156 3148 1710 3077 1206 2132 162 4646 2602 1349 2298 4153 2839 1931 3910 4979 1642 4077 2376 4320 4070 505 1879 1761 3282 4446 1566 2596 2667 2707 1242 3285 194 4886 1770 1524 3878 4171 1579 4322 3728 1916 4839 4686 2842 356 1681 655 4869 860 3946 4426 1651 661 1208 4437 4899 4152 2726 1866 832 1837 1261 1753 3075 4226 2772 4172 2646 1892 2485 2753 1562 4614 3999 3020 955 3417 3960 4443 3502 4167 15 4931 1410 1395 2298 4888 3797 2413
1964 1166 267 2351 966 1499 1338 2894 567 4735 4074 2742 492 851 1554 1008 2349 1092 4106 725 3235 3100 2874 3923 3092 3666 570 740 3687 3850 1864 2961 4126 1997 846 2059 2507 66 343 1623 1823 2326 929 3475 4387 3195 4954 2190 2416 1662 1993 3396 2231 647 4267 97 2188 3323 204 1242 1354 2536 226 3427 901 2343 4590 1286 1298 1232 1348 2305 501 4673 785 4462 390 1754 3448 1737 3753 1953 1532 4933 4225 4437 3682 211 3862 2715 3489 4922 478 1060 4413 1528 791 110 2434 103 4770 732 594 3754 1360 1886 1771 3482 4998 2679 2032 331 4137 3526 692 2649 3848 2048 3109 1314
1764 1610 4758 3491 3651 880 1988 1631 281 3538 1973 394 4458 701 4488 3668 1831 258 1058 4042 1616 1646 4960 1972 1178 2190 1903 2674 1802 4491 4338 459 4362 4423 4715 4297 1957 1637 4944 733 3425 1836 4741 3797 2539 4015 3151 457 888 4003 101 2743 2634 2376 1175 1216 1970 3197 2484 3285 2536 4342 1379 66 1059 691 2002 2928 4687 362 4955 3787 1183 3804 3634 2203 2763 4471 4391 2987 2646 3593 4866 586 3406 2099 365 3581 3891 58 2794 4063 4864 3380 986 3875 3430 2243 1536 3285 4268 3111 4668 4304 260 1658 2935 2106 2912 651 3723 2497 258 3702 651 1847 280 3466 1746 2304
2866 1746 3928 4825 3127 994 3357 2257 2787 4673 87 1164 3033 1862 1300 770 4404 2421 3409 2221 4855 1111 1536 1740 1248 3642 2347 2952 635 3936 2541 2584 1435 535 3104 1498 4531 1776 4085 4346 2829 145 3694 4849 3490 2931 3899 3469 1996 3507 442 688 2401 2050 2980 3219 2376 648 4953 194 226 1379 1726 830 2987 789 969 72 2850 3066 1524 2547 810 4081 1681 3485 4154 239 1635 125 4769 3302 4689 1132 3823 1052 4197 4759 3760 4483 1978 4726 1038 3358 3073 1288 414 303 4801 4601 2626 2773 3509 1452 1659 1993 2783 536 773 4176 2613 664 930 489 4876 4138 4250 2200 4636 1303
770 319 2074 1914 2280 2117 1598 3827 2563 1954 2260 2183 3763 2134 4680 4612 3840 2028 70 861 364 3309 1190 362 4713 73 2791 904 671 737 1205 3277 3745 4102 787 4406 3436 3995 865 4712 1531 2153 3607 4762 740 4888 1461 2173 4740 3123 3358 1810 4881 860 2820 2045 2113 3748 2664 4886 3427 66 830 2494 3421 2669 1370 4539 2704 947 2622 1245 3542 3409 4699 869 4210 695 1313 1348 4208 2847 2123 4408 3358 3619 4702 2887 3742 3174 2582 2223 1220 4919 3462 3169 217 305 708 4398 2411 3444 1334 3976 4533 4360 2048 2979 4835 362 4740 3847 3162 4307 453 1640 2440 3582 72 822
823 166 4785 1351 477 4491 4458 2479 211 877 2188 3201 1556 4439 1221 2218 931 708 2674 4417 3736 1004 153 4913 618 665 4501 2770 613 3185 3768 3240 1413 3730 3195 582 1772 2653 4660 4279 521 1195 749 2981 2084 75 3442 3508 149 317 3596 2094 531 4974 528 4233 3283 3654 51 1770 901 1059 2987 3421 908 3978 4267 4223 4257 2294 2702 3107 1286 3540 3659 3861 2628 2404 200 3745 1095 4602 2966 1119 4528 2743 4449 94 349 4835 3728 2699 106 4394 1084 332 2666 278 2299 3781 1517 4366 2012 3553 4254 2332 4189 501 4661 4997 4434 4779 4160 3047 2712 4192 3729 4940 3038 4683
888 1365 1344 3456 2344 4625 2630 4740 4324 4772 736 4191 3796 4547 3254 1250 4837 913 3389 3341 3903 3445 2936 3056 2626 3344 1571 2287 2674 1713 2110 4525 4966 1856 3405 4035 3642 2618 2795 3867 4929 2115 2772 1930 1980 3143 4950 4151 1181 3190 2598 4292 2993 3522 3505 4808 350 2417 1770 1524 2343 691 789 2669 3978 849 1082 895 2489 3587 2000 963 1191 837 3529 2413 4040 1463 2912 3242 4181 220 2011 600 2902 4660 1045 4568 1003 137 801 745 4290 145 3537 3650 3200 752 173 3407 2100 1968 441 4522 3479 990 1876 534 1385 3141 3192 2456 3055 2983 4442 306 1943 4262 350 2312
3726 4195 670 3677 3290 3493 2617 3394 2674 1533 3356 855 2559 4878 971 3504 2705 3297 3292 3096 1768 1536 1449 1458 97 2798 4996 892 4917 1565 2527 197 4902 629 4956 3128 4141 2409 3634 1750 2115 2928 326 2813 1609 1847 3531 2915 1861 2178 1955 2494 929 4478 4833 599 3338 2432 418 3878 4590 2002 969 1370 4267 1082 4426 587 1686 2232 4700 94 3540 2789 4909 3348 702 429 424 420 1547 1051 1053 518 4423 1650 4805 4735 4897 3166 3498 4938 626 1158 2274 2725 2322 4700 227 3828 2720 3400 1209 741 4910 852 4536 2884 3609 2246 4586 1206 2365 3063 353 1543 1977 4107 4406 753
344 465 1423 4846 1022 1962 3345 3864 1983 1729 3813 1933 4772 3251 4920 4437 2986 2999 2196 50 4304 2984 1071 856 2524 1454 3420 3561 520 3927 578 286 3969 4421 27 4224 2216 3646 3432 625 3211 3416 4285 2862 4304 1151 120 1094 1242 1902 3644 4371 2119 1421 4910 3215 1109 2766 4040 4171 1286 2928 72 4539 4223 895 587 4994 233 3412 135 3671 240 3348 4754 2986 4547 2071 1220 4491 4728 3903 4422 545 4203 3640 164 290 1995 4961 4202 673 457 4602 4599 2129 4816 4670 4185 2477 2912 3174 3021 2319 2235 3585 122 4474 3930 4255 4343 2162 3941 396 2338 3450 1511 4521 1001 4962
3334 3576 4985 4609 3857 2377 204 4238 4690 1899 1654 1690 3953 1549 1997 1640 3980 1733 23 3268 4731 4020 4500 3201 2871 1169 1869 372 2997 4625 3443 4552 2539 4436 2585 1259 4605 786 2294 3881 3501 3190 638 2659 3937 894 1439 1623 1897 3062 3520 2445 3455 4625 2717 3332 604 581 453 1579 1298 4687 2850 2704 4257 2489 1686 233 2044 1956 4132 1741 2015 1840 1265 350 2108 2393 1877 1622 3028 2992 3622 235 1056 2593 157 3245 4379 4843 2355 899 1813 1092 1483 829 1810 1519 595 4819 303 2358 4797 2010 1343 2090 913 4425 575 4247 4334 1028 3531 1017 2470 4238 3666 2182 3230 213
2919 2794 563 1339 2675 4232 3066 2870 1311 2920 2870 4919 626 2487 1420 2771 610 308 4963 4897 1015 1195 1942 2442 3768 4946 3887 3117 794 3156 365 1040 4014 2188 981 3357 2917 2547 375 374 517 3237 2058 2964 4500 2211 3272 2904 2068 652 3873 3406 181 1738 3058 2100 375 4515 265 4322 1232 362 3066 947 2294 3587 2232 3412 1956 472 3648 3394 1534 3658 1444 3678 2639 3959 1301 1559 1619 108 2047 3971 433 3620 3118 4292 2603 198 4407 1732 147 133 4844 1118 2707 3706 1145 3295 748 3346 773 3191 255 1858 602 1607 2993 3621 2780 2563 4619 172 76 2698 2722 1896 2226 3149
3328 1667 1391 3894 2249 965 536 1542 2235 3803 842 4218 3416 3719 4465 3768 1756 966 4973 147 2852 2408 1209 94 2821 3825 1135 4506 3570 1634 1897 4593 1475 4122 2164 142 846 3771 510 3409 585 549 563 1172 1536 3311 1921 2947 3751 316 4141 2621 3930 3541 4918 2491 2081 2776 1046 3728 1348 4955 1524 2622 2702 2000 4700 135 4132 3648 3960 3296 1999 282 3787 738 3558 3662 2973 2475 4907 3099 3915 2819 976 58 1670 3128 2492 991 1665 127 2658 3290 215 1836 1981 278 1290 3485 3191 123 787 803 1129 193 270 2450 3493 2552 3240 2237 4711 4414 996 1930 4410 4529 290 3512
1074 3718 78 3731 3017 1703 4401 3147 3062 972 1345 1955 2354 2305 1284 4864 4004 1533 3171 4008 2501 4668 1189 3253 3928 1784 3319 4929 336 896 1979 2910 678 3530 4522 4636 2491 3394 914 423 4951 3892 1739 3439 2056 2334 3492 3654 1237 2039 3813 2113 1000 951 4040 3439 950 3668 4496 1916 2305 3787 2547 1245 3107 963 94 3671 1741 3394 3296 3157 1789 1777 3701 1102 3621 155 3155 4055 2525 271 1177 721 2271 282 659 4129 3420 1880 536 3784 669 3011 450 4028 4151 835 293 2393 478 1765 1972 3989 3803 3468 3381 4915 3424 336 2664 3445 3110 3470 3088 1688 3832 2807 33 714
2340 3427 3736 3600 3220 185 1153 972 4819 3114 4996 3097 126 1835 2358 2221 4434 2230 953 3363 278 3975 2279 2789 1755 2246 3275 246 4369 3598 3154 4486 4496 205 3478 4148 424 4398 3518 226 3765 3842 995 242 4528 2345 332 1651 3205 4498 4036 488 4473 2422 4454 1217 1157 4698 3569 4839 501 1183 810 3542 1286 1191 3540 240 2015 1534 1999 1789 3422 1513 2935 3782 3160 3390 1380 312 4826 1779 1396 3489 4264 3135 4159 34 4078 2051 2421 1573 896 2123 4829 3536 2718 2676 1866 3976 1039 1747 4284 2898 78 2016 4009 261 3062 388 1691 2913 3661 36 1821 4046 3153 3072 2896 2021
84 1467 896 2030 3718 2624 846 3679 1393 726 4030 4133 3635 3543 1077 2169 4154 3218 2633 4196 232 2760 920 2565 16 2128 4892 3682 1424 4293 4593 751 586 3397 478 1266 1247 3838 4729 4592 4130 4650 4916 3739 2826 3371 784 1062 3446 931 3226 1087 3229 1905 2040 1829 4192 3453 2441 4686 4673 3804 4081 3409 3540 837 2789 3348 1840 3658 282 1777 1513 299 706 3058 1665 4915 1065 2042 4164 3614 577 4033 391 3377 1060 2148 4098 1941 4084 2808 526 4412 186 3457 1965 1720 4980 1153 1433 2635 4485 490 1955 2869 2752 1112 1142 2188 229 3754 4247 3948 1016 584 3130 524 3928 2443
3578 3353 682 1487 3888 4357 3561 3513 2180 1458 1274 4486 1426 4791 4710 2698 123 828 539 1878 19 3054 2429 4550 3360 4666 138 1034 3221 1688 203 3553 2777 4710 3435 3081 4186 1509 2020 2996 2272 3899 1075 941 2045 1230 1670 3661 57 2138 1297 3048 1366 1815 2292 1703 4754 2312 2144 2842 785 3634 1681 4699 3659 3529 4909 4754 1265 1444 3787 3701 2935 706 29 1198 4922 4709 532 924 1675 1811 3878 338 1792 715 2712 1458 2720 4866 3620 2657 3062 3014 4975 2666 4548 517 877 4958 4146 3719 734 1996 420 3930 621 1779 855 2304 4574 2088 3207 799 4925 680 1098 4003 4163 1812
4213 699 3583 4541 627 1616 2614 1247 4762 1551 4477 689 2247 3774 824 4997 149 4223 3206 710 3821 2535 1860 1504 3905 3439 2639 1878 3706 4859 1117 3858 454 3800 4164 3626 3773 1718 476 3539 2306 959 2712 3291 447 3498 1450 4722 3120 545 3383 1294 2139 4331 1087 4081 1665 4378 2299 356 4462 2203 3485 869 3861 2413 3348 2986 350 3678 738 1102 3782 3058 1198 155 894 2996 3843 2378 4248 1284 3905 2571 3668 4731 3297 2659 1064 988 1446 1458 4678 839 4437 813 4964 558 1351 849 283 4861 3796 793 4592 4825 291 4395 1944 1836 2692 643 3457 2853 4012 263 4221 744 3920 387
475 470 2983 706 4729 3646 4150 3825 4428 1277 902 1210 3082 1907 4335 1112 1201 3515 4428 961 3843 1746 1319 1979 3235 4816 3501 4935 4593 4994 1596 549 4826 2919 3800 895 2308 3119 1048 2888 3133 4366 271 576 3217 1109 2428 2704 1916 4680 3159 223 4283 1919 4557 309 2326 1655 4337 1681 390 2763 4154 4210 2628 4040 702 4547 2108 2639 3558 3621 3160 1665 4922 894 843 4507 3045 174 2467 2354 4796 96 609 545 2518 1015 4447 550 2016 4044 4555 4528 2309 1282 1871 4218 3134 4779 1082 4839 2075 2005 4372 3449 2332 2094 2772 3390 4463 3677 1043 1470 2456 572 3963 2566 770 4523
3986 1284 526 2793 57 828 3767 1590 2994 2900 4453 213 3333 3562 2757 4076 1219 2884 4139 252 4763 1333 4421 3782 1135 415 4161 404 1410 971 4136 3082 1780 3532 2220 2849 2779 728 1084 1582 2708 3944 528 2164 4277 2061 3348 1879 912 1235 1090 57 859 1027 1718 2246 316 4630 3783 655 1754 4471 239 695 2404 1463 429 2071 2393 3959 3662 155 3390 4915 4709 2996 4507 152 4442 396 114 2097 140 3457 1919 2632 4747 1698 555 4816 3046 468 2095 149 2954 2989 3364 3172 4840 214 4123 638 4410 1227 971 1214 3376 2870 3833 2033 256 2631 2214 1983 1777 4381 3095 1207 2168 192
1956 3470 1764 4007 2183 2945 3912 697 4225 2950 2043 3885 1619 2710 3185 4014 2216 1982 708 2561 4571 2976 2085 2816 4919 1301 1588 860 4523 2238 2788 4263 3593 4444 2525 4206 4095 4158 278 2308 4171 3008 4185 3013 4461 881 449 3934 3061 2070 3062 3305 2150 4276 2116 1756 2427 2050 2075 4869 3448 4391 1635 1313 200 2912 424 1220 1877 1301 2973 3155 1380 1065 532 3843 3045 4442 1184 1456 4083 164 1293 1919 2758 2139 2682 1982 2186 2492 2319 1756 3071 2468 1341 657 2356 522 614 76 150 1504 2623 48 1676 3502 4512 479 3980 4269 3761 3695 477 3870 3963 2701 351 4230 1154 2887
3603 2989 4525 1592 4827 200 2623 747 1205 4604 4828 2532 4591 1796 4911 3795 3086 2933 4976 1247 67 3617 3859 4739 4640 111 377 287 400 167 4948 3275 3723 2805 4891 2731 3011 591 4503 2800 829 3272 3790 2432 1443 401 3931 1181 2881 1744 1028 2771 3287 4794 398 4024 2365 1731 4969 860 1737 2987 125 1348 3745 3242 420 4491 1622 1559 2475 4055 312 2042 924 2378 174 396 1456 2454 4845 413 919 581 4951 3435 681 2060 1837 4473 673 2862 4155 322 692 1884 1198 4952 3125 4344 3608 534 4877 1798 4683 4311 3350 4013 2320 2246 868 2807 3194 1509 3007 1030 1734 1812 2974 2717
690 778 1772 2566 1986 1359 2382 2772 4460 447 2614 4253 4331 2860 3130 456 2003 4566 1661 888 2331 3868 839 1979 2339 4734 4811 3859 590 1370 251 4184 3214 940 2753 4672 4202 1323 391 1564 1248 2083 4245 279 4658 3514 430 3672 4172 4124 4495 2849 2609 538 4052 4795 3816 2842 4210 3946 3753 2646 4769 4208 1095 4181 1547 4728 3028 1619 4907 2525 4826 4164 1675 4248 2467 114 4083 4845 2905 4460 1615 4089 1442 4442 2309 3673 400 2796 4913 4324 802 2002 3635 2532 3880 2086 2747 30 4404 4949 4691 4411 3096 1453 1864 4529 4324 1555 2205 3753 310 1226 3355 2414 1678 3569 4533 3073
3731 2254 4366 132 4858 1724 4266 905 4493 2934 2703 2550 1491 2240 3904 1249 4807 969 4079 1726 680 668 1445 1341 4524 2783 189 3670 783 1334 1641 1457 2181 4929 29 1959 2004 2862 2105 3467 3922 3613 3499 3462 2332 3519 1504 1792 3799 3117 3595 2827 601 4407 1263 571 1991 2618 4537 4426 1953 3593 3302 2847 4602 220 1051 3903 2992 108 3099 271 1779 3614 1811 1284 2354 2097 164 413 4460 4128 357 2916 3069 1246 4501 3802 402 1774 2023 4271 496 2388 1940 2531 2533 2312 4151 1014 606 2456 3882 4843 3044 2391 2533 95 344 1648 2762 268 2322 3281 1966 473 3328 1777 2583 4108
2807 4978 4941 4368 1127 2459 3190 2248 2198 2255 2002 416 4620 3886 1782 971 2989 2098 45 4418 979 4601 2363 3164 3653 3799 4693 2917 3909 1152 4887 919 3540 4983 2162 3226 2324 2502 650 3145 2999 1220 915 660 1394 3914 2486 1947 3939 322 108 2530 1786 4171 1493 1275 567 1569 209 1651 1532 4866 4689 2123 2966 2011 1053 4422 3622 2047 3915 1177 1396 577 3878 3905 4796 140 1293 919 1615 357 2877 3409 1577 650 4543 1643 4685 3574 4378 2252 3147 1489 1323 3691 4099 4610 133 2629 3969 2953 3182 3889 3471 4755 4807 4174 3574 1783 1867 3810 4472 4290 151 378 3511 2602 1618 4932
1081 4265 228 597 4631 2515 3621 2346 1919 4824 1856 2591 568 4447 2202 1139 331 637 2560 4948 1821 1290 3937 3333 2146 52 836 187 2697 3375 1426 1364 550 2835 860 3986 3170 3723 312 4677 3701 2948 2104 542 4986 3031 2728 2099 4767 1142 4837 2358 4320 4976 2378 2562 4471 273 4263 661 4933 586 1132 4408 1119 600 518 545 235 3971 2819 721 3489 4033 338 2571 96 3457 1919 581 4089 2916 3409 3624 4543 3279 3437 4042 3119 1403 4042 83 2606 4757 529 1494 77 1806 2989 1795 1334 2407 356 326 2899 4616 1533 4601 904 1039 3708 3058 3687 572 3167 3119 2132 3690 1715 4593
1511 28 3666 4561 4987 1172 779 506 663 314 4425 3411 3993 3305 3011 1509 2795 1957 2852 3329 2974 3076 2665 4790 4628 1857 1748 1103 3046 1603 2820 2841 3903 4710 3873 4918 3079 1518 2475 1083 3841 48 4130 879 2024 180 1000 4883 4383 1433 802 1147 1619 177 42 633 4216 3256 3478 1208 4225 3406 3823 3358 4528 2902 4423 4203 1056 433 976 2271 4264 391 1792 3668 609 1919 2758 4951 1442 3069 1577 4543 4177 3925 1711 1036 2381 3567 719 1505 4969 401 4150 3927 2201 1762 2080 2981 822 3855 1840 2709 2197 784 2417 757 2825 3310 1596 1070 3169 1711 4669 1482 3426 2383 4930 1303
3888 956 2310 2426 3274 734 1667 3561 3373 2782 4798 2598 3285 4340 1811 2229 998 4189 1559 1066 3885 4898 4909 1988 2727 753 173 3849 1644 2782 795 2848 3462 4850 463 2613 2989 1919 1215 3553 770 2881 1652 798 4669 1115 1828 3928 4400 1408 1671 3410 3985 1703 4233 4094 3661 3339 1848 4437 4437 2099 1052 3619 2743 4660 1650 3640 2593 3620 58 282 3135 3377 715 4731 545 2632 2139 3435 4442 1246 650 3279 3925 3454 673 2090 2343 2863 999 3903 4593 1178 3703 2693 538 3246 1520 4905 750 904 2485 2702 1325 4975 3384 1736 4009 3470 3498 4706 934 4838 4541 4693 564 2946 4664 930
4878 4189 1701 4696 4053 3704 4388 3273 3297 3884 2729 4823 3245 2384 4034 4529 362 4700 1026 3301 2662 3617 4619 4455 4345 458 1849 2507 736 2031 3285 906 3045 4609 64 1849 2006 3673 2655 1716 1715 4947 1959 3621 2052 1429 1938 1411 3933 663 3122 3805 3266 2362 4405 2501 2718 2440 2789 4899 3682 365 4197 4702 4449 1045 4805 164 157 3118 1670 659 4159 1060 2712 3297 2518 4747 2682 681 2309 4501 4543 3437 1711 673 4817 2958 4824 2906 4008 2975 3654 2922 991 2638 4698 1401 4316 4435 978 608 2601 2627 302 1607 1152 4266 2866 1352 4160 4410 146 4043 2430 287 4585 1488 3578 3232
4347 3709 508 1009 699 857 250 1990 80 711 4669 3578 945 2992 3284 2616 4797 3570 103 1902 4857 526 1660 4753 743 1040 4236 2982 3282 3628 3972 4086 925 4862 1930 2679 1747 4317 4828 1847 1163 3977 4060 2303 478 893 4357 2487 932 2033 3021 108 705 4916 415 3893 1175 4794 1098 4152 211 3581 4759 2887 94 4568 4735 290 3245 4292 3128 4129 34 2148 1458 2659 1015 1698 1982 2060 3673 3802 1643 4042 1036 2090 2958 1075 1113 1478 1017 4015 902 1880 1474 632 2520 4294 2243 2213 2949 1024 4993 3691 4576 2484 204 4127 4177 1394 1503 3084 4908 1334 821 529 3993 4923 992 2484
3169 2012 1961 4877 3373 3579 2677 1765 2777 576 3012 2386 3941 767 1015 1267 35 2208 146 2368 1786 1136 2512 226 4288 3541 3159 3151 669 3849 2597 891 730 3955 1705 3223 4578 4024 3203 4010 2138 4756 625 2593 1399 2024 4415 2081 2997 11 4989 2138 1894 1166 1492 1223 2116 578 2944 2726 3862 3891 3760 3742 349 1003 4897 1995 4379 2603 2492 3420 4078 4098 2720 1064 4447 555 2186 1837 400 402 4685 3119 2381 2343 4824 1113 3705 786 2785 3712 2244 2988 2297 1403 369 266 2605 3010 4974 4586 2244 3339 1237 1422 1132 2428 4515 3632 4335 3134 3555 4543 2592 2821 4724 2471 4237 3609
2126 4562 3665 1942 652 3185 4533 4168 1889 1689 985 493 3573 336 161 3904 2804 409 2156 1422 1622 4135 3943 382 3741 2512 557 4754 4498 841 3599 45 3439 705 4984 1663 1964 1336 173 1824 4971 3224 53 3051 2425 990 3952 2790 2681 1518 255 1426 294 4487 3670 2796 578 3279 2409 1866 2715 58 4483 3174 4835 137 3166 4961 4843 198 991 1880 2051 1941 4866 988 550 4816 2492 4473 2796 1774 3574 1403 3567 2863 2906 1478 786 901 3387 3330 4999 4033 312 352 3838 4078 1025 791 48 2512 3055 4668 2761 1501 4244 3045 3873 4353 1196 1995 698 4546 2066 3644 2826 3766 1562 875
1081 1187 1558 4670 1891 4858 2176 1739 2727 4504 1379 3393 1780 1115 1051 4274 3623 2837 1608 272 2845 1789 3884 2681 3084 414 513 1900 1298 4999 2218 2041 3637 2007 470 4082 3817 1397 4457 2514 4875 3571 3607 745 3387 1797 3929 515 294 3536 4764 4301 4158 3034 4989 4333 1653 1356 1687 832 3489 2794 1978 2582 3728 801 3498 4202 2355 4407 1665 536 2421 4084 3620 1446 2016 3046 2319 673 4913 2023 4378 4042 719 999 4008 1017 2785 3387 4567 1545 4016 3110 3229 1312 2711 2200 361 1902 2983 3198 3473 3827 2414 679 179 2627 2786 399 2659 1259 2901 317 3338 1264 518 2574 3380 2184
4906 2148 2773 3573 3870 1937 4770 3134 3915 1491 2448 159 3509 3034 1826 3375 1271 2602 3010 1508 4620 837 4032 4179 759 3599 144 800 3824 3089 1699 2496 3490 1267 2314 2084 3182 3944 3625 2231 3405 4142 2584 697 4435 1820 1220 1826 3392 2947 4487 2807 3847 1724 3215 1742 1386 3470 3533 1837 4922 4063 4726 2223 2699 745 4938 673 899 1732 127 3784 1573 2808 2657 1458 4044 468 1756 2862 4324 4271 2252 83 1505 3903 2975 4015 3712 3330 1545 2156 2674 4009 493 1335 2061 3484 1368 2849 4262 903 2151 799 4766 1396 383 1556 189 2448 3397 2137 975 3188 3140 1519 3798 2622 2308 89
2464 560 1425 1128 4808 4652 4342 1873 1025 937 738 3609 1618 406 3629 2214 4620 4628 2642 4479 3508 1871 3222 1099 2326 1317 3169 1252 1391 1628 1056 814 1980 3571 3515 380 2178 3458 1257 2571 726 4904 4481 2294 4633 4702 241 4997 2343 4621 3386 483 3501 264 4221 2060 3040 3985 1881 1261 478 4864 1038 1220 106 4290 626 457 1813 147 2658 669 896 526 3062 4678 4555 2095 3071 4155 802 496 3147 2606 4969 4593 3654 902 2244 4999 4016 2674 4151 1114 3086 4275 1491 686 2436 4547 804 4182 551 4105 602 4478 2287 2921 3780 4190 317 2247 1369 1913 2717 328 4496 3171 4983 4031
3568 3647 2953 3328 4196 236 4094 3484 224 2623 2976 1467 4396 3309 2429 2462 1409 2205 3119 3533 3094 1300 591 1849 3239 66 510 528 3320 1502 1893 673 405 4893 1767 1007 2777 425 1396 550 382 1165 2341 2196 1310 993 2960 3097 2105 3226 282 4219 2493 4584 683 4801 4644 1381 1433 1753 1060 3380 3358 4919 4394 145 1158 4602 1092 133 3290 3011 2123 4412 3014 839 4528 149 2468 322 2002 2388 1489 4757 401 1178 2922 1880 2988 4033 3110 4009 1114 2014 2133 4818 3757 3212 3044 3292 527 3288 4294 3383 4799 1220 2114 4175 3832 39 4536 2112 1225 2449 1662 2761 1421 2736 2423 4746
1910 1444 1204 1092 389 1919 1038 1678 4653 3102 1293 784 3982 113 1033 2747 3735 1921 4521 4766 4851 2546 1824 3887 3716 3908 3524 2529 1736 4777 2053 1060 3498 2863 3485 3317 55 3729 3517 3819 3035 448 2915 4151 1543 3838 3736 3536 2173 2768 856 828 3561 1263 926 800 89 620 1701 3075 4413 986 3073 3462 1084 3537 2274 4599 1483 4844 215 450 4829 186 4975 4437 2309 2954 1341 692 3635 1940 1323 529 4150 3703 991 1474 2297 312 3229 493 3086 2133 1575 378 945 3656 3079 3237 3525 2033 852 79 2794 1858 2165 3233 1010 776 2170 2808 754 2859 3246 1825 2998 1814 1914 2306
4562 882 4958 3339 59 3409 1215 3337 3086 4343 748 3514 1340 1206 3531 3013 3680 472 4773 2818 2208 3575 89 3369 2379 3716 1941 1162 369 2341 2353 1468 3586 4382 4142 2840 3894 4459 443 1371 4436 2451 2808 3786 4320 2950 3728 2510 1042 10 3783 854 667 4425 1833 3928 2492 2156 1985 4226 1528 3875 1288 3169 332 3650 2725 2129 829 1118 1836 4028 3536 3457 2666 813 1282 2989 657 1884 2532 2531 3691 1494 3927 2693 2638 632 1403 352 1312 1335 4275 4818 378 3040 4384 1893 664 2511 346 1875 2915 4414 4076 2389 331 2316 1702 803 4799 4321 98 427 4008 2870 1220 2314 1406 1300
2227 2860 4326 2838 2704 1302 4495 4952 3780 4874 2122 4973 401 3476 4404 3821 3220 2310 3735 3487 4996 449 1555 4019 3440 3572 4960 1769 1340 4631 2277 2007 3340 4375 1928 60 1180 1011 1330 2951 3251 2289 371 98 2280 3492 4037 2521 1699 888 4919 961 4633 2671 4483 1011 4665 3167 3281 2772 791 3430 414 217 2666 3200 2322 4816 1810 2707 1981 4151 2718 1965 4548 4964 1871 3364 2356 1198 3880 2533 4099 77 2201 538 4698 2520 369 3838 2711 2061 1491 3757 945 4384 683 1457 4990 1115 3185 2865 3315 1111 2386 713 1813 3647 1305 3554 3131 1181 1862 2425 4882 3725 4152 2172 877 2414
4709 4492 439 2166 402 2795 4494 4613 2391 4151 1123 1128 4292 73 3102 3130 3682 3199 2757 4516 2510 1728 3029 948 4155 2518 3414 4378 1599 1484 3410 3765 1778 3260 3063 149 3276 2473 4135 1127 3998 3802 3548 1284 643 898 4547 2895 2450 2270 2950 2444 4211 3097 3821 371 2079 3507 2147 4172 110 2243 303 305 278 752 4700 4670 1519 3706 278 835 2676 1720 517 558 4218 3172 522 4952 2086 2312 4610 1806 1762 3246 1401 4294 266 4078 2200 3484 686 3212 3656 1893 1457 4490 875 3795 3531 2247 735 3477 1764 217 4125 2018 2179 4482 3942 3868 2788 806 4167 1123 631 1003 1891 2873
560 3304 4701 281 1112 791 4380 1276 3605 3268 4301 694 1977 1165 2586 2090 864 4293 512 4331 187 236 632 182 3423 835 3675 3021 4392 2604 512 3413 2749 792 719 3728 681 839 429 238 1960 4413 892 1055 3590 1938 4319 4483 392 4900 1799 2085 2645 3214 552 1332 819 4470 1332 2646 2434 1536 4801 708 2299 173 227 4185 595 1145 1290 293 1866 4980 877 1351 3134 4840 614 3125 2747 4151 133 2989 2080 1520 4316 2243 2605 1025 361 1368 2436 3044 3079 664 4990 875 378 500 4999 1618 398 4664 3100 626 3522 2769 4357 679 3551 1567 3457 4805 1025 3458 2183 2834 4183 642
1598 3807 1388 3961 2852 3507 3582 3086 1930 1816 154 4130 3313 3154 3718 4151 4520 4013 899 2786 3414 1134 2944 714 1482 3163 3783 1856 2679 687 4956 2995 3362 234 1982 4346 3743 244 898 3882 1705 2539 3724 384 3882 3092 4831 136 3475 3937 1096 1805 568 3334 4224 2082 3683 4758 4345 1892 103 3285 4601 4398 3781 3407 3828 2477 4819 3295 3485 2393 3976 1153 4958 849 4779 214 76 4344 30 1014 2629 1795 2981 4905 4435 2213 3010 791 1902 2849 4547 3292 3237 2511 1115 3795 500 3830 286 2900 4155 1929 2734 3686 4246 4082 2444 2368 4134 4738 3256 2725 1909 1417 4532 2746 3640 3148
3426 4557 2141 4237 4233 3198 4871 4602 1292 2546 1708 4713 633 903 4499 4157 135 2986 4406 3162 4620 1383 4427 953 2580 3487 1208 466 4774 2858 1569 1450 4761 4779 2382 2152 2243 4590 3938 968 2778 617 2515 4962 86 677 594 1747 194 1474 3083 3413 570 4508 3052 3928 2665 3006 4248 2485 4770 4268 2626 2411 1517 2100 2720 2912 303 748 3191 478 1039 1433 4146 283 1082 4123 150 3608 4404 606 3969 1334 822 750 978 2949 4974 48 2983 4262 804 527 3525 346 3185 3531 4999 286 1279 1940 1480 3569 2098 2724 4876 1250 4762 512 4992 2089 3806 1083 44 3982 3405 525 583 3211
2663 3982 3015 2625 3766 3503 1679 3911 2836 3113 3931 561 3755 4642 671 533 4013 1269 2016 106 2740 182 2340 4228 1086 3063 2200 2048 2077 1547 858 4643 3920 3930 3479 58 549 829 1707 1353 3633 4902 1325 3365 1528 398 197 2595 2920 3116 3628 4112 2998 4052 1030 4464 3703 4625 1687 2753 732 3111 2773 3444 4366 1968 3400 3174 2358 3346 123 1765 1747 2635 3719 4861 4839 638 1504 534 4949 2456 2953 2407 3855 904 608 1024 4586 2512 3198 903 4182 3288 2033 1875 2865 2247 1618 2900 1940 1495 3352 186 4337 3515 4895 3145 2992 1485 4381 4534 2368 4243 1477 638 4312 3790 4293 4834
4233 2284 438 3796 2484 3321 2040 3829 4142 458 759 1810 2948 3584 86 4116 1057 322 3368 3906 4847 3456 3480 49 3297 1599 922 307 2781 3377 4233 1061 3968 3662 3502 3647 2350 2240 3958 614 1576 2635 1036 1935 2460 4085 539 4102 2223 3322 4009 4846 125 4783 565 4578 2058 1567 1243 1562 594 4668 3509 1334 2012 441 1209 3021 4797 773 787 1972 4284 4485 734 3796 2075 4410 2623 4877 4691 3882 3182 356 1840 2485 2601 4993 2244 3055 3473 2151 551 4294 852 2915 3315 735 398 4155 1480 3352 2417 4324 290 3368 4986 2259 2321 3887 1114 1529 2644 3459 2076 3038 2895 166 585 3668
4291 455 3608 2147 4181 4676 4599 3314 281 2452 4796 456 2297 3114 2482 3114 2924 242 3488 487 3958 2001 4686 944 4987 577 3495 3488 2276 703 1578 3128 1238 2215 1583 1787 685 1237 2775 3189 1407 2491 4153 761 3250 4299 2349 596 92 2066 2899 1687 2427 3913 85 630 1374 2429 3151 4614 3754 4304 1452 3976 3553 4522 741 2319 2010 3191 803 3989 2898 490 1996 793 2005 1227 48 1798 4411 4843 3889 326 2709 2702 2627 3691 3339 4668 3827 799 4105 3383 79 4414 1111 3477 4664 1929 3569 186 4324 1571 1414 1183 2751 1226 1252 1994 824 4137 4034 3028 3329 4529 333 3207 321 4832
1225 4108 405 2753 162 4039 1878 1688 1938 4050 905 2905 1739 2584 2621 1369 2360 3293 3914 2615 3399 2150 3123 1421 1854 1021 1005 2618 3775 3181 2061 1914 1479 3162 3070 2269 3139 1661 2348 3545 4649 2396 248 724 3588 4064 3101 3029 785 773 680 3975 3586 700 2586 2588 4860 4104 4536 3999 1360 260 1659 4533 4254 3479 4910 2235 1343 255 1129 3803 78 1955 420 4592 4372 971 1676 4683 3096 3044 3471 2899 2197 1325 302 4576 1237 2761 2414 4766 602 4799 2794 4076 2386 1764 3100 2734 2098 4337 290 1414 230 4553 1215 2943 44 4317 2004 2237 2769 1842 571 2946 3910 1851 1921 4983
4270 1043 2503 4871 3107 2550 654 753 681 3510 2767 3486 4473 832 2203 3596 156 3331 2145 1187 54 3316 3274 2426 3601 1570 1631 231 3393 4481 1665 3303 4753 1777 1382 3203 3299 2086 1706 689 4258 4775 4887 3728 2068 2712 3018 3804 3550 2177 2259 3910 2585 3129 2964 3746 2758 4926 42 3020 1886 1658 1993 4360 2332 990 852 3585 2090 1858 193 3468 2016 2869 3930 4825 3449 1214 3502 4311 1453 2391 4755 4616 784 4975 1607 2484 1422 1501 679 1396 4478 1220 1858 2389 713 217 626 3686 2724 3515 3368 1183 4553 3736 565 3957 2269 3391 266 1543 2194 1766 3341 682 1208 3184 4786 3724
2746 4932 495 3228 4148 1137 4576 4050 1892 3354 1708 4288 400 425 4685 3206 3972 2240 3858 487 1339 3245 3666 4418 1887 2830 3965 2353 4458 2703 2789 4310 1975 113 2900 2128 1375 4011 4512 4073 2554 1329 4544 3232 2035 4125 4200 2290 1334 3433 895 2018 4599 477 3409 2889 4298 501 2167 955 1771 2935 2783 2048 4189 1876 4536 122 913 602 270 3381 4009 2752 621 291 2332 3376 4512 3350 1864 2533 4807 1533 2417 3384 1152 204 1132 4244 179 383 2287 2114 2165 331 1813 4125 3522 4246 4876 4895 4986 2751 1215 565 3874 1090 1643 2940 4749 4352 1023 4325 3874 1746 145 1027 1659 4813
1925 4781 4071 3552 3670 3253 3052 2334 3633 4928 1006 3248 2064 2691 2623 2177 534 2130 3383 4708 2051 4097 1597 4996 1784 664 3647 311 1922 2695 1134 3894 829 2662 1459 158 1757 3458 3617 4981 3276 2116 299 2187 2429 2910 4882 3077 1246 4288 1973 152 989 717 1926 4991 4745 370 1634 3417 3482 2106 536 2979 501 534 2884 4474 4425 1607 2450 4915 261 1112 1779 4395 2094 2870 479 4013 4529 95 4174 4601 757 1736 4266 4127 2428 3045 2627 1556 2921 4175 3233 2316 3647 2018 2769 4082 1250 3145 2259 1226 2943 3957 1090 3345 3120 3139 806 2191 3435 679 2728 2512 4943 2491 3828 3989
4910 3841 3160 179 3784 2206 3494 4407 2344 3526 1582 783 169 3079 3100 97 134 197 4990 3799 3647 1465 401 2584 1440 487 3162 1179 4034 3305 4888 431 3152 3646 2415 1375 2069 1407 4665 4551 2252 538 1887 4219 1258 4130 1544 2214 749 1442 606 4688 3641 1060 1934 3624 1795 4103 2288 3960 4998 2912 773 4835 4661 1385 3609 3930 575 2993 3493 3424 3062 1142 855 1944 2772 3833 3980 2320 4324 344 3574 904 2825 4009 2866 4177 4515 3873 2786 189 3780 3832 1010 1702 1305 2179 4357 2444 4762 2992 2321 1252 44 2269 1643 3120 3878 872 4631 304 3640 3654 2282 2998 1299 209 4956 1072
1124 2433 28 1606 2406 305 2207 4814 2663 1328 644 3705 932 1400 954 3486 1005 1156 938 1112 580 2725 4803 532 4796 3158 1287 4355 4326 3543 1166 2392 3795 3129 1668 3079 1163 370 572 4647 3736 2958 3053 541 2540 3282 3710 1359 2929 101 706 2071 2066 1122 2495 2494 929 194 848 4443 2679 651 4176 362 4997 3141 2246 4255 4247 3621 2552 336 388 2188 2304 1836 3390 2033 4269 2246 1555 1648 1783 1039 3310 3470 1352 1394 3632 4353 399 2448 4190 39 776 803 3554 4482 679 2368 512 1485 3887 1994 4317 3391 2940 3139 872 15 2491 3146 1160 438 4499 1053 3722 1421 967 1076
1421 1472 2258 1243 1402 1134 3809 2482 4820 2925 965 1889 4194 161 4724 3002 4371 2351 88 4618 4169 2248 3630 4288 3250 1544 2537 2136 2921 810 3804 3102 4813 4379 4168 103 668 4299 2898 2151 384 84 3231 4521 3256 4292 3637 4749 4175 2800 4424 2323 1658 3518 2020 3235 1087 1854 2219 3502 2032 3723 2613 4740 4434 3192 4586 4343 4334 2780 3240 2664 1691 229 4574 2692 4463 256 3761 868 2205 2762 1867 3708 1596 3498 4160 1503 4335 1196 2659 3397 317 4536 2170 4799 3131 3942 3551 4134 4992 4381 1114 824 2004 266 4749 806 4631 2491 594 4042 2277 928 2913 2718 2968 502 768 4428
3770 3689 1830 3044 810 4534 4532 227 781 3461 3955 3250 2423 884 3206 2035 3891 3518 3512 994 4108 3654 3718 3951 2867 1860 807 789 4329 2918 1847 1104 2972 3402 3726 4103 1000 1555 1712 655 3619 4131 2864 3216 1323 3132 4894 1364 19 4422 114 3700 1079 1363 2894 536 4313 436 1679 4167 331 2497 664 3847 4779 2456 1206 2162 1028 2563 2237 3445 2913 3754 2088 643 3677 2631 3695 2807 3753 268 3810 3058 1070 4706 4410 3084 3134 1995 1259 2137 2247 2112 2808 4321 1181 3868 1567 4738 2089 4534 1529 4137 2237 1543 4352 2191 304 3146 4042 1369 3951 2336 4644 2574 4078 1445 34 2430
1427 1390 4558 4465 4989 2216 1790 3439 54 72 4484 3397 2324 14 3850 1749 4440 1740 4853 3887 1903 1224 3097 1782 2608 2917 4026 4273 2680 2483 1047 3870 4354 3108 4304 3191 103 2492 2561 4393 1495 3067 4221 4723 2473 534 600 2385 3671 1315 428 1261 1859 3406 4960 322 3098 4846 113 15 4137 258 930 3162 4160 3055 2365 3941 3531 4619 4711 3110 3661 4247 3207 3457 1043 2214 477 3194 310 2322 4472 3687 3169 934 146 4908 3555 698 2901 975 1369 1225 754 98 1862 2788 3457 3256 3806 2368 2644 4034 2769 2194 1023 3435 3640 1160 2277 3951 3626 3736 215 1181 2398 4754 1418 996
4935 4164 4676 3003 1895 2936 3703 3129 3346 151 1123 2997 1722 1022 4218 789 4050 3524 3456 3681 3155 4142 1114 196 3993 4391 535 3528 3728 3952 227 2335 3345 4857 2221 1632 154 3309 4794 588 4390 306 4326 897 4514 3647 2041 2319 841 2412 2381 3424 4209 4691 1923 2534 3239 4615 2288 4931 3526 3702 489 4307 3047 2983 3063 396 1017 172 4414 3470 36 3948 799 2853 1470 1983 3870 1509 1226 3281 4290 572 1711 4838 4043 1334 4543 4546 317 3188 1913 2449 2859 427 2425 806 4805 2725 1083 4243 3459 3028 1842 1766 4325 679 3654 438 928 2336 3736 4489 2826 931 3820 965 3026 2179
4276 2491 4680 1587 2185 4777 4515 3394 4669 4951 2916 1096 1269 1989 4681 3236 3487 3029 503 2690 1012 253 3802 645 608 158 4590 4132 3699 2378 3705 3516 2214 3190 4819 941 1685 4811 2585 4143 577 3181 240 4871 3865 2246 2288 3061 4201 4770 1172 268 1847 2605 1766 1835 1775 2505 2281 1410 692 651 4876 453 2712 4442 353 2338 2470 76 996 3088 1821 1016 4925 4012 2456 1777 3963 3007 3355 1966 151 3167 4669 4541 2430 821 2592 2066 3338 3140 2717 1662 3246 4008 4882 4167 1025 1909 44 1477 2076 3329 571 3341 3874 2728 2282 4499 2913 4644 215 2826 3800 4728 1090 2472 4795 2516
2603 1227 4515 1488 4464 2301 57 2307 835 1013 2619 2074 1612 4033 2246 2434 3129 3752 1193 4711 1917 3679 3887 1004 4735 2902 529 621 3233 4483 2619 1036 1123 2298 3333 1449 4702 2426 2604 4035 2621 4610 1434 3625 2214 2686 767 161 2726 753 1525 4685 678 2403 4859 886 4899 1149 4337 1395 2649 1847 4138 1640 4192 306 1543 3450 4238 2698 1930 1688 4046 584 680 263 572 4381 2701 1030 2414 473 378 3119 1482 4693 287 529 2821 3644 1264 1519 328 2761 1825 2870 3725 1123 3458 1417 3982 638 3038 4529 2946 682 1746 2512 2998 1053 2718 2574 1181 931 4728 3615 4273 2441 3219 4349
2824 3387 3367 1188 1397 4363 784 2006 4295 587 3756 2857 2046 4417 1988 1942 302 1936 1357 3673 1871 740 1184 1914 1605 4810 3928 2476 2554 4724 4025 1923 279 2073 3440 4841 1948 3302 2843 3980 1141 2731 2778 413 2953 2385 944 4156 1669 3619 3415 2797 3789 598 4956 2984 250 91 4234 2298 3848 280 4250 2440 3729 1943 1977 1511 3666 2722 4410 3832 3153 3130 1098 4221 3963 3095 351 1734 1678 3328 3511 2132 3426 564 4585 3993 4724 2826 518 3798 4496 1421 2998 1220 4152 631 2183 4532 3405 4312 2895 333 3910 1208 145 4943 1299 3722 2968 4078 2398 3820 1090 4273 1768 18 4773 961
4888 85 3332 378 665 289 3678 4742 3360 1617 76 1232 993 2948 2082 682 708 3200 2456 726 2475 4157 1846 4756 949 1869 2501 3494 4182 2140 4160 3315 3404 1719 1632 3017 4672 2172 3328 787 1950 3627 4790 4252 1478 3118 2021 4389 234 2794 3029 3974 2648 388 4240 3674 4552 3525 789 4888 2048 3466 2200 3582 4940 4262 4107 4521 2182 1896 4529 2807 3072 524 4003 744 2566 1207 4230 1812 3569 1777 2602 3690 2383 2946 1488 4923 2471 3766 2574 2622 3171 2736 1814 2314 2172 1003 2834 2746 525 3790 166 3207 1851 3184 1027 2491 209 1421 502 1445 4754 965 2472 2441 18 3566 1703 1045
1796 3325 350 4731 4512 841 3987 1719 1227 4184 1757 2765 2704 272 2520 2096 2076 4605 4622 1885 2891 4593 3993 2552 4344 1583 334 1492 3690 3427 1255 4095 976 3816 1091 4922 787 1666 2665 4258 988 2398 4580 3257 1695 1467 3867 3124 256 4318 2749 1039 868 4511 429 3814 1822 4547 3924 3797 3109 1746 4636 72 3038 350 4406 1001 3230 2226 290 33 2896 3928 4163 3920 770 2168 1154 2974 4533 2583 1618 1715 4930 4664 3578 992 4237 1562 3380 2308 4983 2423 1914 1406 877 1891 4183 3640 583 4293 585 321 1921 4786 1659 3828 4956 967 768 34 1418 3026 4795 3219 4773 1703 3680 727
1335 649 191 3248 3643 4182 18 4513 2376 3603 2024 2528 1262 2534 4978 4307 4221 3767 3847 3616 951 126 721 23 4014 744 1554 3598 160 1595 3364 2411 1009 3365 2625 4623 593 4764 2518 2728 3149 2018 796 4031 2959 3583 2170 1956 2357 994 4489 1135 2367 1860 3329 3003 3872 4658 1698 2413 1314 2304 1303 822 4683 2312 753 4962 213 3149 3512 714 2021 2443 1812 387 4523 192 2887 2717 3073 4108 4932 4593 1303 930 3232 2484 3609 875 2184 89 4031 4746 2306 1300 2414 2873 642 3148 3211 4834 3668 4832 4983 3724 4813 3989 1072 1076 4428 2430 996 2179 2516 4349 961 1045 727 26
