N: 120
M: 20
Symmetric: true
Triangle: false
4 21 42 84 82
4 39 11 41 18
5 9 104 49 97 52
3 36 66 50
9 68 45 38 74 17 40 20 32 83
8 54 53 99 119 117 55 8 95
5 80 57 73 25 62
7 85 112 30 10 58 24 87
7 44 2 111 105 13 86 94
10 31 27 47 107 63 22 71 98 65 89
6 67 5 96 1 90 46
5 110 109 102 51 61
6 34 116 26 106 37 77
7 23 12 69 76 91 92 79
6 88 60 78 120 14 6
6 7 70 64 56 3 115
4 33 114 28 108
8 75 16 59 4 48 100 19 118
2 93 43
8 29 113 35 72 15 103 81 101
3418 4659 3019 4878 352 2627 4448 1083 824 4280 4362 4692 2325 1336 612 3442 2404 1472 3860 3813 4646 1998 4582 2380 1660 3020 1378 1283 1756 2177 649 4612 1677 2486 832 2064 3299 1291 111 333 634 2918 655 4186 918 2931 3549 2183 990 2216 1961 2653 1295 1272 774 1681 2483 1434 3792 1486 4736 2499 2104 1340 2425 4158 4871 2312 1275 1099 2371 1951 4460 2649 2924 1833 3660 1995 789 168 1463 3640 2507 2506 3679 591 2899 2174 2116 2503 3548 4231 417 4627 2106 95 148 840 1999 2892 1250 585 3731 91 524 2218 4650 713 235 3215 3285 3225 273 3230 2141 3236 1323 3210 1913 4243
4659 3028 1812 4007 2921 1441 3630 1760 914 1593 4063 4256 4040 3197 3547 3857 96 3782 3195 4809 3973 1132 2680 1294 4554 2933 593 1091 1369 361 3372 3612 2400 4366 669 290 577 2138 477 4836 1135 162 2708 4138 1766 1448 3333 4822 333 1563 4918 832 1376 256 413 1760 641 3229 667 2624 693 4480 650 1890 3484 744 3478 1112 3462 3818 633 2376 178 3816 2182 4366 4299 3032 3311 624 3962 3808 773 119 4033 1676 1373 3069 2374 415 3892 1939 4550 870 184 3805 3564 2433 2424 1395 2576 2773 845 574 3149 2311 4847 1610 2598 2535 2742 3324 626 4241 636 4612 2215 4559 3081 4503
3019 1812 1665 1763 1318 1228 508 1811 3141 871 4453 1519 4534 4072 4875 694 4271 985 3811 482 1454 4162 4827 4162 1675 3753 1222 2189 4497 3392 4982 2827 4666 1626 3016 1155 106 2449 1816 1960 2908 625 2428 3135 1191 2184 1270 2840 3943 296 2519 4666 4047 2350 2740 4929 4090 194 3913 4066 3516 4558 110 2017 3726 3480 1842 946 3565 829 58 3663 3417 3758 33 4543 4855 2964 2251 4989 1729 500 1782 4448 4333 2714 4635 2427 318 1816 4936 2470 4138 3093 1961 572 3774 382 4711 4397 3511 2794 471 525 1287 3251 558 1314 1702 2725 3652 2786 3050 3649 1837 1261 2406 3143 850 2822
4878 4007 1763 4801 771 991 3382 4996 605 1138 2182 4419 1444 4551 2568 2999 4896 2324 2286 1259 3697 2582 929 2419 689 1692 1311 3663 4356 4439 2552 4719 1736 904 4851 2302 2277 2126 3880 158 1747 1248 1097 1444 1257 3917 1524 4617 3283 3276 3104 1430 2376 2202 1095 2234 3072 4309 77 1512 682 3427 2256 1950 842 1805 695 4083 3170 2742 732 1243 3950 4851 4952 4390 83 2491 3687 1212 1895 150 3887 3303 2093 2692 3158 1014 2902 4503 3655 2091 2457 2679 2181 2201 1055 2423 4917 2928 3621 2669 2211 4910 1615 1591 1342 4969 2736 82 1199 2400 3618 517 3285 979 1754 4412 3090 3617
352 2921 1318 771 1349 140 1508 3595 4351 830 4901 4189 3657 2390 548 951 2478 648 1731 1366 2547 2524 4025 3893 1371 703 3707 4707 1802 1025 1213 4681 1146 4612 2900 4524 2111 3543 3974 3875 1598 827 1771 1234 3423 185 3859 4221 3982 4173 1328 3494 3320 4220 357 4625 2693 1920 3068 78 262 2169 3198 1046 4244 4219 1794 1365 2708 2866 29 1837 2693 663 492 2455 4681 3522 3251 2231 2776 881 2233 4832 1948 4292 1458 764 4804 2492 1001 2209 169 4849 1435 1924 4890 2198 2970 990 2358 2758 449 3913 1309 2349 211 4930 1064 4650 3754 2337 4228 3381 4195 2675 3941 3436 1524 1790
2627 1441 1228 991 140 3144 662 4155 3778 3005 89 614 1595 1432 459 36 3696 2160 4776 1477 4012 20 978 3160 4487 3421 4676 3847 690 3028 2906 3005 419 4661 1640 723 24 4073 4594 3646 1195 1879 4819 2206 3213 2317 3659 3822 3257 2156 2795 2354 2579 2849 4047 347 4288 478 170 1024 3633 4770 1440 4188 3090 4507 800 1736 4427 3534 264 3538 1617 674 4658 858 844 3485 2202 3604 2908 1786 383 702 632 3629 2540 1736 4142 4680 1817 1518 3704 526 421 3293 4260 732 1062 676 3876 3501 3098 1502 980 1515 1147 3393 1891 1507 853 1895 3912 3946 2553 131 692 3725 1170 2069
4448 3630 508 3382 1508 662 4918 2442 4130 2164 1525 756 1734 4678 597 2216 1236 2872 3720 257 4776 21 3908 4954 3951 1997 3291 4847 1058 4124 4810 795 422 1213 4956 4227 703 2807 2523 4008 163 4423 2315 3986 4433 921 3416 3995 1853 672 2077 789 4878 2038 4501 2065 4806 4057 2630 4633 677 1969 2275 4531 1483 2200 362 946 4819 3845 4924 2261 892 4328 1631 2325 4229 466 297 1998 4891 2660 817 323 950 2175 1716 2972 2031 2389 4029 4888 4505 783 421 205 2680 4578 557 3893 1561 2665 3980 2255 2017 2812 2839 306 4399 3719 541 1981 1498 158 4874 4693 4041 938 2734 303
1083 1760 1811 4996 3595 4155 2442 1211 1318 1019 568 1175 3423 4992 4110 3596 1159 1487 4069 2276 2835 1350 998 144 1439 1350 2376 2426 134 418 2338 1308 3263 2043 3128 304 3166 4989 1114 3198 3025 632 2538 4521 491 2748 2867 4455 847 1522 2448 2303 3412 1896 2154 3421 4774 3480 3843 4853 2176 2909 2760 966 3293 4306 3748 4334 4906 1828 1605 1110 4445 3340 3496 1604 4588 3362 56 1937 4642 2678 1950 2118 2961 1303 2822 4855 4785 1505 873 1015 1789 2614 2144 3197 1915 2888 3426 1321 2687 3180 1294 288 3572 2259 1873 1734 310 1000 3198 52 389 4161 2150 4862 1935 110 3042 3807
824 914 3141 605 4351 3778 4130 1318 4052 2168 711 3310 4462 650 4962 335 635 836 2690 2497 3888 2310 4045 3526 3148 362 1813 2065 4539 4650 1331 11 2975 708 120 749 1909 3502 4071 3679 224 2385 3504 4136 2296 3304 2197 4025 4133 1950 185 789 2359 453 4795 595 14 2420 2834 2766 2639 3217 1795 262 4251 656 1569 4188 1128 1133 3466 1003 1110 1975 4373 4683 3205 3579 1101 306 1811 399 3164 4642 402 2909 2589 2281 2057 456 3749 4463 444 1393 2429 1839 3726 1877 3911 773 4595 3373 2986 3453 2081 3308 2011 2948 3154 2774 2302 3746 87 296 203 3848 67 1198 4459 746
4280 1593 871 1138 830 3005 2164 1019 2168 751 2475 4212 77 3343 3947 4073 1653 3351 3938 28 301 1223 1440 4750 2175 2084 2834 3441 1341 4932 2935 3005 3054 1550 4439 3585 2802 1052 2821 1604 4285 3869 3689 3971 2822 246 2071 3042 3361 116 1125 2516 3187 1038 2145 2219 2191 4686 1126 2842 1070 2556 4472 389 2194 358 365 4968 4574 121 4350 1745 1479 344 1305 3666 320 4321 1548 450 1566 4745 1786 1894 830 554 259 3600 2607 3602 2698 3710 3841 502 3799 1573 3439 4753 4407 162 342 3951 3595 671 3256 1921 225 2092 2864 4157 1687 3231 2830 4646 2968 3889 2158 1746 2151 3160
4362 4063 4453 2182 4901 89 1525 568 711 2475 3816 3210 418 532 2886 3895 1037 1944 4151 2386 1118 1475 551 2802 1898 329 2318 1011 1703 51 2776 2444 330 3583 1666 1895 273 3976 4743 3267 2551 2025 3927 1517 940 4924 3832 4826 4853 1477 144 1547 717 2001 791 1243 1911 2377 4451 1761 4355 638 4822 1400 3200 593 3413 2387 4536 1832 2561 291 1111 2901 3372 223 2756 2930 2444 707 3877 4170 4895 2632 4818 1322 2796 1556 2445 1733 3585 1689 3967 1865 982 1257 1885 4201 2488 4830 3578 3309 348 1335 3004 2426 4583 1736 1881 565 4710 4615 1886 3435 4065 3803 1721 1239 2420 4234
4692 4256 1519 4419 4189 614 756 1175 3310 4212 3210 4235 3545 3754 1549 3013 614 4001 1540 4123 1368 2327 1161 1911 3893 3802 4414 1358 4804 4161 3128 479 3470 1896 1633 3308 3884 1487 874 3557 4302 3032 1009 3741 3398 4380 2616 3824 33 1084 1704 4788 3874 4721 2898 2567 3035 1352 4592 1921 3768 675 4645 35 3121 3503 3142 1138 2745 4947 1856 1792 514 1823 1912 1930 4672 1114 3124 2885 4933 318 467 4964 3165 3920 1548 4810 2647 1346 4789 1929 2207 4310 2499 911 1750 2178 2384 633 2602 3169 3564 2473 1801 69 3879 1938 3975 47 4281 4384 1891 4175 3079 4367 173 314 1789 4925
2325 4040 4534 1444 3657 1595 1734 3423 4462 77 418 3545 4575 2889 2045 2587 1351 1667 3301 1849 3093 629 3692 143 788 2659 1758 3209 870 4158 2099 3486 2730 347 1682 1402 1212 1850 2872 988 171 1104 1195 3247 1093 4302 3470 2835 4610 1821 4236 4021 1663 4109 1662 2214 429 2282 4569 4348 2604 865 177 2932 1775 102 4063 3911 3306 4451 208 2289 349 1217 3671 939 3558 1596 4007 4151 3254 4212 2471 2505 4549 4833 2187 3720 551 284 3198 3785 518 3085 1019 2839 3441 3728 1598 4512 2281 2077 2953 2931 912 2052 761 475 3738 2779 1358 1137 2751 3197 2247 2213 1473 995 1078 1041
1336 3197 4072 4551 2390 1432 4678 4992 650 3343 532 3754 2889 1701 3848 4630 917 72 1325 2887 3131 303 1116 4013 288 1835 1115 2257 3276 4754 1046 4751 2435 1777 191 4039 2543 2106 4682 4463 2947 972 357 2211 1924 2369 859 4166 2030 81 4304 3061 2008 1098 3274 4110 3398 1509 268 3111 2165 3215 4060 491 2961 1452 4694 1513 1356 3763 1464 328 2998 4254 1849 1211 3208 2543 2711 742 1719 2332 620 2973 2077 2404 3099 3090 1629 2998 4161 2962 2639 2309 2663 3794 206 2926 573 184 4674 1073 3246 425 910 380 2113 3322 2047 1197 4534 306 1541 2015 1852 1753 823 3816 4840 2979
612 3547 4875 2568 548 459 597 4110 4962 3947 2886 1549 2045 3848 2656 236 3976 1979 1436 3612 2348 3130 3747 500 2338 2075 3488 3843 1212 2968 4419 3699 1669 433 3634 1124 4572 4226 3713 2659 3567 3286 2717 762 3606 285 155 4438 736 4519 1760 3726 1398 2705 972 600 2366 3279 3018 4556 42 3594 1552 4434 2759 882 4961 785 1352 2334 3301 2129 4134 1991 1689 522 1020 652 3310 1077 69 244 2335 3986 3070 3571 4663 3177 3782 3761 2350 1140 2540 21 3506 666 1022 3026 3362 2354 1130 3350 973 4582 2342 1062 1544 81 3271 251 2791 926 2846 1147 1383 4408 1286 3489 3424 3015
3442 3857 694 2999 951 36 2216 3596 335 4073 3895 3013 2587 4630 236 1934 1023 97 3998 1279 1280 862 2186 3532 763 4900 3378 3891 1691 1503 1599 2616 3826 2936 124 1618 438 3231 3914 1642 3695 4773 18 1805 1548 3182 4864 1038 4667 2403 1563 4306 272 646 1796 3339 4267 3652 2653 2339 2901 998 3740 1360 1404 3072 454 992 1316 2502 636 1105 4944 2876 2690 3200 1835 2393 3546 868 1142 3463 1144 695 426 2769 1515 4192 1496 3307 4051 3637 2488 2915 4996 503 3909 1529 3421 3335 886 2772 298 1307 4714 381 3647 2235 1450 3453 1290 2787 4214 433 84 4211 2263 756 3857 3269
2404 96 4271 4896 2478 3696 1236 1159 635 1653 1037 614 1351 917 3976 1023 930 4053 4610 4548 3940 1401 4987 3045 1490 4297 1037 3196 4739 431 2273 78 1822 1739 4176 3660 1491 2227 192 4886 2278 4441 3024 3314 4531 3951 1648 4227 4177 1494 2991 4275 3149 4991 4153 1707 2295 2616 1625 2108 2473 522 40 4355 274 2692 1328 774 2889 3685 2073 1519 4388 4670 2215 1464 2157 4839 1463 2673 3641 595 299 2193 243 4936 370 3851 3643 3839 616 2790 3638 895 4684 4906 822 3680 90 3867 1124 1435 2778 1935 682 4991 241 445 4599 4050 674 927 4978 4667 925 2311 2157 4319 2724 1755
1472 3782 985 2324 648 2160 2872 1487 836 3351 1944 4001 1667 72 1979 97 4053 1337 2506 1777 2396 1266 1602 2464 3460 1029 1200 4500 2225 3050 647 750 4103 4679 2057 2354 4543 4192 1575 2099 2754 3018 876 573 3480 442 3123 3668 281 4384 3141 4821 2642 4918 4062 1746 4243 3062 3283 3628 3449 2368 932 2707 1478 4172 3057 4061 2746 110 1990 2835 3627 2752 643 1800 1257 440 4606 1298 2227 3430 2490 2229 1255 2555 4706 4228 4601 3941 1862 3535 4675 2565 2883 2604 991 4352 3129 4267 2134 2860 2175 4956 2802 3844 4938 2242 3359 2373 4182 1994 3205 3073 641 867 4281 3895 502 2121
3860 3195 3811 2286 1731 4776 3720 4069 2690 3938 4151 1540 3301 1325 1436 3998 4610 2506 4015 280 1620 3089 2874 2015 2848 3600 1640 1529 4071 2359 2791 2450 2701 4270 1921 91 440 2861 3464 1900 1597 1698 2520 346 135 1474 99 4374 4274 1883 3041 4046 696 421 4187 2600 1797 2434 1450 3163 1701 500 1383 2764 3730 608 576 1349 125 4295 134 1113 2590 4055 4373 4513 2349 1815 186 1293 3856 4898 4279 3932 4789 1390 1715 4210 1111 610 50 4788 714 240 401 578 4051 4603 2097 1603 1893 4056 1696 970 3144 4689 337 2557 3112 68 2668 4411 769 770 1868 933 2969 2632 261 3300
3813 4809 482 1259 1366 1477 257 2276 2497 28 2386 4123 1849 2887 3612 1279 4548 1777 280 1531 3553 2698 3966 972 4373 698 2155 3283 4763 3788 2865 325 4803 4409 2071 2874 1192 4894 3415 945 3324 3468 1103 2934 4666 4155 1976 4173 604 920 1139 2503 402 832 3227 822 1657 2203 3646 3353 2291 2588 3970 1322 1794 1557 2706 176 1355 4932 2950 3515 4656 402 4565 2085 568 4741 1784 1772 2066 4511 1225 3840 3856 3266 507 1402 2389 819 4543 2746 1945 3369 2250 4512 2121 686 4691 3159 1873 2001 2395 1921 3098 1739 116 469 4047 2063 1952 4005 312 2461 529 1305 4196 4191 3365 1505
4646 3973 1454 3697 2547 4012 4776 2835 3888 301 1118 1368 3093 3131 2348 1280 3940 2396 1620 3553 2566 1074 3477 1567 1825 2847 2998 2751 141 4778 1523 2595 3194 3347 1840 2627 1653 4241 3612 2766 3029 3044 1613 4229 437 631 4170 2923 4847 255 653 360 1736 3886 4341 2230 759 3393 1844 1568 353 3568 614 685 4391 1504 2788 1391 951 1030 4221 4965 4930 52 902 447 3225 1202 4999 866 32 1543 3647 917 1325 114 2277 3931 3065 3187 4761 3501 442 3251 2930 4430 3886 4451 2177 2852 3071 2073 3700 3320 4686 4783 2464 1207 991 2478 3166 2433 4516 4641 394 2639 372 1367 418 1274
1998 1132 4162 2582 2524 20 21 1350 2310 1223 1475 2327 629 303 3130 862 1401 1266 3089 2698 1074 4735 486 1437 4562 4363 424 3459 2255 4519 1858 1641 3149 3339 2413 1226 3366 2918 4749 3346 3045 624 2878 1791 984 1153 432 650 4752 2622 3759 1140 2937 1796 3329 93 1393 4639 2692 1395 4622 71 3552 3365 311 873 4377 1203 1484 629 1794 96 3121 2943 4409 293 200 1856 1954 2401 4162 3284 1551 4975 3055 4819 3631 3364 2333 4858 4297 351 1414 92 2644 3170 4426 740 76 3345 2704 1345 4064 2586 930 4831 658 4085 1923 1699 1646 2674 1860 2681 4597 4549 2691 1443 4723 695
4582 2680 4827 929 4025 978 3908 998 4045 1440 551 1161 3692 1116 3747 2186 4987 1602 2874 3966 3477 486 1518 2332 4985 1387 4049 3514 3060 256 1547 3957 4803 1197 1382 3098 574 195 3242 4997 3914 2883 3413 248 3645 600 431 2451 3011 4150 2631 4569 696 1994 3267 1123 1531 1209 1178 3573 4918 821 2691 1788 4014 3954 3243 4162 1811 2300 4931 4414 4734 2826 3347 3860 4195 697 803 4367 1555 110 2432 438 3953 2428 2313 2786 2982 2600 1638 2700 659 1181 3535 3576 2594 987 4016 1652 4812 728 4369 2659 1091 3505 4612 667 2523 3510 3485 4189 2840 3922 1870 3166 3935 2651 3423 2217
2380 1294 4162 2419 3893 3160 4954 144 3526 4750 2802 1911 143 4013 500 3532 3045 2464 2015 972 1567 1437 2332 760 261 2876 3142 1383 3839 2879 3888 3815 127 3223 1181 4154 1593 3290 3073 3134 4561 2564 3634 3235 4617 2538 2473 839 1727 2817 2799 825 2032 1002 3064 3730 1421 4763 4913 1427 2924 1972 1916 3955 2641 3545 1424 4294 548 1226 277 1067 3192 2453 4922 3553 1031 3402 1039 4519 4002 379 3576 1437 273 3964 4499 331 2169 1121 3316 849 412 1921 752 4869 1877 1472 2114 4081 105 3032 4402 4830 3761 4327 2770 3627 2253 932 2503 3391 2206 109 4820 1521 3162 1674 3813 683
1660 4554 1675 689 1371 4487 3951 1439 3148 2175 1898 3893 788 288 2338 763 1490 3460 2848 4373 1825 4562 4985 261 1981 2984 3983 4677 3481 2877 2530 861 3103 2635 3073 2316 4946 3329 4368 4886 1940 1040 3462 3423 1057 4179 406 3372 4095 220 1516 4228 3310 1642 4707 1951 1557 3792 4594 1432 3711 1760 3824 468 3069 1387 1901 2610 3897 3044 3781 3509 286 4277 3673 209 2537 4159 3612 4288 3484 3010 3656 3984 1615 1183 3689 4830 236 4409 482 1857 4470 426 662 4473 1876 1327 2004 2622 4881 4450 2818 342 788 2094 4983 873 339 3554 1557 3773 1903 1756 2349 4205 789 4430 1920 1861
3020 2933 3753 1692 703 3421 1997 1350 362 2084 329 3802 2659 1835 2075 4900 4297 1029 3600 698 2847 4363 1387 2876 2984 3671 3338 279 1759 2705 2681 3927 3291 2552 4790 4438 4304 2341 1894 353 4852 1737 309 524 3245 3593 1799 4371 1094 3452 2310 3762 4320 2288 2615 1457 1667 1113 1011 1762 1089 138 4877 1975 2217 4332 1677 1199 1532 551 1265 2112 1595 3911 1014 3396 1210 2763 4093 2064 689 1242 3641 1094 3133 126 599 3445 2605 4252 3251 344 499 2757 2966 2677 4601 3446 379 3872 3421 1070 4546 1155 1676 4686 4917 1390 2556 3915 3426 2971 2725 2157 69 294 4028 2231 3444 145
1378 593 1222 1311 3707 4676 3291 2376 1813 2834 2318 4414 1758 1115 3488 3378 1037 1200 1640 2155 2998 424 4049 3142 3983 3338 3405 1885 912 3192 4584 2484 415 2301 3066 696 4351 47 2298 593 545 4689 3464 594 4148 1457 3019 4982 2229 1634 649 2419 168 4216 3969 4449 3555 1195 3226 2598 1846 2236 3259 2462 3512 2134 614 2897 2647 143 109 2852 2068 2190 4357 812 4734 4511 1686 4665 4866 2995 2304 2861 3160 1635 2619 4966 2508 438 2044 4202 3313 982 2464 3570 270 1662 337 1894 3494 3613 4613 1790 482 2485 19 2454 4703 2404 3520 2904 3125 954 623 1556 3040 3054 3894 1965
1283 1091 2189 3663 4707 3847 4847 2426 2065 3441 1011 1358 3209 2257 3843 3891 3196 4500 1529 3283 2751 3459 3514 1383 4677 279 1885 3335 3431 2351 197 1222 792 1874 2281 1569 183 4419 3333 3062 405 3111 3712 4855 305 1800 3387 3689 2684 4478 3690 80 1857 820 2121 2070 4785 350 4759 147 1682 1063 2932 4186 746 4729 1081 2482 4687 1466 1608 4306 1500 3565 2703 78 3510 2749 4035 652 4027 259 2332 791 3806 978 2753 3588 1469 452 3499 2227 151 1217 2752 838 534 1046 3771 4557 3786 4731 1998 2526 3689 4597 2398 2694 334 3869 707 2919 1239 1046 831 1350 1636 3872 4219 859
1756 1369 4497 4356 1802 690 1058 134 4539 1341 1703 4804 870 3276 1212 1691 4739 2225 4071 4763 141 2255 3060 3839 3481 1759 912 3431 3969 4524 3778 1899 2961 2960 4335 614 3969 4464 4408 1378 1038 1522 1971 1935 3568 2463 4525 4502 1731 1595 4751 4135 2042 3064 114 4609 1320 4683 1631 579 2355 632 2118 2877 2064 3211 728 3096 4496 3160 4715 4562 2203 1683 2917 1921 2830 327 2072 356 1651 4583 1883 4053 1444 3124 2979 3789 4966 2420 1868 4304 1625 1222 673 2530 2893 3818 4838 1764 3650 4845 1284 935 2492 4884 1322 3344 3646 4571 3494 3842 410 665 2668 2379 963 4941 4990 314
2177 361 3392 4439 1025 3028 4124 418 4650 4932 51 4161 4158 4754 2968 1503 431 3050 2359 3788 4778 4519 256 2879 2877 2705 3192 2351 4524 1386 2571 2341 4611 4690 3637 605 3227 371 1322 203 1242 3323 4113 1982 4815 3803 2731 944 3637 979 4017 4655 2362 2154 3910 4652 480 2193 2337 4757 2908 1853 2638 3705 1140 4529 4127 4229 2390 3195 2694 2675 1863 91 166 977 1146 3464 2755 3463 992 1184 4412 2409 4250 2557 4537 3212 4860 1563 3211 4784 3877 2176 927 1512 46 1155 3148 1827 4456 1195 4576 458 4846 1102 1732 3135 1104 2312 3941 1069 1823 4742 1239 864 3665 4666 522 439
649 3372 4982 2552 1213 2906 4810 2338 1331 2935 2776 3128 2099 1046 4419 1599 2273 647 2791 2865 1523 1858 1547 3888 2530 2681 4584 197 3778 2571 4063 2610 3830 2371 2912 4974 4593 4607 1300 749 4589 2231 1879 3453 2379 4707 3834 4937 1305 2013 2846 3737 3812 2572 1314 3023 3813 2476 3389 3650 57 3323 2439 1679 541 2843 2564 4542 2685 4439 4928 2552 1550 3031 3299 2731 3137 870 1367 2225 2116 1366 4137 1427 3185 2954 3360 2927 2589 3303 3686 4545 2383 4493 2479 1704 2655 4667 1370 1151 4033 3055 4054 1089 3806 3162 1658 1677 832 1481 2743 1718 2695 1630 2276 3005 4146 2233 3407 3520
4612 3612 2827 4719 4681 3005 795 1308 11 3005 2444 479 3486 4751 3699 2616 78 750 2450 325 2595 1641 3957 3815 861 3927 2484 1222 1899 2341 2610 4545 4137 438 902 1222 235 1996 3434 3341 4727 246 4066 1873 295 4551 217 1859 477 4780 4909 4503 2820 2133 911 4887 3346 1164 1685 4833 4150 4825 2651 4562 514 1510 2175 45 3176 1137 711 2130 3542 3033 3251 131 2127 1217 1280 798 4714 2944 2176 3829 2827 2231 2133 4747 1704 4837 2286 4901 4946 255 2618 3090 3130 4661 4072 3596 2496 1479 4380 2790 4365 2468 3603 345 1385 1773 4591 2649 4169 3732 2823 3480 1409 2767 38 4145
1677 2400 4666 1736 1146 419 422 3263 2975 3054 330 3470 2730 2435 1669 3826 1822 4103 2701 4803 3194 3149 4803 127 3103 3291 415 792 2961 4611 3830 4137 1667 1385 1436 157 1926 3335 1081 2201 2588 2812 4555 3323 2384 756 4827 4008 4826 1872 4003 1242 43 827 2204 1073 276 2918 472 633 3407 4526 1042 2353 3288 2736 4936 758 4789 3050 630 3442 2408 2525 1582 710 4391 83 4431 767 3195 3736 3722 4405 1881 2622 895 1753 4390 2638 4954 2709 4679 4191 2703 1824 2211 2085 473 1866 4520 295 256 106 3994 3871 1570 3029 251 1820 193 4905 1046 2277 862 3187 56 1386 2285 4111
2486 4366 1626 904 4612 4661 1213 2043 708 1550 3583 1896 347 1777 433 2936 1739 4679 4270 4409 3347 3339 1197 3223 2635 2552 2301 1874 2960 4690 2371 438 1385 2876 1600 4193 4687 1811 2882 3922 794 2868 1003 1624 3422 1315 998 1372 544 646 3090 988 4777 3235 1993 753 1608 264 2768 2616 3117 4630 2212 2080 2876 3918 39 4584 2183 2173 469 4057 4423 1405 4123 3372 3563 4249 3029 160 4720 3767 4088 3001 987 2647 3341 1924 2578 461 54 1488 2472 3868 4806 241 4838 3512 3620 140 385 2961 1640 921 581 1471 974 673 4702 4491 3743 728 4548 2143 3238 1944 1296 4859 254 2814
832 669 3016 4851 2900 1640 4956 3128 120 4439 1666 1633 1682 191 3634 124 4176 2057 1921 2071 1840 2413 1382 1181 3073 4790 3066 2281 4335 3637 2912 902 1436 1600 2496 425 988 1611 961 3451 926 3237 2895 3829 1926 2723 3727 1043 1824 4601 2162 321 795 2776 1550 1654 4218 3232 2825 1874 1669 3513 429 3503 3965 2833 1187 2265 269 4036 1880 772 4376 909 856 2193 1874 654 2405 703 1347 4516 4403 1030 2178 1948 1293 1564 364 1238 4302 2577 1082 2302 2749 3125 1869 3493 4201 710 145 943 2715 1930 4908 3807 2285 3341 354 3687 2883 1900 4598 482 753 4418 4291 3525 1510 2973
2064 290 1155 2302 4524 723 4227 304 749 3585 1895 3308 1402 4039 1124 1618 3660 2354 91 2874 2627 1226 3098 4154 2316 4438 696 1569 614 605 4974 1222 157 4193 425 200 4244 640 3069 2178 1831 1611 152 2625 4339 753 2462 222 2684 1725 3607 3542 3031 632 4445 2413 2789 4956 2037 4545 4991 3439 4119 304 3763 3412 2722 1488 4260 3634 500 3421 2283 1356 3877 3470 4816 1752 968 1083 1155 4143 352 3216 75 3880 3508 162 4315 2517 2285 967 2292 2952 4923 1048 4458 4256 3931 3688 26 4053 477 2113 4468 3318 4094 1166 2354 3125 170 462 1346 3354 2240 2100 3833 2227 4232 4590
3299 577 106 2277 2111 24 703 3166 1909 2802 273 3884 1212 2543 4572 438 1491 4543 440 1192 1653 3366 574 1593 4946 4304 4351 183 3969 3227 4593 235 1926 4687 988 4244 381 1818 4018 4765 2365 138 89 3277 3492 4756 3703 4440 4210 3731 219 2651 2765 249 910 549 2266 4747 3169 3722 1734 2751 254 712 4123 2934 4520 2913 2758 3088 849 4383 357 2312 1595 2609 2078 237 4611 3795 4204 910 3430 4267 4670 4687 3729 1903 932 1811 3254 2282 1909 1296 3544 3490 1017 1647 4468 3101 4086 2531 1325 366 4483 3403 3875 4914 1125 1581 985 2780 219 1200 3054 751 963 313 2042 4380
1291 2138 2449 2126 3543 4073 2807 4989 3502 1052 3976 1487 1850 2106 4226 3231 2227 4192 2861 4894 4241 2918 195 3290 3329 2341 47 4419 4464 371 4607 1996 3335 1811 1611 640 1818 4562 3025 2230 1816 1846 191 1138 713 471 3530 2768 68 4968 3747 979 2439 1882 2061 3475 4112 4260 1169 3638 4236 1036 4134 3769 4362 3110 4583 2043 2437 1781 2829 4927 2951 4463 767 3275 2815 3697 1291 3037 2976 3345 975 2703 4482 2207 1775 3875 4779 2223 2444 1978 1903 2815 3205 1944 2257 1082 1747 2664 2499 1160 4465 471 3934 4803 1160 2998 4745 552 3620 1412 2237 380 2862 4787 3505 4170 568 552
111 477 1816 3880 3974 4594 2523 1114 4071 2821 4743 874 2872 4682 3713 3914 192 1575 3464 3415 3612 4749 3242 3073 4368 1894 2298 3333 4408 1322 1300 3434 1081 2882 961 3069 4018 3025 2490 3806 3919 4114 568 2857 3322 3400 1125 542 3547 1658 4039 3657 4103 4177 542 4623 556 619 3218 1665 120 2582 4916 1807 4202 2207 3363 2109 4683 868 2155 1775 67 713 3746 2261 4620 3514 3758 950 301 272 1548 3454 4265 4593 1611 2637 1162 774 2200 3006 2053 4985 645 2741 4174 2541 4968 4446 1620 3784 1562 4917 1981 4795 3364 2122 1788 3234 299 3276 1219 3131 4662 2892 67 1219 4500 3491
333 4836 1960 158 3875 3646 4008 3198 3679 1604 3267 3557 988 4463 2659 1642 4886 2099 1900 945 2766 3346 4997 3134 4886 353 593 3062 1378 203 749 3341 2201 3922 3451 2178 4765 2230 3806 3853 696 4536 2057 1284 881 1676 4838 664 2468 3209 2257 1969 3489 4356 4634 4645 501 4491 1821 3522 2898 4422 4636 1821 2242 1838 820 4294 1763 4373 2587 4321 1443 1507 896 400 3563 1167 4450 1560 1688 4465 3517 4068 1768 2121 3872 263 2433 4289 4525 1664 1470 2549 4091 378 2801 4598 3181 1373 10 939 3824 2342 4555 4144 3976 4665 4309 1593 2676 602 1550 524 3004 4290 48 3824 2893 1563
634 1135 2908 1747 1598 1195 163 3025 224 4285 2551 4302 171 2947 3567 3695 2278 2754 1597 3324 3029 3045 3914 4561 1940 4852 545 405 1038 1242 4589 4727 2588 794 926 1831 2365 1816 3919 696 2730 1359 763 4483 4291 3366 16 2175 4430 2438 1352 3779 555 1268 4274 1604 1839 1466 923 1173 2359 3855 1492 1685 2880 3746 2493 3128 1479 641 4327 1344 2479 2819 3631 880 3778 20 849 4723 4054 1722 29 2260 4761 836 2946 4091 3148 800 3356 39 822 561 11 4192 3971 2107 4877 4759 2231 1466 504 3655 4481 2386 3237 4518 3086 940 4740 4086 3174 4529 2869 4635 3602 4885 877 3718
2918 162 625 1248 827 1879 4423 632 2385 3869 2025 3032 1104 972 3286 4773 4441 3018 1698 3468 3044 624 2883 2564 1040 1737 4689 3111 1522 3323 2231 246 2812 2868 3237 1611 138 1846 4114 4536 1359 3295 2396 702 4526 2669 4522 517 2133 4555 3966 3521 644 1135 3609 3132 4436 3510 1554 4595 560 468 991 1883 4818 3853 4331 3149 2567 2349 2039 4620 346 1239 709 312 1717 241 3069 1642 4231 4065 2461 4523 1992 2962 1027 2651 4455 3271 498 1181 150 1360 4570 1560 899 1955 3124 256 3275 1945 727 1571 3620 3022 1709 2494 4537 4692 3600 577 81 4069 3893 3783 1562 4646 3301 2877
655 2708 2428 1097 1771 4819 2315 2538 3504 3689 3927 1009 1195 357 2717 18 3024 876 2520 1103 1613 2878 3413 3634 3462 309 3464 3712 1971 4113 1879 4066 4555 1003 2895 152 89 191 568 2057 763 2396 1415 27 4955 3231 1659 4103 4396 4523 1903 4917 3977 3257 4634 3099 531 4298 2673 1109 820 3845 2624 4162 4444 3464 3516 4089 3334 3219 3055 4496 2423 4659 248 2780 1801 2634 1123 4047 1112 1919 196 1241 4060 2081 4998 634 3758 1421 690 1265 1774 4348 4123 279 2930 709 1492 438 2315 4270 3316 1937 3500 4608 2197 4114 4411 4385 2460 1385 4478 3073 214 3179 3568 2305 768 1296
4186 4138 3135 1444 1234 2206 3986 4521 4136 3971 1517 3741 3247 2211 762 1805 3314 573 346 2934 4229 1791 248 3235 3423 524 594 4855 1935 1982 3453 1873 3323 1624 3829 2625 3277 1138 2857 1284 4483 702 27 330 3116 3726 559 545 2873 4762 692 3674 2780 3960 913 3334 1191 4796 1614 4780 783 1005 2832 3679 3532 1528 2093 375 3946 1867 3577 2638 3210 1671 182 2770 77 2957 774 1165 533 1608 3832 3834 4380 1465 899 3941 4256 664 1563 2994 4016 1180 982 1234 4973 839 4560 3519 1658 2362 45 1233 2006 3138 223 4601 1517 1605 2087 2596 1894 2054 3182 4349 2302 3060 3595 1593
918 1766 1191 1257 3423 3213 4433 491 2296 2822 940 3398 1093 1924 3606 1548 4531 3480 135 4666 437 984 3645 4617 1057 3245 4148 305 3568 4815 2379 295 2384 3422 1926 4339 3492 713 3322 881 4291 4526 4955 3116 3863 3495 2613 3412 3152 68 565 1583 3812 1222 2422 2246 3872 1112 3093 2388 76 2367 1661 368 215 233 663 1325 1723 4985 4205 488 2865 1943 4668 1812 251 1102 1353 2181 3630 3216 840 1351 2641 2689 3439 4145 4687 3570 1891 2488 2886 1586 3335 1973 2660 2408 458 1353 2148 1561 2823 290 537 1518 1680 2690 2278 3163 2647 2715 2097 3223 3408 285 4838 2189 3866 1922
2931 1448 2184 3917 185 2317 921 2748 3304 246 4924 4380 4302 2369 285 3182 3951 442 1474 4155 631 1153 600 2538 4179 3593 1457 1800 2463 3803 4707 4551 756 1315 2723 753 4756 471 3400 1676 3366 2669 3231 3726 3495 140 2070 4627 3428 2448 2423 1788 4596 1567 197 4935 1257 1515 3383 1820 3638 2729 1422 2803 3676 1594 2697 3004 1422 3652 3723 405 3433 4148 2199 3686 362 77 3119 1206 719 3673 3921 1890 4787 2067 4578 3417 2281 2414 3000 4248 1394 1320 185 3813 2296 2219 4177 902 1623 469 3036 3275 1372 3260 1107 2534 4126 3570 4008 4206 4498 4941 3304 4507 1150 4335 3786 3839
3549 3333 1270 1524 3859 3659 3416 2867 2197 2071 3832 2616 3470 859 155 4864 1648 3123 99 1976 4170 432 431 2473 406 1799 3019 3387 4525 2731 3834 217 4827 998 3727 2462 3703 3530 1125 4838 16 4522 1659 559 2613 2070 2380 657 4247 3114 4638 2003 4599 3062 4988 4994 3152 1210 4164 3262 1436 395 2142 1323 3101 328 3651 2800 253 4710 1170 3140 259 3455 677 3968 271 1452 3947 1640 4491 3133 1913 2297 902 1295 3759 1231 3456 343 3057 1073 4781 3591 2020 2175 1583 3042 4185 4822 3558 2342 725 720 4317 3699 3555 3391 848 2381 3912 2159 3047 2451 4806 780 1659 4763 2927 1424
2183 4822 2840 4617 4221 3822 3995 4455 4025 3042 4826 3824 2835 4166 4438 1038 4227 3668 4374 4173 2923 650 2451 839 3372 4371 4982 3689 4502 944 4937 1859 4008 1372 1043 222 4440 2768 542 664 2175 517 4103 545 3412 4627 657 2682 4650 814 4109 1623 2097 4544 4665 851 1351 4243 877 4354 3234 2512 4075 1317 545 4079 2358 2462 28 843 457 3803 2460 3639 3763 1485 3897 4573 3909 2233 3041 942 3165 474 1376 3840 3494 3237 3942 1080 2326 2601 2774 2806 319 837 103 1835 3645 2745 2968 2362 3839 603 2390 43 1223 2296 1124 4269 698 628 2434 2103 1144 4184 4991 4374 211 2379
990 333 3943 3283 3982 3257 1853 847 4133 3361 4853 33 4610 2030 736 4667 4177 281 4274 604 4847 4752 3011 1727 4095 1094 2229 2684 1731 3637 1305 477 4826 544 1824 2684 4210 68 3547 2468 4430 2133 4396 2873 3152 3428 4247 4650 1670 1161 3329 1529 269 4513 3465 2800 1341 3325 4992 3534 3637 1669 234 4123 1799 431 688 4410 2869 953 4592 2579 516 4379 1702 1826 4598 2687 1204 3360 3172 2676 632 3118 2768 4601 4393 526 2948 2744 2430 2181 4227 3470 4009 1446 4844 1551 3142 3465 4246 3655 702 1200 4111 821 2617 4595 4814 201 2355 1797 2430 557 1844 4811 4875 603 1886 3746
2216 1563 296 3276 4173 2156 672 1522 1950 116 1477 1084 1821 81 4519 2403 1494 4384 1883 920 255 2622 4150 2817 220 3452 1634 4478 1595 979 2013 4780 1872 646 4601 1725 3731 4968 1658 3209 2438 4555 4523 4762 68 2448 3114 814 1161 3245 1420 337 4784 1498 2487 539 3250 4975 4258 4744 2455 3423 4864 2777 4536 3248 4988 2077 2541 2713 4955 3233 2481 719 4678 1104 3244 2557 3623 4352 4973 3503 3204 2488 3330 3648 1488 2430 1363 1537 4599 1768 3416 2181 2849 3976 857 2897 4848 3615 4626 259 2833 3497 333 750 2395 1632 606 4409 609 3167 4339 1593 2128 1525 2747 264 3332 369
1961 4918 2519 3104 1328 2795 2077 2448 185 1125 144 1704 4236 4304 1760 1563 2991 3141 3041 1139 653 3759 2631 2799 1516 2310 649 3690 4751 4017 2846 4909 4003 3090 2162 3607 219 3747 4039 2257 1352 3966 1903 692 565 2423 4638 4109 3329 1420 3960 2216 1164 4324 3084 3247 4606 82 2790 2652 3554 730 3904 2061 4839 3063 3147 4942 4602 1603 1313 3748 176 2899 2495 943 2945 3092 1212 1223 3727 3492 2870 4469 1175 2704 1142 1203 516 645 4202 4084 4470 4785 1381 859 2659 3510 1176 4136 1230 2649 3930 3261 2649 1149 3694 629 1513 2428 3240 551 3567 1197 4879 2222 4006 2439 3689 4747
2653 832 4666 1430 3494 2354 789 2303 789 2516 1547 4788 4021 3061 3726 4306 4275 4821 4046 2503 360 1140 4569 825 4228 3762 2419 80 4135 4655 3737 4503 1242 988 321 3542 2651 979 3657 1969 3779 3521 4917 3674 1583 1788 2003 1623 1529 337 2216 1255 2881 832 4623 1914 1442 1839 2195 4811 2396 1591 1987 2646 1692 2428 415 989 4656 4370 3711 2154 3497 2560 338 2367 1548 2008 4334 2464 929 3379 3632 3634 3929 755 1551 4503 416 699 4957 3897 3650 4642 996 629 2994 2654 3846 3930 4196 1373 4569 2061 4758 4837 4703 886 603 3814 582 28 1959 4128 2530 4190 1321 2826 427 3730
1295 1376 4047 2376 3320 2579 4878 3412 2359 3187 717 3874 1663 2008 1398 272 3149 2642 696 402 1736 2937 696 2032 3310 4320 168 1857 2042 2362 3812 2820 43 4777 795 3031 2765 2439 4103 3489 555 644 3977 2780 3812 4596 4599 2097 269 4784 1164 2881 4716 1248 1909 735 3753 674 2036 3478 3484 1123 2174 3875 1634 2242 4657 4726 4593 4758 3333 910 4357 1498 1044 1378 1158 3915 3289 4287 1411 4844 1385 1277 1627 3539 3215 1104 2482 4122 4721 1379 2817 2049 1917 3494 816 2715 151 600 274 1351 3277 4918 1783 1024 3577 1387 4475 1745 1913 2641 3326 2545 666 4516 2718 175 1983 3611
1272 256 2350 2202 4220 2849 2038 1896 453 1038 2001 4721 4109 1098 2705 646 4991 4918 421 832 3886 1796 1994 1002 1642 2288 4216 820 3064 2154 2572 2133 827 3235 2776 632 249 1882 4177 4356 1268 1135 3257 3960 1222 1567 3062 4544 4513 1498 4324 832 1248 4767 4547 2426 2832 206 4389 3544 3637 184 1171 4277 3994 3175 2513 114 2325 3998 1772 4485 1934 2967 2854 1675 620 4054 1732 4508 2589 3550 3542 394 3606 1439 4475 659 2621 2660 4729 4584 2765 1415 4680 583 2095 4807 2059 287 2800 1192 2491 1960 649 1905 1570 4414 1154 1325 3914 1135 2091 1881 3760 2077 4930 1165 1227 1588
774 413 2740 1095 357 4047 4501 2154 4795 2145 791 2898 1662 3274 972 1796 4153 4062 4187 3227 4341 3329 3267 3064 4707 2615 3969 2121 114 3910 1314 911 2204 1993 1550 4445 910 2061 542 4634 4274 3609 4634 913 2422 197 4988 4665 3465 2487 3084 4623 1909 4547 3169 1298 3896 4743 2962 4539 3168 3964 211 1857 521 1009 215 4489 2076 823 186 4325 3699 1261 2297 4554 93 3159 1317 4421 2938 360 1756 3867 2903 3385 1937 409 1528 4094 57 3362 85 3214 4561 2034 191 4667 171 701 2046 4761 4452 1327 2862 4010 2178 673 3607 1462 873 410 2586 293 4012 993 3877 3923 1233 1323
1681 1760 4929 2234 4625 347 2065 3421 595 2219 1243 2567 2214 4110 600 3339 1707 1746 2600 822 2230 93 1123 3730 1951 1457 4449 2070 4609 4652 3023 4887 1073 753 1654 2413 549 3475 4623 4645 1604 3132 3099 3334 2246 4935 4994 851 2800 539 3247 1914 735 2426 1298 1418 2056 3856 719 1867 4998 3411 3972 252 3662 31 861 1411 368 3528 219 4513 1491 217 4709 37 2314 936 2692 506 1981 3000 189 4707 4071 3137 4625 193 2468 390 210 2727 191 2066 1215 4330 2971 442 4212 4257 813 4913 3754 4220 3262 3664 1953 1472 3048 625 537 926 1894 4140 4322 2774 4146 4314 4487 2715
2483 641 4090 3072 2693 4288 4806 4774 14 2191 1911 3035 429 3398 2366 4267 2295 4243 1797 1657 759 1393 1531 1421 1557 1667 3555 4785 1320 480 3813 3346 276 1608 4218 2789 2266 4112 556 501 1839 4436 531 1191 3872 1257 3152 1351 1341 3250 4606 1442 3753 2832 3896 2056 3984 2403 1065 1218 4233 1272 3048 3738 1258 1101 2666 343 2482 813 4375 3704 3808 1288 1665 3874 169 2728 1229 1844 3879 725 877 4177 4629 4306 942 4481 2720 693 2843 4543 2247 2320 3445 968 2561 239 2754 4181 67 1326 1100 3446 2260 1655 631 544 2937 4525 614 1018 3892 49 2872 1242 1043 4571 3082 365
1434 3229 194 4309 1920 478 4057 3480 2420 4686 2377 1352 2282 1509 3279 3652 2616 3062 2434 2203 3393 4639 1209 4763 3792 1113 1195 350 4683 2193 2476 1164 2918 264 3232 4956 4747 4260 619 4491 1466 3510 4298 4796 1112 1515 1210 4243 3325 4975 82 1839 674 206 4743 3856 2403 4117 4265 1692 4313 4742 142 3662 3973 3387 1017 3795 157 1633 4865 616 860 1973 3739 1584 2264 3816 2692 1411 416 3204 4935 4694 4881 1413 4270 1099 1837 113 2297 994 3668 1705 2363 3799 3977 2412 3501 938 215 614 2472 4513 4543 2062 4807 4276 4067 666 4546 1207 2427 3608 2493 3497 4897 3712 2011 4331
3792 667 3913 77 3068 170 2630 3843 2834 1126 4451 4592 4569 268 3018 2653 1625 3283 1450 3646 1844 2692 1178 4913 4594 1011 3226 4759 1631 2337 3389 1685 472 2768 2825 2037 3169 1169 3218 1821 923 1554 2673 1614 3093 3383 4164 877 4992 4258 2790 2195 2036 4389 2962 719 1065 4265 3906 4806 1242 3782 2327 872 977 4878 238 1444 3731 2503 2061 650 824 649 2489 3809 1088 4633 60 778 985 4945 1638 4117 1998 1982 4530 4649 656 386 351 4629 2211 850 4290 1512 407 3732 2661 80 1578 4127 1158 2132 3652 4749 3385 524 2000 215 3865 3587 2706 3926 3818 1527 4824 1031 4437 1084
1486 2624 4066 1512 78 1024 4633 4853 2766 2842 1761 1921 4348 3111 4556 2339 2108 3628 3163 3353 1568 1395 3573 1427 1432 1762 2598 147 579 4757 3650 4833 633 2616 1874 4545 3722 3638 1665 3522 1173 4595 1109 4780 2388 1820 3262 4354 3534 4744 2652 4811 3478 3544 4539 1867 1218 1692 4806 1889 4995 4712 57 339 4697 1400 303 4317 3041 2807 4025 4715 2054 624 1977 2295 1146 4374 708 1269 2269 3081 311 2388 2042 1130 44 3242 4780 4342 3633 4110 2279 4372 2491 3922 3508 2384 4622 3741 3958 4356 1417 2011 1391 4749 2104 3309 4420 4113 157 2976 1319 3539 1478 149 4282 2721 4061 3822
4736 693 3516 682 262 3633 677 2176 2639 1070 4355 3768 2604 2165 42 2901 2473 3449 1701 2291 353 4622 4918 2924 3711 1089 1846 1682 2355 2908 57 4150 3407 3117 1669 4991 1734 4236 120 2898 2359 560 820 783 76 3638 1436 3234 3637 2455 3554 2396 3484 3637 3168 4998 4233 4313 1242 4995 1568 694 2000 4469 2589 1550 4699 2414 3139 288 2622 360 2791 2573 318 2127 4810 4900 2531 4066 1798 3669 2139 1375 1795 2707 4229 4949 977 3913 1586 2948 3707 4140 3122 4890 3581 1250 4519 1702 3902 321 2681 4516 2531 4128 4133 4561 3030 4793 4466 2063 3937 365 3459 4827 1170 4108 3167 71
2499 4480 4558 3427 2169 4770 1969 2909 3217 2556 638 675 865 3215 3594 998 522 2368 500 2588 3568 71 821 1972 1760 138 2236 1063 632 1853 3323 4825 4526 4630 3513 3439 2751 1036 2582 4422 3855 468 3845 1005 2367 2729 395 2512 1669 3423 730 1591 1123 184 3964 3411 1272 4742 3782 4712 694 107 3896 1861 4238 3846 1736 4545 655 484 4772 4406 2260 375 2586 1518 1449 1209 1697 4956 883 2342 826 3165 1960 767 4543 2582 692 188 2954 2441 4395 2156 620 1727 3918 1997 1301 3159 4563 841 2940 1660 3091 1272 971 3881 4591 744 4674 2694 565 4928 1300 1595 1639 4267 1193 3721
2104 650 110 2256 3198 1440 2275 2760 1795 4472 4822 4645 177 4060 1552 3740 40 932 1383 3970 614 3552 2691 1916 3824 4877 3259 2932 2118 2638 2439 2651 1042 2212 429 4119 254 4134 4916 4636 1492 991 2624 2832 1661 1422 2142 4075 234 4864 3904 1987 2174 1171 211 3972 3048 142 2327 57 2000 3896 4883 3431 405 3398 4756 3495 3829 4736 4729 2891 472 3733 2906 1191 628 4792 490 4791 2393 217 4007 288 2654 582 1015 519 963 4429 1441 4946 331 3296 1572 2087 2040 3345 1419 2574 3994 3840 2409 1392 2988 1222 1118 642 3750 224 1623 2880 1042 599 2483 2086 473 223 1380 3994
1340 1890 2017 1950 1046 4188 4531 966 262 389 1400 35 2932 491 4434 1360 4355 2707 2764 1322 685 3365 1788 3955 468 1975 2462 4186 2877 3705 1679 4562 2353 2080 3503 304 712 3769 1807 1821 1685 1883 4162 3679 368 2803 1323 1317 4123 2777 2061 2646 3875 4277 1857 252 3738 3662 872 339 4469 1861 3431 2956 1699 2073 4829 3519 3429 4474 585 1031 2836 4783 275 287 1843 3480 1266 3410 358 911 4696 3016 3524 3615 3672 749 3671 2970 1332 4974 366 3952 1626 1833 2994 3131 3399 3075 1300 2941 3737 1247 1488 3186 2356 1941 387 4381 3860 4923 745 2080 285 4652 3851 774 4614 1830
2425 3484 3726 842 4244 3090 1483 3293 4251 2194 3200 3121 1775 2961 2759 1404 274 1478 3730 1794 4391 311 4014 2641 3069 2217 3512 746 2064 1140 541 514 3288 2876 3965 3763 4123 4362 4202 2242 2880 4818 4444 3532 215 3676 3101 545 1799 4536 4839 1692 1634 3994 521 3662 1258 3973 977 4697 2589 4238 405 1699 701 2342 3415 1569 1450 3689 1763 205 1362 2450 3690 2254 4379 2524 4027 3091 2244 3227 1723 4081 2714 3651 1297 1985 1955 990 1434 4423 2267 4180 4165 4854 2051 4970 4672 3106 1861 2340 1507 4950 4975 2291 3222 4530 775 3650 2659 1560 3758 3828 2863 3745 1555 3172 646 2081
4158 744 3480 1805 4219 4507 2200 4306 656 358 593 3503 102 1452 882 3072 2692 4172 608 1557 1504 873 3954 3545 1387 4332 2134 4729 3211 4529 2843 1510 2736 3918 2833 3412 2934 3110 2207 1838 3746 3853 3464 1528 233 1594 328 4079 431 3248 3063 2428 2242 3175 1009 31 1101 3387 4878 1400 1550 3846 3398 2073 2342 4033 1827 3826 1289 2405 3634 4793 637 2342 2063 504 2303 2978 3706 220 2754 4827 2784 1948 2585 1067 961 2266 4596 2527 2602 1481 2804 1852 2804 1216 371 2405 881 4652 2993 3250 339 633 140 4337 4760 3788 394 2796 684 4360 258 3293 713 2349 1646 3625 3963 3119
4871 3478 1842 695 1794 800 362 3748 1569 365 3413 3142 4063 4694 4961 454 1328 3057 576 2706 2788 4377 3243 1424 1901 1677 614 1081 728 4127 2564 2175 4936 39 1187 2722 4520 4583 3363 820 2493 4331 3516 2093 663 2697 3651 2358 688 4988 3147 415 4657 2513 215 861 2666 1017 238 303 4699 1736 4756 4829 3415 1827 3689 920 2063 3627 1401 871 4405 376 4923 847 2319 3046 3220 4511 166 957 4512 126 1110 2426 2609 3519 418 1874 744 4046 3243 2329 3956 1148 1595 2114 3704 4167 2483 3627 2899 1555 597 535 1289 3972 3237 1580 821 1629 1020 1035 401 671 2752 4805 2177 923
2312 1112 946 4083 1365 1736 946 4334 4188 4968 2387 1138 3911 1513 785 992 774 4061 1349 176 1391 1203 4162 4294 2610 1199 2897 2482 3096 4229 4542 45 758 4584 2265 1488 2913 2043 2109 4294 3128 3149 4089 375 1325 3004 2800 2462 4410 2077 4942 989 4726 114 4489 1411 343 3795 1444 4317 2414 4545 3495 3519 1569 3826 920 3324 2983 651 4564 1476 2148 196 2337 481 4098 3436 966 3530 1973 3355 1082 3660 852 1249 961 1882 1409 713 3201 4930 1107 223 3427 17 4902 4039 3183 1328 1365 1566 584 2683 2736 335 2137 3166 2364 782 863 4970 1161 1552 793 1637 2367 357 296 3977
1275 3462 3565 3170 2708 4427 4819 4906 1128 4574 4536 2745 3306 1356 1352 1316 2889 2746 125 1355 951 1484 1811 548 3897 1532 2647 4687 4496 2390 2685 3176 4789 2183 269 4260 2758 2437 4683 1763 1479 2567 3334 3946 1723 1422 253 28 2869 2541 4602 4656 4593 2325 2076 368 2482 157 3731 3041 3139 655 3829 3429 1450 1289 2063 2983 97 993 1014 4765 3639 4040 4756 2705 2327 88 1200 2553 4963 4529 4299 339 4143 2717 582 981 2533 1760 1754 1993 1497 2761 560 64 3339 639 2714 3276 4588 1797 1363 4180 2806 4213 865 1335 1890 264 1641 3491 1018 4792 765 3323 1585 4369 2676 1450
1099 3818 829 2742 2866 3534 3845 1828 1133 121 1832 4947 4451 3763 2334 2502 3685 110 4295 4932 1030 629 2300 1226 3044 551 143 1466 3160 3195 4439 1137 3050 2173 4036 3634 3088 1781 868 4373 641 2349 3219 1867 4985 3652 4710 843 953 2713 1603 4370 4758 3998 823 3528 813 1633 2503 2807 288 484 4736 4474 3689 2405 3627 651 993 2279 614 3020 3903 2120 4994 4025 2908 2124 4619 2007 3916 3572 3057 4166 3082 3056 4424 3742 4927 4058 4562 976 4446 1351 2246 1505 2864 1792 4010 4534 3407 520 69 2956 365 97 430 2881 4476 3640 3178 1220 2773 858 1369 4089 570 1773 2644 1578
2371 633 58 732 29 264 4924 1605 3466 4350 2561 1856 208 1464 3301 636 2073 1990 134 2950 4221 1794 4931 277 3781 1265 109 1608 4715 2694 4928 711 630 469 1880 500 849 2829 2155 2587 4327 2039 3055 3577 4205 3723 1170 457 4592 4955 1313 3711 3333 1772 186 219 4375 4865 2061 4025 2622 4772 4729 585 1763 3634 1401 4564 1014 614 3967 1431 4557 38 2862 2347 4280 2628 1436 3176 662 293 1051 2225 3438 146 2948 3274 3433 3394 3800 4746 2055 2242 4207 1302 414 2828 1458 2257 2342 930 4073 2219 3710 170 3179 4426 2135 1411 2691 3125 1930 1787 1109 2931 2269 326 2308 2893
1951 2376 3663 1243 1837 3538 2261 1110 1003 1745 291 1792 2289 328 2129 1105 1519 2835 1113 3515 4965 96 4414 1067 3509 2112 2852 4306 4562 2675 2552 2130 3442 4057 772 3421 4383 4927 1775 4321 1344 4620 4496 2638 488 405 3140 3803 2579 3233 3748 2154 910 4485 4325 4513 3704 616 650 4715 360 4406 2891 1031 205 4793 871 1476 4765 3020 1431 3454 4930 393 3177 2578 1492 3594 2276 2902 4439 4236 617 2471 1388 1221 1198 2738 1655 100 1571 27 1712 3105 428 2268 3815 4478 3075 2102 1962 86 2016 439 3545 20 936 4929 3626 3572 4203 4577 3276 371 2947 4676 932 3068 2008 3076
4460 178 3417 3950 2693 1617 892 4445 1110 1479 1111 514 349 2998 4134 4944 4388 3627 2590 4656 4930 3121 4734 3192 286 1595 2068 1500 2203 1863 1550 3542 2408 4423 4376 2283 357 2951 67 1443 2479 346 2423 3210 2865 3433 259 2460 516 2481 176 3497 4357 1934 3699 1491 3808 860 824 2054 2791 2260 472 2836 1362 637 4405 2148 3639 3903 4557 4930 4263 933 3435 2923 2174 974 2785 1158 3332 2177 1832 1174 205 1035 417 2578 2256 3131 3349 696 751 910 4069 1124 2290 3136 4231 2696 3089 1397 1625 843 3434 2894 3412 1283 2390 921 4518 1971 151 4489 3684 4110 4165 3517 1356 669
2649 3816 3758 4851 663 674 4328 3340 1975 344 2901 1823 1217 4254 1991 2876 4670 2752 4055 402 52 2943 2826 2453 4277 3911 2190 3565 1683 91 3031 3033 2525 1405 909 1356 2312 4463 713 1507 2819 1239 4659 1671 1943 4148 3455 3639 4379 719 2899 2560 1498 2967 1261 217 1288 1973 649 624 2573 375 3733 4783 2450 2342 376 196 4040 2120 38 393 933 1553 714 823 4081 36 2267 4144 1565 633 3472 232 4963 3901 1434 196 3546 117 3321 3581 2197 4284 1468 2387 2449 4955 1914 736 2435 710 3775 3275 2760 2152 1223 3023 458 2222 4724 3728 2023 623 2216 4417 853 1985 3398 4617
2924 2182 33 4952 492 4658 1631 3496 4373 1305 3372 1912 3671 1849 1689 2690 2215 643 4373 4565 902 4409 3347 4922 3673 1014 4357 2703 2917 166 3299 3251 1582 4123 856 3877 1595 767 3746 896 3631 709 248 182 4668 2199 677 3763 1702 4678 2495 338 1044 2854 2297 4709 1665 3739 2489 1977 318 2586 2906 275 3690 2063 4923 2337 4756 4994 2862 3177 3435 714 2903 3909 3493 1765 4709 3751 3859 3463 4182 790 2830 3123 4145 1354 4605 4453 3183 4908 3662 1665 1647 1666 4953 108 4545 2331 2752 1016 1931 4590 4783 2351 4550 1004 155 1069 3275 2699 2853 1333 4949 4772 2638 1511 4042 1632
1833 4366 4543 4390 2455 858 2325 1604 4683 3666 223 1930 939 1211 522 3200 1464 1800 4513 2085 447 293 3860 3553 209 3396 812 78 1921 977 2731 131 710 3372 2193 3470 2609 3275 2261 400 880 312 2780 2770 1812 3686 3968 1485 1826 1104 943 2367 1378 1675 4554 37 3874 1584 3809 2295 2127 1518 1191 287 2254 504 847 481 2705 4025 2347 2578 2923 823 3909 4619 2630 2233 2655 148 1977 4571 3553 4986 946 290 4807 4870 2828 739 4609 1671 4334 2472 966 2718 440 2009 301 3474 3994 852 4218 3682 62 2155 853 1604 56 4419 2204 3037 3756 822 4863 1903 1631 4207 1590 4894
3660 4299 4855 83 4681 844 4229 4588 3205 320 2756 4672 3558 3208 1020 1835 2157 1257 2349 568 3225 200 4195 1031 2537 1210 4734 3510 2830 1146 3137 2127 4391 3563 1874 4816 2078 2815 4620 3563 3778 1717 1801 77 251 362 271 3897 4598 3244 2945 1548 1158 620 93 2314 169 2264 1088 1146 4810 1449 628 1843 4379 2303 2319 4098 2327 2908 4280 1492 2174 4081 3493 2630 1068 1935 1340 2830 1566 2983 3637 4323 3541 4820 3203 1041 4478 1708 280 2898 393 2755 737 3833 3096 2511 2551 1546 2829 195 4928 4202 4278 4064 4626 1066 1062 3956 1795 3194 3100 3972 592 1822 399 4216 2081 2387
1995 3032 2964 2491 3522 3485 466 3362 3579 4321 2930 1114 1596 2543 652 2393 4839 440 1815 4741 1202 1856 697 3402 4159 2763 4511 2749 327 3464 870 1217 83 4249 654 1752 237 3697 3514 1167 20 241 2634 2957 1102 77 1452 4573 2687 2557 3092 2008 3915 4054 3159 936 2728 3816 4633 4374 4900 1209 4792 3480 2524 2978 3046 3436 88 2124 2628 3594 974 36 1765 2233 1935 112 4503 467 2955 2804 2456 2017 4377 1388 4377 4502 860 2353 4207 2626 3593 1031 1638 1405 4530 2375 344 4163 484 3531 863 2451 1372 1050 1264 4823 2190 1236 4270 3393 3349 907 2113 4323 2593 3526 3915 4247
789 3311 2251 3687 3251 2202 297 56 1101 1548 2444 3124 4007 2711 3310 3546 1463 4606 186 1784 4999 1954 803 1039 3612 4093 1686 4035 2072 2755 1367 1280 4431 3029 2405 968 4611 1291 3758 4450 849 3069 1123 774 1353 3119 3947 3909 1204 3623 1212 4334 3289 1732 1317 2692 1229 2692 60 708 2531 1697 490 1266 4027 3706 3220 966 1200 4619 1436 2276 2785 2267 4709 2655 1340 4503 3878 2805 3948 512 3762 2837 4229 2670 1926 3560 2411 2546 297 988 2999 1304 3966 1173 4182 3597 1450 4285 4294 3095 3594 1500 1214 3459 2459 4444 3508 2248 53 1797 701 3814 4636 4369 314 1861 2286 2579
168 624 4989 1212 2231 3604 1998 1937 306 450 707 2885 4151 742 1077 868 2673 1298 1293 1772 866 2401 4367 4519 4288 2064 4665 652 356 3463 2225 798 767 160 703 1083 3795 3037 950 1560 4723 1642 4047 1165 2181 1206 1640 2233 3360 4352 1223 2464 4287 4508 4421 506 1844 1411 778 1269 4066 4956 4791 3410 3091 220 4511 3530 2553 2007 3176 2902 1158 4144 3751 148 2830 467 2805 484 1648 4449 2309 878 1516 4195 3512 4024 201 4380 176 604 55 3470 1054 2363 767 2327 2600 3992 4637 2181 1497 3392 3435 2594 1506 2757 2118 2185 3015 496 1436 1278 295 3418 3400 2767 595 4600
1463 3962 1729 1895 2776 2908 4891 4642 1811 1566 3877 4933 3254 1719 69 1142 3641 2227 3856 2066 32 4162 1555 4002 3484 689 4866 4027 1651 992 2116 4714 3195 4720 1347 1155 4204 2976 301 1688 4054 4231 1112 533 3630 719 4491 3041 3172 4973 3727 929 1411 2589 2938 1981 3879 416 985 2269 1798 883 2393 358 2244 2754 166 1973 4963 3916 662 4439 3332 1565 3859 1977 1566 2955 3948 1648 3097 1315 1017 2346 231 983 2461 4905 4250 2624 1752 2142 3502 1199 4223 4904 3089 4603 4511 949 2761 1863 1815 3509 3356 2021 1873 2550 115 1147 102 2644 3856 3253 849 1634 166 2152 3713 3812
3640 3808 500 150 881 1786 2660 2678 399 4745 4170 318 4212 2332 244 3463 595 3430 4898 4511 1543 3284 110 379 3010 1242 2995 259 4583 1184 1366 2944 3736 3767 4516 4143 910 3345 272 4465 1722 4065 1919 1608 3216 3673 3133 942 2676 3503 3492 3379 4844 3550 360 3000 725 3204 4945 3081 3669 2342 217 911 3227 4827 957 3355 4529 3572 293 4236 2177 633 3463 4571 2983 2804 512 4449 1315 2662 4549 4201 57 3302 2979 4534 1807 2760 1722 3244 1732 1208 4470 1888 377 2155 2344 246 3441 1163 822 2617 2095 3232 2579 196 2594 1724 3710 1814 2203 2509 1990 2955 2196 3736 4817 131
2507 773 1782 3887 2233 383 817 1950 3164 1786 4895 467 2471 620 2335 1144 299 2490 4279 1225 3647 1551 2432 3576 3656 3641 2304 2332 1883 4412 4137 2176 3722 4088 4403 352 3430 975 1548 3517 29 2461 196 3832 840 3921 1913 3165 632 3204 2870 3632 1385 3542 1756 189 877 4935 1638 311 2139 826 4007 4696 1723 2784 4512 1082 4299 3057 1051 617 1832 3472 4182 3553 3637 2456 3762 2309 1017 4549 4660 4858 2367 1711 2028 2597 746 4430 956 4530 270 706 632 2817 3830 4880 2577 370 539 254 728 3803 4261 1404 1741 2878 2587 2479 4971 2665 4740 344 3588 133 4015 1325 2240 34
2506 119 4448 3303 4832 702 323 2118 4642 1894 2632 4964 2505 2973 3986 695 2193 2229 3932 3840 917 4975 438 1437 3984 1094 2861 791 4053 2409 1427 3829 4405 3001 1030 3216 4267 2703 3454 4068 2260 4523 1241 3834 1351 1890 2297 474 3118 2488 4469 3634 1277 394 3867 4707 4177 4694 4117 2388 1375 3165 288 3016 4081 1948 126 3660 339 4166 2225 2471 1174 232 790 4986 4323 2017 2837 878 2346 4201 4858 3338 696 2866 988 3155 4237 1655 4840 1015 4459 2942 2710 2576 2675 2427 1562 155 1770 1696 373 4722 585 857 837 1248 3892 522 197 2811 3227 2172 3234 3730 4771 3484 4061 4393
3679 4033 4333 2093 1948 632 950 2961 402 830 4818 3165 4549 2077 3070 426 243 1255 4789 3856 1325 3055 3953 273 1615 3133 3160 3806 1444 4250 3185 2827 1881 987 2178 75 4670 4482 4265 1768 4761 1992 4060 4380 2641 4787 902 1376 2768 3330 1175 3929 1627 3606 2903 4071 4629 4881 1998 2042 1795 1960 2654 3524 2714 2585 1110 852 4143 3082 3438 1388 205 4963 2830 946 3541 4377 4229 1516 231 57 2367 696 4381 3976 3209 153 2568 1404 1494 4518 1660 1628 356 4454 2696 1157 3557 4163 4555 2730 610 4289 4990 1371 2641 4126 246 2322 340 4248 4389 3063 2193 1996 3585 3334 4856 2636
591 1676 2714 2692 4292 3629 2175 1303 2909 554 1322 3920 4833 2404 3571 2769 4936 2555 1390 3266 114 4819 2428 3964 1183 126 1635 978 3124 2557 2954 2231 2622 2647 1948 3880 4687 2207 4593 2121 836 2962 2081 1465 2689 2067 1295 3840 4601 3648 2704 755 3539 1439 3385 3137 4306 1413 1982 1130 2707 767 582 3615 3651 1067 2426 1249 2717 3056 146 1221 1035 3901 3123 290 4820 1388 2670 4195 983 3302 1711 2866 3976 1721 1377 918 1711 2491 4930 273 2828 812 3214 201 1469 1566 296 2921 3337 1227 52 4800 2141 4454 626 3657 4076 1658 2456 2861 2101 2916 4532 4319 1635 4357 1385 4252
2899 1373 4635 3158 1458 2540 1716 2822 2589 259 2796 1548 2187 3099 4663 1515 370 4706 1715 507 2277 3631 2313 4499 3689 599 2619 2753 2979 4537 3360 2133 895 3341 1293 3508 3729 1775 1611 3872 2946 1027 4998 899 3439 4578 3759 3494 4393 1488 1142 1551 3215 4475 1937 4625 942 4270 4530 44 4229 4543 1015 3672 1297 961 2609 961 582 4424 2948 1198 417 1434 4145 4807 3203 4377 1926 3512 2461 2979 2028 988 3209 1377 4722 2277 2164 3348 4887 1299 4296 1972 3784 393 2482 362 3995 696 2943 1237 1515 2095 2566 2255 176 983 368 4874 521 4936 3919 1969 3407 3444 4983 3719 3622 1806
2174 3069 2427 1014 764 1736 2972 4855 2281 3600 1556 4810 3720 3090 3177 4192 3851 4228 4210 1402 3931 3364 2786 331 4830 3445 4966 3588 3789 3212 2927 4747 1753 1924 1564 162 1903 3875 2637 263 4091 2651 634 3941 4145 3417 1231 3237 526 2430 1203 4503 1104 659 409 193 4481 1099 4649 3242 4949 2582 519 749 1985 2266 3519 1882 981 3742 3274 2738 2578 196 1354 4870 1041 4502 3560 4024 4905 4534 2597 3155 153 918 2277 1537 2518 785 2594 583 532 4240 2128 1523 4015 4926 4251 3628 3057 4238 4228 739 4128 1052 4226 3290 4293 1860 2926 4924 4215 274 932 311 448 1811 527 1460
2116 2374 318 2902 4804 4142 2031 4785 2057 2607 2445 2647 551 1629 3782 1496 3643 4601 1111 2389 3065 2333 2982 2169 236 2605 2508 1469 4966 4860 2589 1704 4390 2578 364 4315 932 4779 1162 2433 3148 4455 3758 4256 4687 2281 3456 3942 2948 1363 516 416 2482 2621 1528 2468 2720 1837 656 4780 977 692 963 3671 1955 4596 418 1409 2533 4927 3433 1655 2256 3546 4605 2828 4478 860 2411 201 4250 1807 746 4237 2568 1711 2164 2518 4684 3119 1543 4753 3945 1622 813 3597 2837 1613 4504 3774 85 4766 872 2656 4153 231 2798 4594 381 2376 49 4284 1638 3706 2787 4557 4921 3537 3832 2091
2503 415 1816 4503 2492 4680 2389 1505 456 3602 1733 1346 284 2998 3761 3307 3839 3941 610 819 3187 4858 2600 1121 4409 4252 438 452 2420 1563 3303 4837 2638 461 1238 2517 1811 2223 774 4289 800 3271 1421 664 3570 2414 343 1080 2744 1537 645 699 4122 2660 4094 390 693 113 386 4342 3913 188 4429 2970 990 2527 1874 713 1760 4058 3394 100 3131 117 4453 739 1708 2353 2546 4380 2624 2760 4430 1655 1404 2491 3348 785 3119 2080 2613 3183 2859 72 4935 372 3539 2406 1292 4315 1340 2191 253 350 1769 2059 4373 1830 1142 1760 3418 1684 4171 756 419 222 4901 4979 3884 3658
3548 3892 4936 3655 1001 1817 4029 873 3749 2698 3585 4789 3198 4161 2350 4051 616 1862 50 4543 4761 4297 1638 3316 482 3251 2044 3499 1868 3211 3686 2286 4954 54 4302 2285 3254 2444 2200 4525 3356 498 690 1563 1891 3000 3057 2326 2430 4599 4202 4957 4721 4729 57 210 2843 2297 351 3633 1586 2954 1441 1332 1434 2602 744 3201 1754 4562 3800 1571 3349 3321 3183 4609 280 4207 297 176 1752 1722 956 4840 1494 4930 4887 2594 1543 2613 4782 4538 2424 1810 1274 1112 3120 3989 3270 2261 2277 957 393 1372 1333 3699 2927 239 2054 4369 3765 1263 1856 1178 2233 4683 3425 1236 1559 2180
4231 1939 2470 2091 2209 1518 4888 1015 4463 3710 1689 1929 3785 2962 1140 3637 2790 3535 4788 2746 3501 351 2700 849 1857 344 4202 2227 4304 4784 4545 4901 2709 1488 2577 967 2282 1978 3006 1664 39 1181 1265 2994 2488 4248 1073 2601 2181 1768 4084 3897 1379 4584 3362 2727 4543 994 4629 4110 2948 2441 4946 4974 4423 1481 4046 4930 1993 976 4746 27 696 3581 4908 1671 2898 2626 988 604 2142 3244 4530 1015 4518 273 1299 583 4753 3183 4538 3710 3982 1470 51 3136 3894 280 2619 2651 1937 1565 1549 4064 2065 4347 72 1729 3643 4053 3605 231 1899 3237 833 843 306 3751 1641 2707
417 4550 4138 2457 169 3704 4505 1789 444 3841 3967 2207 518 2639 2540 2488 3638 4675 714 1945 442 1414 659 412 4470 499 3313 151 1625 3877 2383 4946 4679 2472 1082 2292 1909 1903 2053 1470 822 150 1774 4016 2886 1394 4781 2774 4227 3416 4470 3650 2817 2765 85 191 2247 3668 2211 2279 3707 4395 331 366 2267 2804 3243 1107 1497 4446 2055 1712 751 2197 3662 4334 393 3593 2999 55 3502 1732 270 4459 1660 2828 4296 532 3945 2859 2424 3982 3597 2036 3352 4391 4447 3956 3278 4708 832 2516 718 3711 335 4433 1205 3998 4257 2154 4148 2600 3070 706 4127 2166 2911 1416 514 1784
4627 870 3093 2679 4849 526 783 2614 1393 502 1865 4310 3085 2309 21 2915 895 2565 240 3369 3251 92 1181 1921 426 2757 982 1217 1222 2176 4493 255 4191 3868 2302 2952 1296 2815 4985 2549 561 1360 4348 1180 1586 1320 3591 2806 3470 2181 4785 4642 2049 1415 3214 2066 2320 1705 850 4372 4140 2156 3296 3952 4180 1852 2329 223 2761 1351 2242 3105 910 4284 1665 2472 2755 1031 1304 3470 1199 1208 706 2942 1628 812 1972 4240 1622 72 1810 1470 2036 2263 1612 3537 1694 52 1772 1246 3443 4375 867 4453 2288 3073 1538 4697 2312 3013 4459 2137 1623 243 86 3979 477 2316 2930 1483
2106 184 1961 2181 1435 421 421 2144 2429 3799 982 2499 1019 2663 3506 4996 4684 2883 401 2250 2930 2644 3535 752 662 2966 2464 2752 673 927 2479 2618 2703 4806 2749 4923 3544 3205 645 4091 11 4570 4123 982 3335 185 2020 319 4009 2849 1381 996 1917 4680 4561 1215 3445 2363 4290 2491 3122 620 1572 1626 4165 2804 3956 3427 560 2246 4207 428 4069 1468 1647 966 737 1638 3966 1054 4223 4470 632 2710 356 3214 3784 2128 813 4935 1274 51 3352 1612 3735 1542 1841 136 3679 531 1330 4860 599 4196 3498 1382 3091 4113 3368 1830 494 1283 2286 537 4375 3778 3181 1531 2946 1819
95 3805 572 2201 1924 3293 205 3197 1839 1573 1257 911 2839 3794 666 503 4906 2604 578 4512 4430 3170 3576 4869 4473 2677 3570 838 2530 1512 1704 3090 1824 241 3125 1048 3490 1944 2741 378 4192 1560 279 1234 1973 3813 2175 837 1446 3976 859 629 3494 583 2034 4330 968 3799 1512 3922 4890 1727 2087 1833 4854 1216 1148 17 64 1505 1302 2268 1124 2387 1666 2718 3833 1405 1173 2363 4904 1888 2817 2576 4454 201 393 1523 3597 372 1112 3136 4391 3537 1542 2484 4583 1634 3470 4702 4001 2421 4995 3513 1366 3337 3273 3143 3223 880 3234 1151 230 2473 4267 2127 4465 2802 940 1418
148 3564 3774 1055 4890 4260 2680 1915 3726 3439 1885 1750 3441 206 1022 3909 822 991 4051 2121 3886 4426 2594 1877 1876 4601 270 534 2893 46 2655 3130 2211 4838 1869 4458 1017 2257 4174 2801 3971 899 2930 4973 2660 2296 1583 103 4844 857 2659 2994 816 2095 191 2971 2561 3977 407 3508 3581 3918 2040 2994 2051 371 1595 4902 3339 2864 414 3815 2290 2449 4953 440 3096 4530 4182 767 3089 377 3830 2675 2696 1469 2482 4015 2837 3539 3120 3894 4447 1694 1841 4583 3700 4431 2953 3984 2743 1826 2567 4156 3806 3922 2123 3233 2698 2606 4098 1238 964 4414 2726 2058 696 4457 4255 215
840 2433 382 2423 2198 732 4578 2888 1877 4753 4201 2178 3728 2926 3026 1529 3680 4352 4603 686 4451 740 987 1472 1327 3446 1662 1046 3818 1155 4667 4661 2085 3512 3493 4256 1647 1082 2541 4598 2107 1955 709 839 2408 2219 3042 1835 1551 2897 3510 2654 2715 4807 4667 442 239 2412 3732 2384 1250 1997 3345 3131 4970 2405 2114 4039 639 1792 2828 4478 3136 4955 108 2009 2511 2375 3597 2327 4603 2155 4880 2427 1157 1566 362 4926 1613 2406 3989 280 3956 52 136 1634 4431 3424 826 3315 2278 4897 2709 4884 3605 4824 788 3988 3191 66 2259 2593 2493 4799 3622 4237 3376 1875 1718 1155
1999 2424 4711 4917 2970 1062 557 3426 3911 4407 2488 2384 1598 573 3362 3421 90 3129 2097 4691 2177 76 4016 2114 2004 379 337 3771 4838 3148 1370 4072 473 3620 4201 3931 4468 1747 4968 3181 4877 3124 1492 4560 458 4177 4185 3645 3142 4848 1176 3846 151 2059 171 4212 2754 3501 2661 4622 4519 1301 1419 3399 4672 881 3704 3183 2714 4010 1458 3075 4231 1914 4545 301 2551 344 1450 2600 4511 2344 2577 1562 3557 296 3995 4251 4504 1292 3270 2619 3278 1772 3679 3470 2953 826 783 1748 2285 2368 821 3042 1983 2439 4754 3154 1685 4879 1870 4480 2226 536 3822 1918 1899 14 3898 3726
2892 1395 4397 2928 990 676 3893 1321 773 162 4830 633 4512 184 2354 3335 3867 4267 1603 3159 2852 3345 1652 4081 2622 3872 1894 4557 1764 1827 1151 3596 1866 140 710 3688 3101 2664 4446 1373 4759 256 438 3519 1353 902 4822 2745 3465 3615 4136 3930 600 287 701 4257 4181 938 80 3741 1702 3159 2574 3075 3106 4652 4167 1328 3276 4534 2257 2102 2696 736 2331 3474 1546 4163 4285 3992 949 246 370 155 4163 2921 696 3628 3774 4315 2261 2651 4708 1246 531 4702 3984 3315 1748 2718 176 4411 2821 455 3109 4084 446 2320 88 4589 2792 4837 1350 3291 4342 1654 3217 1878 487 3356
1250 2576 3511 3621 2358 3876 1561 2687 4595 342 3578 2602 2281 4674 1130 886 1124 2134 1893 1873 3071 2704 4812 105 4881 3421 3494 3786 3650 4456 4033 2496 4520 385 145 26 4086 2499 1620 10 2231 3275 2315 1658 2148 1623 3558 2968 4246 4626 1230 4196 274 2800 2046 813 67 215 1578 3958 3902 4563 3994 1300 1861 2993 2483 1365 4588 3407 2342 1962 3089 2435 2752 3994 2829 484 4294 4637 2761 3441 539 1770 4555 3337 2943 3057 85 1340 2277 1937 832 3443 1330 4001 2743 2278 2285 176 4220 74 2047 372 1667 2410 4293 2413 4432 350 2001 4509 153 4273 3694 414 2073 3058 1316 1263
585 2773 2794 2669 2758 3501 2665 3180 3373 3951 3309 3169 2077 1073 3350 2772 1435 2860 4056 2001 2073 1345 728 3032 4450 1070 3613 4731 4845 1195 3055 1479 295 2961 943 4053 2531 1160 3784 939 1466 1945 4270 2362 1561 469 2342 2362 3655 259 2649 1373 1351 1192 4761 4913 1326 614 4127 4356 321 841 3840 2941 2340 3250 3627 1566 1797 520 930 86 1397 710 1016 852 195 3531 3095 2181 1863 1163 254 1696 2730 1227 1237 4238 4766 2191 957 1565 2516 4375 4860 2421 1826 4897 2368 4411 74 4913 287 1440 3712 3554 100 3169 1706 3934 127 4700 2107 1544 116 1265 2977 1133 471 4624
3731 845 471 2211 449 3098 3980 1294 2986 3595 348 3564 2953 3246 973 298 2778 2175 1696 2395 3700 4064 4369 4402 2818 4546 4613 1998 1284 4576 4054 4380 256 1640 2715 477 1325 4465 1562 3824 504 727 3316 45 2823 3036 725 3839 702 2833 3930 4569 3277 2491 4452 3754 1100 2472 1158 1417 2681 2940 2409 3737 1507 339 2899 584 1363 69 4073 2016 1625 3775 1931 4218 4928 863 3594 1497 1815 822 728 373 610 52 1515 4228 872 253 393 1549 718 867 599 4995 2567 2709 821 2821 2047 287 1975 1282 4995 466 3861 3686 3855 583 3443 2488 126 148 3569 1395 3025 3094 3790 889
91 574 525 4910 3913 1502 2255 288 3453 671 1335 2473 2931 425 4582 1307 1935 4956 970 1921 3320 2586 2659 4830 342 1155 1790 2526 935 458 1089 2790 106 921 1930 2113 366 471 4917 2342 3655 1571 1937 1233 290 3275 720 603 1200 3497 3261 2061 4918 1960 1327 4220 3446 4513 2132 2011 4516 1660 1392 1247 4950 633 1555 2683 4180 2956 2219 439 843 3275 4590 3682 4202 2451 1500 3392 3509 2617 3803 4722 4289 4800 2095 739 2656 350 1372 4064 3711 4453 4196 3513 4156 4884 3042 455 372 1440 1282 781 896 4374 4326 2364 1429 4746 4458 3348 2778 2679 1971 3063 3439 1392 656 4183
524 3149 1287 1615 1309 980 2017 3572 2081 3256 3004 1801 912 910 2342 4714 682 2802 3144 3098 4686 930 1091 3761 788 1676 482 3689 2492 4846 3806 4365 3994 581 4908 4468 4483 3934 1981 4555 4481 3620 3500 2006 537 1372 4317 2390 4111 333 2649 4758 1783 649 2862 3262 2260 4543 3652 1391 2531 3091 2988 1488 4975 140 597 2736 2806 365 3710 3545 3434 2760 4783 62 4278 1372 1214 3435 3356 2095 4261 585 4990 2141 2566 4128 4153 1769 1333 2065 335 2288 3498 1366 3806 3605 1983 3109 1667 3712 4995 896 3012 3046 777 2892 2188 4865 3283 4547 1058 575 1515 36 1809 2953 3316 2430
2218 2311 3251 1591 2349 1515 2812 2259 3308 1921 2426 69 2052 380 1062 381 4991 3844 4689 1739 4783 4831 3505 4327 2094 4686 2485 4597 4884 1102 3162 2468 3871 1471 3807 3318 3403 4803 4795 4144 2386 3022 4608 3138 1518 3260 3699 43 821 750 1149 4837 1024 1905 4010 3664 1655 2062 4749 4749 4128 1272 1222 3186 2291 4337 535 335 4213 97 170 20 2894 2152 2351 2155 4064 1050 3459 2594 2021 3232 1404 857 1371 4454 2255 1052 231 2059 3699 4347 4433 3073 1382 3337 3922 4824 2439 4084 2410 3554 466 4374 3046 797 4018 3269 1158 2887 3265 4866 1144 2013 315 3691 2945 72 910 2029
4650 4847 558 1342 211 1147 2839 1873 2011 225 4583 3879 761 2113 1544 3647 241 4938 337 116 2464 658 4612 2770 4983 4917 19 2398 1322 1732 1658 3603 1570 974 2285 4094 3875 1160 3364 3976 3237 1709 2197 223 1680 1107 3555 1223 2617 2395 3694 4703 3577 1570 2178 1953 631 4807 3385 2104 4133 971 1118 2356 3222 4760 1289 2137 865 430 3179 936 3412 1223 4550 853 4626 1264 2459 1506 1873 2579 1741 837 2641 626 176 4226 2798 4373 2927 72 1205 1538 3091 3273 2123 788 4754 446 4293 100 3861 4326 777 4018 3566 2405 509 2233 3422 24 813 698 1407 4668 1793 1961 2470 4545
713 1610 1314 4969 4930 3393 306 1734 2948 2092 1736 1938 475 3322 81 2235 445 2242 2557 469 1207 4085 667 3627 873 1390 2454 2694 3344 3135 1677 345 3029 673 3341 1166 4914 2998 2122 4665 4518 2494 4114 4601 2690 2534 3391 2296 4595 1632 629 886 1387 4414 673 1472 544 4276 524 3309 4561 3881 642 1941 4530 3788 3972 3166 1335 2881 4426 4929 1283 3023 1004 1604 1066 4823 4444 2757 2550 196 2878 1248 4126 3657 983 3290 4594 1830 239 1729 3998 4697 4113 3143 3233 3988 3154 2320 2413 3169 3686 2364 2892 3269 2405 3653 433 1937 3905 3084 1488 4800 4683 3254 4345 4872 4653 4866
235 2598 1702 2736 1064 1891 4399 310 3154 2864 1881 3975 3738 2047 3271 1450 4599 3359 3112 4047 991 1923 2523 2253 339 2556 4703 334 3646 1104 832 1385 251 4702 354 2354 1125 4745 1788 4309 3086 4537 4411 1517 2278 4126 848 1124 4814 606 1513 603 4475 1154 3607 3048 2937 4067 2000 4420 3030 4591 3750 387 775 394 3237 2364 1890 4476 2135 3626 2390 458 155 56 1062 2190 3508 2118 115 2594 2587 3892 246 4076 368 4293 381 1142 2054 3643 4257 2312 3368 3223 2698 3191 1685 88 4432 1706 3855 1429 2188 1158 509 433 347 488 927 1804 3662 2607 4407 1338 3611 2155 663 481
3215 2535 2725 82 4650 1507 3719 1000 2774 4157 565 47 2779 1197 251 3453 4050 2373 68 2063 2478 1699 3510 932 3554 3915 2404 3869 4571 2312 1481 1773 1820 4491 3687 3125 1581 552 3234 1593 940 4692 4385 1605 3163 3570 2381 4269 201 4409 2428 3814 1745 1325 1462 625 4525 666 215 4113 4793 744 224 4381 3650 2796 1580 782 264 3640 1411 3572 921 2222 1069 4419 3956 1236 2248 2185 1147 1724 2479 522 2322 1658 4874 1860 2376 1760 4369 4053 2154 3013 1830 880 2606 66 4879 4589 350 3934 583 4746 4865 2887 2233 1937 488 3583 1201 915 4189 2634 1471 4629 4144 3229 2623 22
3285 2742 3652 1199 3754 853 541 3198 2302 1687 4710 4281 1358 4534 2791 1290 674 4182 2668 1952 3166 1646 3485 2503 1557 3426 3520 707 3494 3941 2743 4591 193 3743 2883 170 985 3620 299 2676 4740 3600 2460 2087 2647 4008 3912 698 2355 609 3240 582 1913 3914 873 537 614 4546 3865 157 4466 4674 1623 3860 2659 684 821 863 1641 3178 2691 4203 4518 4724 3275 2204 1795 4270 53 3015 102 3710 4971 197 340 2456 521 2926 49 3418 3765 3605 4148 4459 494 3234 4098 2259 1870 2792 2001 127 3443 4458 3283 3265 3422 3905 927 1201 1414 2870 4609 410 2592 1496 248 2674 3214 3910
3225 3324 2786 2400 2337 1895 1981 52 3746 3231 4615 4384 1137 306 926 2787 927 1994 4411 4005 2433 2674 4189 3391 3773 2971 2904 2919 3842 1069 1718 2649 4905 728 1900 462 2780 1412 3276 602 4086 577 1385 2596 2715 4206 2159 628 1797 3167 551 28 2641 1135 410 926 1018 1207 3587 2976 2063 2694 2880 4923 1560 4360 1629 4970 3491 1220 3125 4577 1971 3728 2699 3037 3194 3393 1797 496 2644 1814 2665 2811 4248 2861 4936 4924 4284 1684 1263 231 2600 2137 1283 1151 1238 2593 4480 4837 4509 4700 2488 3348 4547 4866 24 3084 1804 915 2870 4821 2927 2023 2388 811 3546 4499 2061 549
273 626 3050 3618 4228 3912 1498 389 87 2830 1886 1891 2751 1541 2846 4214 4978 3205 769 312 4516 1860 2840 2206 1903 2725 3125 1239 410 1823 2695 4169 1046 4548 4598 1346 219 2237 1219 1550 3174 81 4478 1894 2097 4498 3047 2434 2430 4339 3567 1959 3326 2091 2586 1894 3892 2427 2706 1319 3937 565 1042 745 3758 258 1020 1161 1018 2773 1930 3276 151 2023 2853 3756 3100 3349 701 1436 3856 2203 4740 3227 4389 2101 3919 4215 1638 4171 1856 1899 3070 1623 2286 230 964 2493 2226 1350 153 2107 126 2778 1058 1144 813 1488 3662 4189 4609 2927 217 1279 4555 4334 1171 3411 3504 316
3230 4241 3649 517 3381 3946 158 4161 296 4646 3435 4175 3197 2015 1147 433 4667 3073 770 2461 4641 2681 3922 109 1756 2157 954 1046 665 4742 1630 3732 2277 2143 482 3354 1200 380 3131 524 4529 4069 3073 2054 3223 4941 2451 2103 557 1593 1197 4128 2545 1881 293 4140 49 3608 3926 3539 365 4928 599 2080 3828 3293 1035 1552 4792 858 1787 371 4489 623 1333 822 3972 907 3814 1278 3253 2509 344 2172 3063 2916 1969 274 3706 756 1178 3237 706 243 537 2473 4414 4799 536 3291 4273 1544 148 2679 575 2013 698 4800 2607 2634 410 2023 1279 1852 3663 3908 2075 2070 1096 853
2141 636 1837 3285 4195 2553 4874 2150 203 2968 4065 3079 2247 1852 1383 84 925 641 1868 529 394 4597 1870 4820 2349 69 623 831 2668 1239 2276 2823 862 3238 753 2240 3054 2862 4662 3004 2869 3893 214 3182 3408 3304 4806 1144 1844 2128 4879 2530 666 3760 4012 4322 2872 2493 3818 1478 3459 1300 2483 285 2863 713 401 793 765 1369 1109 2947 3684 2216 4949 4863 592 2113 4636 295 849 1990 3588 3234 2193 4532 3407 932 2787 419 2233 833 4127 86 4375 4267 2726 3622 3822 4342 3694 116 3569 1971 1515 315 1407 4683 4407 1471 2592 2388 4555 3663 1075 1293 3526 4092 2248 3947
3236 4612 1261 979 2675 131 4693 4862 3848 3889 3803 4367 2213 1753 4408 4211 2311 867 933 1305 2639 4549 3166 1521 4205 294 1556 1350 2379 864 3005 3480 3187 1944 4418 2100 751 4787 2892 4290 4635 3783 3179 4349 285 4507 780 4184 4811 1525 2222 4190 4516 2077 993 2774 1242 3497 1527 149 4827 1595 2086 4652 3745 2349 671 1637 3323 4089 2931 4676 4110 4417 4772 1903 1822 4323 4369 3418 1634 2955 133 3730 1996 4319 3444 311 4557 222 4683 843 2166 3979 3778 2127 2058 4237 1918 1654 414 1265 1395 3063 36 3691 4668 3254 1338 4629 1496 811 4334 3908 1293 4402 4558 3179 3675 4341
1323 2215 2406 1754 3941 692 4041 1935 67 2158 1721 173 1473 823 1286 2263 2157 4281 2969 4196 372 2691 3935 3162 789 4028 3040 1636 963 3665 4146 1409 56 1296 4291 3833 963 3505 67 48 3602 1562 3568 2302 4838 1150 1659 4991 4875 2747 4006 1321 2718 4930 3877 4146 1043 4897 4824 4282 1170 1639 473 3851 1555 1646 2752 2367 1585 570 2269 932 4165 853 2638 1631 399 2593 314 3400 166 2196 4015 4771 3585 1635 4983 448 4921 4901 3425 306 2911 477 3181 4465 696 3376 1899 3217 2073 2977 3025 3439 1809 2945 1793 4345 3611 4144 248 3546 1171 2075 3526 4558 1094 2846 4452 4415
3210 4559 3143 4412 3436 3725 938 110 1198 1746 1239 314 995 3816 3489 756 4319 3895 2632 4191 1367 1443 2651 1674 4430 2231 3054 3872 4941 4666 2233 2767 1386 4859 3525 2227 313 4170 1219 3824 4885 4646 2305 3060 2189 4335 4763 4374 603 264 2439 2826 175 1165 3923 4314 4571 3712 1031 2721 4108 4267 223 774 3172 3625 4805 357 4369 1773 326 3068 3517 1985 1511 4207 4216 3526 1861 2767 2152 3736 1325 3484 3334 4357 3719 1811 3537 4979 1236 3751 1416 2316 1531 2802 4457 1875 14 1878 3058 1133 3094 1392 2953 72 1961 4872 2155 3229 2674 4499 3411 2070 4092 3179 2846 1400 384 1551
1913 3081 850 3090 1524 1170 2734 3042 4459 2151 2420 1789 1078 4840 3424 3857 2724 502 261 3365 418 4723 3423 3813 1920 3444 3894 4219 4990 522 3407 38 2285 254 1510 4232 2042 568 4500 2893 877 3301 768 3595 3866 3786 2927 211 1886 3332 3689 427 1983 1227 1233 4487 3082 2011 4437 4061 3167 1193 1380 4614 646 3963 2177 296 2676 2644 2308 2008 1356 3398 4042 1590 2081 3915 2286 595 3713 4817 2240 4061 4856 1385 3622 527 3832 3884 1559 1641 514 2930 2946 940 4255 1718 3898 487 1316 471 3790 656 3316 910 2470 4653 663 2623 3214 2061 3504 1096 2248 3675 4452 384 2004 3041
4243 4503 2822 3617 1790 2069 303 3807 746 3160 4234 4925 1041 2979 3015 3269 1755 2121 3300 1505 1274 695 2217 683 1861 145 1965 859 314 439 3520 4145 4111 2814 2973 4590 4380 552 3491 1563 3718 2877 1296 1593 1922 3839 1424 2379 3746 369 4747 3730 3611 1588 1323 2715 365 4331 1084 3822 71 3721 3994 1830 2081 3119 923 3977 1450 1578 2893 3076 669 4617 1632 4894 2387 4247 2579 4600 3812 131 34 4393 2636 4252 1806 1460 2091 3658 2180 2707 1784 1483 1819 1418 215 1155 3726 3356 1263 4624 889 4183 2430 2029 4545 4866 481 22 3910 549 316 853 3947 4341 4415 1551 3041 1816
