N: 120
M: 20
Symmetric: true
Triangle: false
5 111 107 2 91 14
2 78 16
8 28 18 50 12 98 83 117 82
8 20 36 42 25 51 76 74 79
7 27 112 68 45 119 101 54
4 67 116 103 43
7 115 13 49 106 24 110 38
5 35 80 9 97 6
5 11 17 96 31 58
12 19 62 3 1 90 93 44 8 39 30 37 69
5 87 84 70 52 73
9 33 86 48 100 7 75 71 109 88
4 60 118 41 92
9 72 108 22 61 5 81 32 21 114
2 105 57
5 89 4 66 47 65
8 64 99 63 40 102 15 94 113
9 95 120 26 53 29 85 34 56 23
3 46 77 104
3 55 59 10
3460 1688 4680 3341 2143 4303 566 1450 294 1566 1335 1785 3283 4766 2352 615 346 2745 2651 175 3810 4257 592 3234 4140 4759 4492 247 3025 3801 951 1354 721 4390 924 3617 2070 3584 4758 1734 4907 3212 3172 4876 2134 1604 1478 3612 1606 3945 1646 4812 3393 1601 2356 53 2475 527 3411 2631 3269 3022 3444 3452 4786 2465 3228 1937 4400 2965 3860 2470 4003 911 4621 1519 2495 3987 3070 4573 3879 800 4992 242 3714 2565 2517 2978 3738 3053 3058 1188 1142 2982 4157 1396 3024 2960 3676 4511 3338 4743 2809 1470 2178 2311 2565 503 2844 3997 4651 4104 137 2507 1112 614 1946 3180 2755 1119
1688 1992 3608 3430 3914 4201 101 2892 845 2727 712 4967 2617 144 3084 1733 271 438 4708 4594 4188 1357 4355 2814 251 221 3138 2786 2025 2949 2290 2324 3085 2908 2768 4678 4698 2484 3566 462 15 2184 1418 1932 232 3956 2187 483 4383 3633 3094 1023 1959 220 4759 3907 4587 1522 2072 2916 894 3749 4196 4463 1621 1870 3848 862 2102 2496 3650 2196 1081 2577 1459 4222 318 499 1403 1010 989 474 3075 4263 3176 2520 3473 567 167 1063 2538 4209 2310 2037 172 2241 3850 2820 29 962 1712 4760 737 4130 3935 2547 2657 3512 4587 3945 2920 4422 1106 763 4828 281 2386 4429 4863 4773
4680 3608 3168 1147 4877 425 3798 1591 1765 620 3845 4087 2484 4382 4956 4644 305 3709 3240 2322 3407 1405 2068 2982 243 1108 2357 4969 1445 589 451 827 3893 2320 220 1480 3859 1438 4715 2206 3391 130 3390 1278 3471 3252 1845 665 3908 4312 1562 1825 4492 1558 3592 746 4539 3508 4954 3462 4446 4518 1794 1150 642 2232 4708 1790 1008 4511 4877 1340 2294 2455 4073 2501 2868 4086 4495 1607 186 167 149 2147 4705 271 4405 4259 593 2389 3629 3449 2610 452 1925 4426 2680 4450 2856 4354 1039 1305 2858 1108 4380 4963 2464 2105 3289 2941 4221 3993 4997 2888 2397 2606 54 871 571 4418
3341 3430 1147 2245 4433 2307 2432 2525 4235 3568 2812 2991 3290 1409 3259 2439 1604 4496 4343 927 3006 401 3163 1308 3349 992 574 1200 3684 192 1301 2487 1822 286 1408 1872 1309 1365 624 2726 1169 3247 2848 222 1536 2869 1133 844 4475 1177 2977 4878 681 2962 405 1893 1814 4563 4985 1668 2722 4591 646 1571 3378 4235 673 853 2283 1610 11 1484 335 2425 3688 4379 351 2248 650 1726 2055 3822 3581 4999 2265 1811 2160 3297 1017 3060 2541 4402 940 2615 386 43 4092 4705 2709 3128 2123 3446 2014 4680 1990 250 1981 3441 3548 2203 1309 2665 4370 3566 3949 1690 3187 3367 1860 3046
2143 3914 4877 4433 2593 1103 1428 4868 964 865 4513 1780 2626 4057 173 3972 3717 172 1788 4941 1141 1514 1760 3615 3516 4081 1948 1485 2217 3651 1200 2611 3871 4091 1769 66 3547 443 3929 3323 375 3032 1053 1482 421 623 3761 3850 1814 589 1103 4409 3225 3795 634 612 1698 684 4193 4469 1817 665 220 2880 2739 2145 4873 3502 225 2459 4422 1382 4537 2844 316 864 4105 1808 4992 3401 3912 3054 3023 536 474 1234 2197 2525 661 3010 480 1833 2252 2783 801 4219 4336 2403 2026 581 3065 3094 4545 3683 3431 3623 3404 2587 2382 3791 3005 3423 64 422 81 4646 1416 374 3916 4246
4303 4201 425 2307 1103 4482 1216 3565 2702 1861 2571 3520 1535 4722 3859 2528 561 3495 3974 3034 2205 1516 460 386 374 2815 978 1652 4503 4865 3239 3055 3190 3473 2660 2825 2038 837 3919 2219 2379 506 4514 1353 224 3650 582 2803 2292 4429 681 2078 3916 942 2590 4699 2187 2762 115 3859 1440 117 3884 4041 4984 1315 2141 570 3855 3020 2199 805 499 790 478 2547 3108 2083 3656 2514 2001 3321 3035 4357 62 4506 1548 3080 608 944 1796 3371 4097 3783 3108 4864 1969 261 2616 2660 1785 1288 3409 672 3383 3567 2969 2670 549 4060 1119 2939 3048 2997 294 3959 4819 4228 3053 2059
566 101 3798 2432 1428 1216 844 3084 1142 4836 646 4390 1733 4084 1783 2595 3830 1278 4074 302 51 2085 4326 1045 1165 2218 2468 3022 2460 4556 3736 471 1054 4826 290 4644 1150 3358 1293 1441 68 4250 4099 2627 3998 3374 4663 1229 1792 1968 3056 186 4523 320 1293 1293 1560 569 247 4065 4022 912 2951 589 863 2718 4879 343 3215 886 935 3185 878 3421 2180 2353 186 1647 729 3223 2502 3728 3635 1727 3552 2791 1294 123 3436 3106 589 1774 240 1723 903 4061 3448 1809 208 4842 4511 4718 4256 1209 1536 2786 2245 4513 1728 1096 1185 2593 2026 1289 2557 2772 2039 3928 578 473
1450 2892 1591 2525 4868 3565 3084 4077 2152 4353 1208 2377 2604 1294 4929 1756 3590 838 1306 384 1043 17 4054 4584 3801 3735 2202 1511 3708 1861 679 1590 3164 4495 2238 4499 4212 2633 3758 4334 3730 1402 1163 2127 3501 2347 3630 2320 4821 1302 1295 536 616 2056 4893 1118 133 4191 452 12 1696 3270 865 1241 3750 1293 628 1633 4471 1470 2939 4130 1489 4162 3315 3329 2684 3945 4427 1717 121 3155 2618 548 2012 2175 4625 454 3815 3900 2268 317 1618 303 1013 1924 2926 4768 652 440 340 1781 3060 4943 4437 1847 958 3160 2779 3660 2649 941 1524 654 4795 969 3824 752 1977 991
294 845 1765 4235 964 2702 1142 2152 661 1410 3873 104 3512 971 1012 1268 4893 1590 391 1693 1934 772 1894 3640 4685 4877 296 3496 2090 1585 857 1632 1578 2262 2686 1835 734 2104 4788 3404 4669 3953 1898 1901 1464 4678 111 4849 2830 3964 2417 1652 4489 3613 2670 4872 3033 2103 2991 707 2527 2033 590 3290 2739 285 2738 1382 1988 1860 3062 2566 3800 207 4327 546 382 2270 4786 282 3009 311 844 2689 527 790 4806 4825 1078 1690 4384 4740 1796 4178 626 1086 97 4433 2118 18 1707 2723 4032 1060 3867 3864 4390 1906 2258 3492 4030 4451 3294 4901 2665 4620 3968 466 2434 535
1566 2727 620 3568 865 1861 4836 4353 1410 1978 1155 354 2593 3033 4627 2896 3732 930 953 4036 2637 1815 1058 4625 2575 1068 3376 2732 2567 663 4811 843 3810 1839 2064 4749 4696 1052 29 4559 3521 468 1306 3381 2904 1531 2209 2796 1110 408 435 2533 2799 2536 4919 1100 2458 384 3465 1814 1314 480 1102 2845 4632 1718 3181 1931 205 3083 4525 4552 169 4749 563 3278 4852 654 2076 636 2999 1653 4557 1454 3995 3227 1074 4034 1757 2602 338 532 931 965 2794 3742 1243 1343 3285 1589 4154 2021 3750 1069 113 1006 2418 3157 481 1262 3246 4209 4696 1609 2220 3131 2040 456 3421 2819
1335 712 3845 2812 4513 2571 646 1208 3873 1155 609 1197 2600 1906 665 1457 421 3147 1742 2584 1902 131 859 807 4631 3929 2520 4001 1787 3940 591 4607 589 2318 3480 3112 2123 2453 2651 4816 2281 1402 2396 979 3531 4620 1202 647 3605 856 529 2310 328 4697 1037 4945 1034 3195 413 3083 2194 3037 2465 1192 1959 333 332 4853 2157 4601 251 4755 4844 2107 251 1904 3537 2077 4172 2954 821 3591 3018 749 81 11 2747 4489 2250 2115 1348 423 2455 649 129 2427 4930 609 4431 562 860 1563 2905 1801 1883 699 4115 10 2998 823 2031 1924 1814 3409 4292 4669 407 2545 4999 4920
1785 4967 4087 2991 1780 3520 4390 2377 104 354 1197 639 3731 3902 3849 3877 2586 580 441 916 4655 1679 4256 3706 1357 3684 2992 3005 1465 840 2099 849 4578 1884 4897 1553 4430 1479 1723 4587 3841 533 1615 2574 4619 1566 262 4442 3360 3979 1697 4872 391 4110 1534 229 1208 2808 2398 3848 520 4245 2942 986 4382 4616 2501 218 71 1424 3101 2812 4700 3891 3626 56 3835 1133 2861 4025 2824 1962 1610 780 4191 3194 3096 4511 3758 3417 3411 2187 29 1103 4768 3161 1686 4146 784 4141 1766 2110 798 71 4075 3619 3010 823 1300 4536 2098 297 108 3831 1238 2189 1651 1880 1350 2872
3283 2617 2484 3290 2626 1535 1733 2604 3512 2593 2600 3731 3736 283 4550 2277 776 2404 558 141 2384 969 4319 392 354 2583 1791 4955 3176 3021 1301 4106 2978 3201 233 3260 2110 1409 3548 1805 3041 372 2211 3624 4566 2552 1834 654 4901 4879 4462 4611 948 4776 2621 3441 1557 4056 3867 1803 4531 4304 2939 3035 4065 4529 1440 1187 630 4297 649 1000 2021 2096 2023 2947 4776 795 4755 4750 3402 2122 2230 2966 1700 1887 1461 4297 1698 309 4877 708 1675 3293 3104 2706 4864 2493 3490 754 1656 3502 1462 4614 2573 4088 2650 3373 1472 4576 494 4030 759 1415 3285 219 4536 2738 3251 1562
4766 144 4382 1409 4057 4722 4084 1294 971 3033 1906 3902 283 1230 3445 2080 4311 940 1721 305 4092 4882 3606 2162 2414 4397 1584 148 4848 4385 561 810 1621 2964 1672 4329 2542 1077 3003 4457 1126 3832 3324 3003 141 3503 1809 3955 3073 1709 2318 1245 1419 3392 3657 3691 412 4938 1466 297 310 4952 2746 755 838 718 2588 223 1951 2342 3891 1559 4858 497 365 1892 1357 1407 2913 3296 4335 2985 2326 482 3416 2925 663 3902 2350 4394 671 4608 3323 2560 1633 2756 1527 2972 717 1442 3756 374 1097 3678 1821 2438 2237 4121 179 3499 102 2196 40 1983 2921 3664 2367 258 3163 3158
2352 3084 4956 3259 173 3859 1783 4929 1012 4627 665 3849 4550 3445 1738 1587 1588 1177 4596 2770 879 1038 110 170 1393 2734 2723 4081 1967 1712 2455 354 321 1424 4165 600 917 2186 2414 2033 3410 4261 3350 93 1268 4975 2424 2686 3679 1752 2629 4038 1845 236 3911 4213 3080 391 3469 2514 3093 746 3464 4976 4474 4635 803 2833 45 2414 2998 3471 3315 798 4560 1910 334 207 4076 233 430 1300 1125 620 2163 2622 4056 1494 2754 3508 2794 152 562 1779 3968 3494 3000 1354 1548 2490 436 1317 3176 4958 3491 4097 714 2436 642 2079 2131 436 1534 2078 4936 4959 4705 2371 3170 4136
615 1733 4644 2439 3972 2528 2595 1756 1268 2896 1457 3877 2277 2080 1587 3501 710 2804 1971 1538 3842 3989 3149 570 3890 2245 3729 2417 508 1701 1906 2498 2294 2946 3299 786 2706 2730 613 4632 4356 2718 3729 1048 4438 1858 1806 3723 4372 582 240 3333 4468 2760 12 744 2452 2911 3693 3644 2744 3035 2814 2691 1591 2521 3231 3153 449 1564 1714 802 209 3689 1636 461 162 1798 782 1260 1682 1743 4157 565 1554 3674 4779 1480 2479 3937 3386 3003 2865 1206 3198 1338 816 2917 2454 3575 4247 1467 1437 585 2311 833 4868 2971 2275 1595 3592 4377 2968 4554 3442 2161 3710 1306 4282 3517
346 271 305 1604 3717 561 3830 3590 4893 3732 421 2586 776 4311 1588 710 1838 2240 211 3478 3566 4813 4178 208 3139 1503 4328 3091 1274 2110 826 3690 2109 4758 1522 632 2986 2646 2089 3201 261 4344 1340 451 2346 233 1478 1688 358 1134 792 4290 2533 3487 1942 4379 3871 4730 2843 3279 4229 992 4451 3145 607 2658 2469 653 2594 4342 1833 2040 376 3040 2170 4047 4303 3157 1042 208 545 3112 1480 3356 3636 4331 1125 3506 3172 343 1522 2338 1172 2431 3748 4305 316 2352 80 2388 919 2542 2968 1503 2634 4205 647 4198 2864 4710 832 1746 664 4673 2825 4296 2286 4085 3033 3320
2745 438 3709 4496 172 3495 1278 838 1590 930 3147 580 2404 940 1177 2804 2240 3965 382 764 3491 2300 4172 4446 2861 1375 3376 3799 4020 2305 3588 4882 2878 1787 4850 2238 4746 4159 4619 2244 1285 1188 4162 1194 812 1100 1146 2921 1638 1800 4649 4542 3815 4387 4485 3146 177 61 2198 1153 1730 220 692 3558 1583 684 3105 772 2508 4569 848 2139 4546 619 1353 1410 4866 911 1074 1618 2851 2414 2792 1341 1337 2738 4528 3047 4913 2982 4507 3568 2901 4691 1742 1844 1948 2321 4266 1973 1485 4267 4614 184 3368 3913 3669 1497 691 4047 1045 4268 446 2345 2994 2349 1752 2655 1545 4277
2651 4708 3240 4343 1788 3974 4074 1306 391 953 1742 441 558 1721 4596 1971 211 382 3856 1574 3237 4977 2725 1809 2041 4932 3656 3514 2324 2285 2429 1206 1192 121 1675 3168 3119 2466 4461 3355 3055 651 515 4773 3100 4331 2799 3717 4159 1294 698 2082 2143 772 53 4870 2441 4820 3183 50 1557 3015 4522 4713 2989 3485 1158 1104 2952 3931 1247 3042 2102 814 2403 1481 1458 3325 1321 2656 485 1911 1074 993 3302 4987 3692 4349 1224 2870 3392 1316 2094 3158 235 4928 1964 2786 3132 3416 3025 1031 413 1571 577 1005 4020 377 424 2603 2034 1715 3754 4375 3657 3556 3337 3036 2671 1069
175 4594 2322 927 4941 3034 302 384 1693 4036 2584 916 141 305 2770 1538 3478 764 1574 198 1170 3977 2008 948 3983 1099 1974 3302 1980 179 757 4440 4419 4260 1078 2541 321 3323 533 1961 4848 2374 2724 231 4614 3077 3185 2876 602 3275 86 1194 1956 1952 4769 113 4312 2016 2423 4086 4775 1599 135 4612 3028 1028 4288 26 4054 3723 3323 4434 1294 4685 150 2792 2731 3930 1106 63 1441 1533 1597 597 2141 314 3351 1576 2339 1848 2228 287 11 3095 4747 2897 1962 1504 3060 3234 2933 87 4173 1699 2567 293 4124 1542 1832 2137 3533 510 1410 674 1024 1100 3380 2193 4805 735
3810 4188 3407 3006 1141 2205 51 1043 1934 2637 1902 4655 2384 4092 879 3842 3566 3491 3237 1170 684 3109 3499 2461 2046 1349 3642 4738 110 2367 2583 4294 100 2548 4939 69 513 2388 3733 2830 592 3385 2256 774 3326 3367 4914 293 2085 3553 4126 2799 1944 4637 1682 4862 716 589 3694 2567 2788 4095 3594 4804 4166 3737 2359 3181 2902 4479 2923 866 3821 418 900 1632 4213 3229 386 1545 809 3964 2594 4026 4015 2432 2730 1010 4206 4160 4464 2438 1283 3235 3183 3532 2396 4206 443 1872 510 3253 1383 3293 1155 1108 3500 3420 4128 2848 3724 3595 2228 4975 92 1617 4123 2846 3035 1220
4257 1357 1405 401 1514 1516 2085 17 772 1815 131 1679 969 4882 1038 3989 4813 2300 4977 3977 3109 1119 2049 2606 3256 1532 581 3954 134 1271 2640 379 4757 3112 3194 2535 4480 3805 2620 2514 4736 4945 4739 1102 423 974 3718 3866 460 277 3623 4576 1002 1711 4936 428 1717 524 609 2743 2095 162 2755 1621 4619 3397 1783 2009 2872 3001 1187 1764 3830 3028 4668 1202 652 791 3258 746 4859 406 4944 3310 4315 570 3162 1676 3388 4108 4674 4231 2989 2720 4039 1817 2744 1559 2801 1332 1746 2985 2498 1493 2766 3066 1915 617 4381 4163 1210 3539 891 1420 2263 1053 2828 4744 1134 2535
592 4355 2068 3163 1760 460 4326 4054 1894 1058 859 4256 4319 3606 110 3149 4178 4172 2725 2008 3499 2049 2871 4460 4721 1293 1255 3102 993 869 1500 4486 908 2606 3361 1974 3122 1494 2797 3419 3070 1953 4927 630 1295 703 693 4091 2588 426 1705 2234 1775 3297 4920 2332 2982 309 3022 2303 2985 543 1096 890 1602 3346 4962 3314 181 3574 4364 2454 4864 3541 228 3570 1272 3967 3697 2971 4242 2156 4461 696 578 628 2329 3673 2608 4193 3644 3532 2112 3400 1552 2586 3298 3750 4512 1116 1031 927 3281 4547 1933 447 3019 4291 1255 3935 2100 177 717 1376 3828 3292 894 1722 327 1786
3234 2814 2982 1308 3615 386 1045 4584 3640 4625 807 3706 392 2162 170 570 208 4446 1809 948 2461 2606 4460 2448 3498 713 2806 2308 4032 1537 86 856 3573 642 3103 1341 3791 4609 3920 4735 4338 1385 636 2851 673 4664 1869 4615 3935 571 3377 1042 1560 3410 4998 1911 1125 1151 3613 3269 175 4622 2886 3309 3407 1872 197 4799 1296 2401 3940 4665 3261 4904 4843 23 3677 1414 4734 2480 3113 1081 1010 4368 869 865 1634 3777 3076 1489 3654 2664 825 4628 669 3131 2484 482 28 4863 114 1906 12 4669 902 2752 1063 4090 123 2505 47 1316 2761 2273 165 1760 4966 618 4706 143
4140 251 243 3349 3516 374 1165 3801 4685 2575 4631 1357 354 2414 1393 3890 3139 2861 2041 3983 2046 3256 4721 3498 4376 3936 1605 2737 3035 3767 2105 1801 209 3357 3484 633 4279 1632 586 813 4905 744 2441 3038 1189 4563 3333 1346 3065 3470 2408 188 1971 692 1799 2267 4732 2096 2583 2099 4705 247 1065 510 2967 4609 3468 1777 3666 4826 3092 1128 141 3204 1772 1661 4954 1858 2986 550 1854 4748 2708 2133 4025 3602 2544 4200 1873 805 1100 2762 3812 1313 1661 3597 712 2173 1250 728 2150 4785 3380 1135 4468 613 4584 4701 2021 2346 4988 1112 3404 1636 843 2160 2805 4182 3537 484
4759 221 1108 992 4081 2815 2218 3735 4877 1068 3929 3684 2583 4397 2734 2245 1503 1375 4932 1099 1349 1532 1293 713 3936 3316 339 1056 3002 1277 1924 1154 2609 4097 3475 1938 4381 573 2290 4213 4562 2585 3240 56 2677 952 118 1691 2696 3878 3452 309 2837 453 4455 1894 2293 1880 4221 1775 3413 4687 3298 1161 1258 406 4801 4727 4709 491 3308 915 668 1825 1641 4864 4407 3662 2240 804 103 905 2546 385 4308 3024 3850 915 671 1045 4159 1785 2210 4826 2393 2440 2398 3813 4099 1390 2950 4544 4629 1665 4422 276 4546 1864 4537 3784 2807 2362 1623 1459 4515 2675 4260 3251 2194 3591
4492 3138 2357 574 1948 978 2468 2202 296 3376 2520 2992 1791 1584 2723 3729 4328 3376 3656 1974 3642 581 1255 2806 1605 339 595 1569 1720 174 257 894 2441 3694 4755 3762 2647 107 2228 349 736 3567 2062 4998 3006 2746 2528 55 241 3209 4447 3190 1346 3470 3961 2156 4995 3907 2850 1466 1773 2170 1992 1453 2687 4932 2432 3378 3471 831 2486 1323 1756 1285 1363 3399 1369 2643 2525 2689 3991 1590 3876 569 1710 3113 3858 2545 3294 4249 4921 839 4954 2364 1201 1117 153 218 2972 2482 2796 2036 1396 223 4108 3076 812 280 1150 2402 528 1761 3226 1671 3078 910 435 3536 3466 2737
247 2786 4969 1200 1485 1652 3022 1511 3496 2732 4001 3005 4955 148 4081 2417 3091 3799 3514 3302 4738 3954 3102 2308 2737 1056 1569 2266 1153 1494 4997 4012 2789 4060 937 2726 266 3273 4631 2266 598 4432 1198 2426 2059 2378 1398 1351 4628 525 4182 4081 2848 4352 3866 4785 3598 3829 2165 1437 1291 2615 1217 4666 4067 2429 1838 2502 4839 722 761 803 2218 1420 3630 1451 4310 4276 4184 3957 3432 3195 3919 802 2081 2491 4196 3573 728 3982 2053 1103 4079 430 3433 1921 1863 1179 3208 900 1651 2948 3076 3083 2916 2892 2486 1866 244 1428 3606 4499 2558 1907 933 2964 449 3004 3072 1616
3025 2025 1445 3684 2217 4503 2460 3708 2090 2567 1787 1465 3176 4848 1967 508 1274 4020 2324 1980 110 134 993 4032 3035 3002 1720 1153 4477 4322 3836 683 142 711 4663 3947 1181 1881 417 2812 4945 1793 4302 82 463 309 2812 1289 1071 736 4128 1364 396 2576 1785 3377 1621 2201 2046 4599 682 4833 3005 4631 400 1425 2935 1333 4479 2859 2496 2421 2580 2754 2933 3638 3521 2527 3610 3477 4321 4693 2355 4030 1203 4390 3532 1235 3446 1660 3226 1160 1649 2213 4547 3073 1378 91 343 2238 2134 2624 3852 2106 4362 2492 4562 4714 368 3000 4327 4461 1426 3718 1010 4555 1295 210 3352 3450
3801 2949 589 192 3651 4865 4556 1861 1585 663 3940 840 3021 4385 1712 1701 2110 2305 2285 179 2367 1271 869 1537 3767 1277 174 1494 4322 1444 1980 232 3777 4225 4847 3531 1268 3557 2543 2596 2555 2335 4560 2286 2317 2936 2920 1339 4334 4013 4187 425 4357 105 920 3923 97 4239 1387 3322 1817 877 4381 1699 4844 1809 3631 972 3593 4106 764 2819 975 2543 3773 2493 3843 2699 1150 2750 902 4994 793 1986 4254 3075 224 4683 1829 2246 3742 4455 3450 242 4507 1593 1027 4622 3970 3466 2965 3979 3255 4129 1786 3826 2957 4675 3734 3816 4719 2674 2688 4582 3177 3353 1464 4974 2437 875
951 2290 451 1301 1200 3239 3736 679 857 4811 591 2099 1301 561 2455 1906 826 3588 2429 757 2583 2640 1500 86 2105 1924 257 4997 3836 1980 1084 3844 1173 600 2670 2618 1321 4766 3596 3054 473 4809 115 504 4932 1023 2243 4486 3646 3551 3049 4542 60 1580 2342 4205 2718 1146 739 1687 4717 4614 4391 86 1693 1283 656 451 614 3109 3361 2455 1300 4476 40 4607 4159 3670 1301 1078 3868 2302 3967 3666 3939 4438 2479 2531 43 757 4664 2816 4961 3258 2069 2273 4011 1374 136 4674 400 3914 3094 4763 3215 3432 1453 3470 2031 841 1569 909 2096 2449 1973 1568 4910 4383 2676 1786
1354 2324 827 2487 2611 3055 471 1590 1632 843 4607 849 4106 810 354 2498 3690 4882 1206 4440 4294 379 4486 856 1801 1154 894 4012 683 232 3844 2976 3195 2207 4233 4002 4562 4625 1072 2874 30 590 4548 4562 4810 3849 1386 3217 2588 2270 2818 4146 1104 2870 3767 1820 3469 3769 4913 4179 4601 753 3652 2224 3655 652 4380 2633 3207 1863 59 2327 1693 1001 4401 379 540 4312 4637 2975 4578 64 755 762 890 3471 4619 3206 761 2692 70 280 1465 1595 2659 3928 2378 2750 1777 2058 1463 3972 2286 1202 3504 1424 1886 1226 4207 4756 2412 1384 4341 3801 576 3396 3051 3075 4544 1320
721 3085 3893 1822 3871 3190 1054 3164 1578 3810 589 4578 2978 1621 321 2294 2109 2878 1192 4419 100 4757 908 3573 209 2609 2441 2789 142 3777 1173 3195 3446 4994 3063 2868 4592 752 1419 2928 4034 3249 3050 2015 2072 3771 1880 4614 3273 89 967 2515 3543 4582 132 1309 467 4851 1206 2411 941 975 3179 4284 357 282 4598 347 3018 4609 4105 3555 2380 320 3213 1120 568 3904 4852 925 280 2458 1209 119 4552 1101 3089 1029 4125 3719 1333 1786 1061 342 2604 1565 1142 2867 2833 3426 1697 1658 2356 3548 3819 2767 3136 1207 2175 639 3140 3736 2056 629 1861 3881 272 4780 2268 676
4390 2908 2320 286 4091 3473 4826 4495 2262 1839 2318 1884 3201 2964 1424 2946 4758 1787 121 4260 2548 3112 2606 642 3357 4097 3694 4060 711 4225 600 2207 4994 2252 4293 1156 1487 1263 1366 2388 2993 34 2606 4899 2945 3390 3123 3502 2133 3071 4996 4709 4893 4611 570 2518 2539 2539 4617 3271 2554 4914 1433 2110 4321 1847 2418 1507 700 964 3991 1794 4362 2353 3851 3249 3502 315 4197 2214 2992 2541 3095 2470 2754 3352 4369 1951 556 2980 2134 52 1264 568 3883 1762 781 3914 1814 29 2847 93 2063 1497 2144 2163 2126 2114 4565 312 3787 3170 3979 1991 3353 2564 3291 3813 1070 3700
924 2768 220 1408 1769 2660 290 2238 2686 2064 3480 4897 233 1672 4165 3299 1522 4850 1675 1078 4939 3194 3361 3103 3484 3475 4755 937 4663 4847 2670 4233 3063 4293 1841 3270 729 3522 4201 3322 2716 2462 4704 1809 1653 4352 4908 3192 50 3671 3698 4061 2149 4816 1803 1157 1023 2436 2315 1126 3871 4580 1185 882 636 851 3449 788 291 980 2932 2330 3671 2520 3088 385 4689 4151 4222 3951 99 1989 400 1802 4658 3711 508 708 1153 4946 829 57 362 296 3138 770 4651 875 988 363 3398 4409 3393 4544 3018 4629 4817 4408 656 1402 2779 625 4245 1438 460 2505 780 1186 515 4328
3617 4678 1480 1872 66 2825 4644 4499 1835 4749 3112 1553 3260 4329 600 786 632 2238 3168 2541 69 2535 1974 1341 633 1938 3762 2726 3947 3531 2618 4002 2868 1156 3270 407 2404 4021 759 4738 4370 1583 2033 1119 3008 2224 1886 761 4613 3417 2400 436 3199 3733 1197 4178 464 1146 4848 349 1129 1090 3390 3212 3000 1417 3734 3082 1413 4050 3523 4398 4837 2944 1108 1045 564 1155 2387 2536 2456 2026 2640 2533 240 929 2837 1364 3438 4915 2702 2486 2917 480 3876 1871 2712 3545 979 1563 1925 2878 2838 2405 4456 2746 2343 4417 942 355 4744 894 1823 4171 680 737 1211 1234 544 2148
2070 4698 3859 1309 3547 2038 1150 4212 734 4696 2123 4430 2110 2542 917 2706 2986 4746 3119 321 513 4480 3122 3791 4279 4381 2647 266 1181 1268 1321 4562 4592 1487 729 2404 742 3465 2201 4179 3025 1242 4140 1813 574 565 4608 3414 1007 3150 1794 1172 4411 515 1822 855 1127 381 3942 4977 1028 2978 4197 3264 3277 895 381 4667 2993 4929 4516 1646 2828 2479 1647 3049 2238 2496 3874 39 1095 1550 3101 3061 3286 4390 3524 2702 4889 2170 409 4293 1519 4935 627 2727 842 879 165 1226 1793 1814 3356 4417 975 2973 4683 3209 178 1376 4543 4839 1622 124 4353 4683 2937 3103 346 2335
3584 2484 1438 1365 443 837 3358 2633 2104 1052 2453 1479 1409 1077 2186 2730 2646 4159 2466 3323 2388 3805 1494 4609 1632 573 107 3273 1881 3557 4766 4625 752 1263 3522 4021 3465 3727 3209 3144 2619 590 2144 2203 3060 2467 4912 4988 854 3548 3953 1125 4752 393 1863 2731 4187 789 2523 3469 2959 3157 1389 1644 2352 1870 2628 4242 1093 4997 1438 2254 4282 3485 3897 4150 418 1316 812 1412 2275 1807 3994 4836 3583 3123 3709 3276 2475 2546 1876 3648 2527 1456 4157 175 2695 1320 4323 2436 4355 4789 3826 1132 4179 1136 2360 626 2511 3026 2817 492 100 4243 3215 2747 1247 694 2301 443
4758 3566 4715 624 3929 3919 1293 3758 4788 29 2651 1723 3548 3003 2414 613 2089 4619 4461 533 3733 2620 2797 3920 586 2290 2228 4631 417 2543 3596 1072 1419 1366 4201 759 2201 3209 4151 1656 605 3694 2369 326 4433 3263 3128 2109 3986 159 4093 1100 998 269 4481 2006 764 295 675 1466 2761 4278 413 2514 1315 2405 265 4193 4566 2309 2596 1156 726 1587 1930 3448 2214 4241 2113 4580 4326 1042 3293 1325 2629 2763 1334 1289 1527 2920 253 4077 369 2029 3612 2974 3591 3059 3793 3621 3908 2124 526 3521 4388 4637 3264 966 1480 4900 1196 1918 132 3444 3850 1724 1752 4575 4085 3660
1734 462 2206 2726 3323 2219 1441 4334 3404 4559 4816 4587 1805 4457 2033 4632 3201 2244 3355 1961 2830 2514 3419 4735 813 4213 349 2266 2812 2596 3054 2874 2928 2388 3322 4738 4179 3144 1656 319 1161 3624 4178 4354 2612 1305 1556 760 1964 2706 4689 2093 4040 16 3857 998 842 2216 2747 2543 2903 2692 2249 4991 2537 3955 1619 2353 3104 2620 3118 211 2053 2021 4741 4310 1216 2368 265 2019 4850 2928 2949 2999 2779 3447 3606 293 500 3238 742 1898 2028 2105 4945 4400 758 870 2562 3847 1211 2791 1842 1902 1240 4767 4569 3004 1930 4125 4128 1552 3326 3807 4674 1551 4715 2479 654 3947
4907 15 3391 1169 375 2379 68 3730 4669 3521 2281 3841 3041 1126 3410 4356 261 1285 3055 4848 592 4736 3070 4338 4905 4562 736 598 4945 2555 473 30 4034 2993 2716 4370 3025 2619 605 1161 3633 1453 3747 2964 138 670 169 4627 3527 1203 2365 2397 2012 4976 3156 2241 2046 1802 1260 1683 3875 1766 161 3224 675 2234 4574 4198 2618 3122 1012 2683 3780 1178 2599 1449 4298 2811 483 3016 1444 4774 391 1107 3157 1996 2810 1296 244 859 3359 4466 4476 3363 620 1064 780 4407 3806 1212 3021 492 2189 1140 1059 1950 2008 2016 4391 1683 1292 2336 2943 435 1036 2246 4761 1412 3824 1003
3212 2184 130 3247 3032 506 4250 1402 3953 468 1402 533 372 3832 4261 2718 4344 1188 651 2374 3385 4945 1953 1385 744 2585 3567 4432 1793 2335 4809 590 3249 34 2462 1583 1242 590 3694 3624 1453 3644 4372 4445 1746 4078 4164 746 567 2368 1380 3021 4111 4408 742 2566 2380 1055 2853 4666 2153 2435 1888 1679 3267 3909 465 2652 1160 4215 3737 2326 1869 3844 4371 714 2044 3524 4769 2291 2027 4887 2941 823 4263 3463 3967 369 2419 1724 4404 3071 746 2508 3837 2988 3399 4639 1129 1525 2465 2790 2659 3078 671 3373 305 2178 911 2230 3259 259 2073 4262 1617 4893 3787 932 4076 4055
3172 1418 3390 2848 1053 4514 4099 1163 1898 1306 2396 1615 2211 3324 3350 3729 1340 4162 515 2724 2256 4739 4927 636 2441 3240 2062 1198 4302 4560 115 4548 3050 2606 4704 2033 4140 2144 2369 4178 3747 4372 3612 1288 131 2321 2953 480 2962 2664 1871 1366 2018 1499 2733 3006 1172 925 4921 1426 1500 3062 3209 2915 4800 4067 382 2645 2748 601 1880 3375 4451 3959 3912 1424 29 2205 4696 4024 3707 1763 1158 4694 3619 231 4450 4533 3590 3391 807 3208 983 2077 1983 4510 2473 1946 4946 1764 3791 1255 4180 377 147 3475 2676 3275 1803 1696 636 2224 4780 2551 1815 246 1773 2460 80 1470
4876 1932 1278 222 1482 1353 2627 2127 1901 3381 979 2574 3624 3003 93 1048 451 1194 4773 231 774 1102 630 2851 3038 56 4998 2426 82 2286 504 4562 2015 4899 1809 1119 1813 2203 326 4354 2964 4445 1288 1298 3907 1500 80 1413 1448 107 1481 380 4905 4422 3196 2968 4294 280 3563 4522 4048 2026 2524 4657 3486 2023 739 149 2130 600 3663 1247 914 4408 4989 3375 1398 1070 4754 1654 1824 2945 4362 1572 2787 3630 1427 362 2663 3117 42 1297 1417 4260 931 2729 2580 1867 2073 4743 50 2590 4635 2269 2996 27 1799 2754 3566 1319 1754 4562 3175 2700 533 216 2710 1710 402 1152
2134 232 3471 1536 421 224 3998 3501 1464 2904 3531 4619 4566 141 1268 4438 2346 812 3100 4614 3326 423 1295 673 1189 2677 3006 2059 463 2317 4932 4810 2072 2945 1653 3008 574 3060 4433 2612 138 1746 131 3907 1293 1030 1896 3931 631 2010 3857 1054 2377 2202 2180 356 4391 2960 637 632 2474 4710 2917 1515 4444 362 4174 3111 4883 4058 3178 2341 2561 2818 4415 495 4351 3298 1460 2447 3063 4205 4278 1163 3320 128 12 702 4123 3035 1410 765 2241 214 3251 2302 611 3840 89 619 3132 1786 3823 2624 4972 227 549 247 2102 2269 4226 4933 705 1479 3236 3137 1028 3680 4472 3902
1604 3956 3252 2869 623 3650 3374 2347 4678 1531 4620 1566 2552 3503 4975 1858 233 1100 4331 3077 3367 974 703 4664 4563 952 2746 2378 309 2936 1023 3849 3771 3390 4352 2224 565 2467 3263 1305 670 4078 2321 1500 1030 2714 1960 1145 3322 4587 475 1475 1690 1153 2276 4303 4299 3764 588 4708 3025 4594 4473 3802 194 4345 1185 1641 405 2733 306 1975 3968 1422 1588 3162 1856 4678 459 4947 4981 3305 799 2216 341 2831 1275 1412 2908 3003 1145 4348 4232 2861 1329 3668 1708 2806 3402 1722 557 4145 1525 3259 4879 4526 2832 3515 1084 4102 1786 3685 3886 2107 947 524 1933 282 1719 3254
1478 2187 1845 1133 3761 582 4663 3630 111 2209 1202 262 1834 1809 2424 1806 1478 1146 2799 3185 4914 3718 693 1869 3333 118 2528 1398 2812 2920 2243 1386 1880 3123 4908 1886 4608 4912 3128 1556 169 4164 2953 80 1896 1960 4076 2187 2363 1383 333 2643 311 3351 4288 479 953 1955 2630 2334 4296 2418 2750 72 4430 1510 684 1184 3064 1152 2405 2640 1803 480 2453 2571 1719 1901 2040 2694 205 2019 4423 4495 395 2207 3120 3763 3008 510 3240 3496 1607 4309 932 3280 606 564 3901 1209 1442 2411 3628 3153 3378 1565 4331 2566 1618 1898 952 1738 356 1980 3175 3724 4610 807 258 4512
3612 483 665 844 3850 2803 1229 2320 4849 2796 647 4442 654 3955 2686 3723 1688 2921 3717 2876 293 3866 4091 4615 1346 1691 55 1351 1289 1339 4486 3217 4614 3502 3192 761 3414 4988 2109 760 4627 746 480 1413 3931 1145 2187 2114 3622 2779 1572 711 1984 2571 2846 570 1500 3183 2799 435 660 4018 263 3391 2732 421 481 4348 933 3208 679 58 4621 3034 4517 337 1757 2424 2420 1467 4148 533 2782 4670 1161 2284 4948 2454 458 1565 475 3244 1965 3708 298 2858 119 4803 240 506 1364 67 2823 128 1721 3635 1547 3821 3279 1131 3562 749 3946 3774 1813 4650 1200 70 3645 3151
1606 4383 3908 4475 1814 2292 1792 4821 2830 1110 3605 3360 4901 3073 3679 4372 358 1638 4159 602 2085 460 2588 3935 3065 2696 241 4628 1071 4334 3646 2588 3273 2133 50 4613 1007 854 3986 1964 3527 567 2962 1448 631 3322 2363 3622 1450 4564 4111 4659 4434 341 1836 102 24 1643 4636 1522 4034 1191 4570 3424 4791 721 3478 4467 3711 2680 1766 1025 1532 1534 2500 814 332 1557 2292 1798 4978 4697 608 4981 4793 684 3094 4379 4056 1511 3602 747 184 1295 892 1584 4533 313 1692 503 1535 4815 1719 1728 397 22 4673 996 1903 2093 4100 2316 1463 2784 4749 4024 3062 141 835 2003
3945 3633 4312 1177 589 4429 1968 1302 3964 408 856 3979 4879 1709 1752 582 1134 1800 1294 3275 3553 277 426 571 3470 3878 3209 525 736 4013 3551 2270 89 3071 3671 3417 3150 3548 159 2706 1203 2368 2664 107 2010 4587 1383 2779 4564 1619 4242 1937 614 4688 743 4804 648 1482 688 1877 1850 3034 2040 2743 3618 270 23 238 2613 3463 514 3042 3437 728 1875 2633 3563 797 3651 242 173 4750 3787 3349 1687 2934 4864 4371 3582 3870 714 1250 797 720 21 549 2579 4953 1994 4643 617 234 4753 3584 4742 833 919 1826 4406 3528 4342 1068 4447 4703 372 4436 2396 2177 4310 2870
1646 3094 1562 2977 1103 681 3056 1295 2417 435 529 1697 4462 2318 2629 240 792 4649 698 86 4126 3623 1705 3377 2408 3452 4447 4182 4128 4187 3049 2818 967 4996 3698 2400 1794 3953 4093 4689 2365 1380 1871 1481 3857 475 333 1572 4111 4242 1640 3865 4342 617 1341 1013 758 1991 3019 3546 1732 2112 2292 2024 3030 3848 695 71 589 1769 2876 2647 1196 774 1366 4307 2857 4366 1822 2509 3228 2482 1284 2692 1231 2855 430 1725 2399 3704 922 2773 1970 1584 1072 3872 798 3162 3678 1466 3593 136 932 3020 4531 4213 1022 3534 2998 4175 4188 3710 1563 932 1991 660 1644 3290 4378 4693
4812 1023 1825 4878 4409 2078 186 536 1652 2533 2310 4872 4611 1245 4038 3333 4290 4542 2082 1194 2799 4576 2234 1042 188 309 3190 4081 1364 425 4542 4146 2515 4709 4061 436 1172 1125 1100 2093 2397 3021 1366 380 1054 1475 2643 711 4659 1937 3865 3645 1007 320 2577 3233 2867 1971 1878 3340 3157 2623 3833 3085 4932 2155 1572 991 3459 1797 3931 4378 937 3113 2659 2877 4182 2733 783 4939 948 791 2832 3414 3741 4913 4338 3891 4362 2353 3781 946 1135 2508 1423 2340 2223 3927 3876 4041 1542 1287 961 460 371 3642 2351 4906 4541 110 1544 3349 4485 3669 3628 2175 4216 4258 394 4702
3393 1959 4492 681 3225 3916 4523 616 4489 2799 328 391 948 1419 1845 4468 2533 3815 2143 1956 1944 1002 1775 1560 1971 2837 1346 2848 396 4357 60 1104 3543 4893 2149 3199 4411 4752 998 4040 2012 4111 2018 4905 2377 1690 311 1984 4434 614 4342 1007 158 2108 4672 33 2370 4730 2622 3664 2946 4472 375 602 4348 4934 4391 3603 2103 50 4363 60 30 2763 294 4344 2906 331 1909 3358 2250 1277 1256 1739 2810 3643 577 2867 2398 837 1175 1443 2685 962 931 3148 1344 1128 3404 1462 3701 2230 1138 2533 4207 631 569 3892 3558 3853 1904 1714 3931 125 4600 3889 1099 2255 2090 927
1601 220 1558 2962 3795 942 320 2056 3613 2536 4697 4110 4776 3392 236 2760 3487 4387 772 1952 4637 1711 3297 3410 692 453 3470 4352 2576 105 1580 2870 4582 4611 4816 3733 515 393 269 16 4976 4408 1499 4422 2202 1153 3351 2571 341 4688 617 320 2108 1395 782 72 1917 778 1388 1919 3817 1740 2551 1606 4670 507 4783 1061 4419 2150 922 3412 1603 4566 2725 2618 1193 4830 4544 4044 973 2668 2344 942 905 4489 4105 4145 3692 1458 538 1397 2725 937 2148 959 3759 3459 1584 1614 4292 2107 2395 2159 2703 3946 4713 4769 1997 4067 3484 4196 1089 4547 621 4506 1469 192 1882 1579
2356 4759 3592 405 634 2590 1293 4893 2670 4919 1037 1534 2621 3657 3911 12 1942 4485 53 4769 1682 4936 4920 4998 1799 4455 3961 3866 1785 920 2342 3767 132 570 1803 1197 1822 1863 4481 3857 3156 742 2733 3196 2180 2276 4288 2846 1836 743 1341 2577 4672 782 4160 2454 4319 2151 1374 3799 4253 3082 1224 1714 4198 1654 149 1829 3072 724 2976 3746 3515 2051 1221 414 1932 3587 3346 3403 579 4189 2076 618 183 1796 877 2204 2234 4907 3624 3718 4546 4557 4885 2046 4980 4205 1286 1272 168 3267 2083 4511 782 4522 3286 3861 1935 3002 4680 107 1683 4508 2453 1842 3296 4807 2254 469
53 3907 746 1893 612 4699 1293 1118 4872 1100 4945 229 3441 3691 4213 744 4379 3146 4870 113 4862 428 2332 1911 2267 1894 2156 4785 3377 3923 4205 1820 1309 2518 1157 4178 855 2731 2006 998 2241 2566 3006 2968 356 4303 479 570 102 4804 1013 3233 33 72 2454 3921 679 1218 435 1020 3907 4789 2150 1898 150 3627 3679 836 1493 1867 1157 4437 434 1151 4805 3783 2851 4957 2081 290 2837 4526 1071 4595 3191 2524 3646 519 2132 412 4802 4887 2768 3823 4427 1179 2520 2637 2303 1989 1829 4550 1696 942 3177 1721 2323 141 3170 1245 2981 2351 1667 2971 2328 2173 4956 3992 4175 3518
2475 4587 4539 1814 1698 2187 1560 133 3033 2458 1034 1208 1557 412 3080 2452 3871 177 2441 4312 716 1717 2982 1125 4732 2293 4995 3598 1621 97 2718 3469 467 2539 1023 464 1127 4187 764 842 2046 2380 1172 4294 4391 4299 953 1500 24 648 758 2867 2370 1917 4319 679 2431 1543 398 2666 754 2859 1024 3135 1988 1413 4750 3200 1578 498 1375 3581 4958 1964 1235 3445 3971 2224 2269 3086 3971 1718 1529 3502 3906 311 2585 3419 1823 4710 4259 1532 1953 2874 2404 1988 922 1917 3573 3964 757 3219 2703 3526 4106 4045 3022 443 4520 1725 2310 4859 874 3555 1133 1941 1934 2208 3226 3203
527 1522 3508 4563 684 2762 569 4191 2103 384 3195 2808 4056 4938 391 2911 4730 61 4820 2016 589 524 309 1151 2096 1880 3907 3829 2201 4239 1146 3769 4851 2539 2436 1146 381 789 295 2216 1802 1055 925 280 2960 3764 1955 3183 1643 1482 1991 1971 4730 778 2151 1218 1543 986 1207 1700 1408 2034 2310 3298 991 3987 2064 4340 2490 4807 2526 788 4218 4689 4301 4154 3236 2353 521 3758 4173 2686 2273 1587 4137 3716 4428 3361 3881 3572 1159 325 1582 4743 4486 1917 3760 4854 521 2663 938 3736 2913 3562 4304 2103 4845 320 1864 3906 4389 1524 3380 3192 206 2525 4879 605 3414 1945
3411 2072 4954 4985 4193 115 247 452 2991 3465 413 2398 3867 1466 3469 3693 2843 2198 3183 2423 3694 609 3022 3613 2583 4221 2850 2165 2046 1387 739 4913 1206 4617 2315 4848 3942 2523 675 2747 1260 2853 4921 3563 637 588 2630 2799 4636 688 3019 1878 2622 1388 1374 435 398 1207 803 529 2732 2428 3524 700 2662 3815 2469 239 1817 4554 316 1342 3409 3381 4282 2053 3032 596 426 3430 2037 2983 3672 3335 3766 3479 4684 2632 635 2867 954 2590 1849 4139 3294 2431 2948 3708 3038 1164 4703 2768 2042 3849 4572 915 706 1905 2250 640 4842 2173 4815 2839 20 1758 4674 4917 2623 4034
2631 2916 3462 1668 4469 3859 4065 12 707 1814 3083 3848 1803 297 2514 3644 3279 1153 50 4086 2567 2743 2303 3269 2099 1775 1466 1437 4599 3322 1687 4179 2411 3271 1126 349 4977 3469 1466 2543 1683 4666 1426 4522 632 4708 2334 435 1522 1877 3546 3340 3664 1919 3799 1020 2666 1700 529 1729 1148 2392 2289 1733 4612 3944 4495 4464 1126 4278 4554 1662 4315 753 2372 3874 3355 3251 629 4974 268 224 779 3225 576 4255 3030 3973 4769 2676 432 4848 4826 1769 2802 4557 1260 4271 2962 373 1990 4319 1337 587 3076 2759 80 2819 2361 3465 2394 1926 3296 2905 2374 2018 1664 1472 1507 4329
3269 894 4446 2722 1817 1440 4022 1696 2527 1314 2194 520 4531 310 3093 2744 4229 1730 1557 4775 2788 2095 2985 175 4705 3413 1773 1291 682 1817 4717 4601 941 2554 3871 1129 1028 2959 2761 2903 3875 2153 1500 4048 2474 3025 4296 660 4034 1850 1732 3157 2946 3817 4253 3907 754 1408 2732 1148 1504 2913 2300 4037 3805 4518 3895 3121 3650 3244 2799 4395 842 604 4262 2066 4859 1300 1324 1800 4555 1337 4647 3057 1355 4455 3753 4374 1009 4495 1748 3704 1685 3642 846 1930 1605 2550 1471 2437 3519 3842 1508 1068 3732 2639 753 1860 2036 1242 4980 4225 104 2371 4712 77 1537 2177 1717 4461
3022 3749 4518 4591 665 117 912 3270 2033 480 3037 4245 4304 4952 746 3035 992 220 3015 1599 4095 162 543 4622 247 4687 2170 2615 4833 877 4614 753 975 4914 4580 1090 2978 3157 4278 2692 1766 2435 3062 2026 4710 4594 2418 4018 1191 3034 2112 2623 4472 1740 3082 4789 2859 2034 2428 2392 2913 2782 2781 1454 276 638 2756 985 2939 589 1136 421 2930 839 973 3856 4970 4728 1907 1473 776 3293 2240 1936 1409 3264 3052 3528 4147 281 2744 4273 4561 2946 978 806 2667 1615 621 4549 1208 3596 185 1308 4342 935 891 2302 1019 4458 4641 1562 2209 1019 3077 3910 1470 188 1205 2606
3444 4196 1794 646 220 3884 2951 865 590 1102 2465 2942 2939 2746 3464 2814 4451 692 4522 135 3594 2755 1096 2886 1065 3298 1992 1217 3005 4381 4391 3652 3179 1433 1185 3390 4197 1389 413 2249 161 1888 3209 2524 2917 4473 2750 263 4570 2040 2292 3833 375 2551 1224 2150 1024 2310 3524 2289 2300 2781 4555 1810 3621 1032 1523 2275 712 2293 3097 4904 3481 530 3858 861 498 2611 3598 4518 3097 3763 2795 2211 2592 3458 516 1896 544 1157 4857 1550 3225 1146 1955 4104 2001 3429 4925 3423 1969 4660 4564 1953 1124 1134 1742 3747 2380 318 3719 4563 3223 1436 623 2999 4623 1132 1516 2769
3452 4463 1150 1571 2880 4041 589 1241 3290 2845 1192 986 3035 755 4976 2691 3145 3558 4713 4612 4804 1621 890 3309 510 1161 1453 4666 4631 1699 86 2224 4284 2110 882 3212 3264 1644 2514 4991 3224 1679 2915 4657 1515 3802 72 3391 3424 2743 2024 3085 602 1606 1714 1898 3135 3298 700 1733 4037 1454 1810 2398 3316 4029 2850 4738 1275 2028 3761 1621 1530 391 1980 726 1498 4530 4647 1869 1019 3018 2772 4872 895 1732 437 1880 2704 38 2707 2535 4847 4875 4887 951 2260 3811 1931 3642 3749 4538 621 3531 3025 4368 4447 4967 4107 3224 4573 4919 4973 874 1586 2039 3010 1547 99 1262
4786 1621 642 3378 2739 4984 863 3750 2739 4632 1959 4382 4065 838 4474 1591 607 1583 2989 3028 4166 4619 1602 3407 2967 1258 2687 4067 400 4844 1693 3655 357 4321 636 3000 3277 2352 1315 2537 675 3267 4800 3486 4444 194 4430 2732 4791 3618 3030 4932 4348 4670 4198 150 1988 991 2662 4612 3805 276 3621 3316 1144 1772 3273 4876 2236 1681 64 4618 2034 257 2889 2330 379 4862 3427 2223 4936 2414 2630 2282 1136 4501 2623 939 3728 1776 973 2998 2839 1084 328 4562 3508 1475 908 4162 647 3604 4736 546 349 3116 4548 3853 4980 4530 1951 2648 1517 2750 1009 2167 4055 384 4390 3257
2465 1870 2232 4235 2145 1315 2718 1293 285 1718 333 4616 4529 718 4635 2521 2658 684 3485 1028 3737 3397 3346 1872 4609 406 4932 2429 1425 1809 1283 652 282 1847 851 1417 895 1870 2405 3955 2234 3909 4067 2023 362 4345 1510 421 721 270 3848 2155 4934 507 1654 3627 1413 3987 3815 3944 4518 638 1032 4029 1772 2905 4950 618 2556 952 2427 3029 4431 2535 1069 2987 2137 1616 3031 4258 2900 2998 3734 1835 613 911 1015 1081 454 885 4403 563 349 4118 2693 4810 1757 3135 326 4492 574 2664 4301 1145 3319 3892 3493 3772 1130 1898 4553 4473 4330 1947 1537 4360 1158 2875 65 3025
3228 3848 4708 673 4873 2141 4879 628 2738 3181 332 2501 1440 2588 803 3231 2469 3105 1158 4288 2359 1783 4962 197 3468 4801 2432 1838 2935 3631 656 4380 4598 2418 3449 3734 381 2628 265 1619 4574 465 382 739 4174 1185 684 481 3478 23 695 1572 4391 4783 149 3679 4750 2064 2469 4495 3895 2756 1523 2850 3273 4950 4544 1576 4932 2478 3202 1781 4547 2123 1472 2649 2072 668 3361 2384 314 960 2162 1147 2929 1802 2988 4619 2960 4255 898 178 3439 2657 1510 3889 3235 374 738 4590 903 657 818 4339 4013 102 4742 725 576 3051 2205 739 1974 3397 3195 1146 19 2198 3122 4850
1937 862 1790 853 3502 570 343 1633 1382 1931 4853 218 1187 223 2833 3153 653 772 1104 26 3181 2009 3314 4799 1777 4727 3378 2502 1333 972 451 2633 347 1507 788 3082 4667 4242 4193 2353 4198 2652 2645 149 3111 1641 1184 4348 4467 238 71 991 3603 1061 1829 836 3200 4340 239 4464 3121 985 2275 4738 4876 618 1576 3438 4953 489 2915 3721 1625 3744 1312 1009 4604 4523 4178 103 1040 1834 4410 3169 1462 72 1469 130 3937 701 3052 4677 631 565 4908 3905 2936 1507 2774 2185 215 4519 631 3700 1039 71 4224 182 3357 4979 880 1338 1428 1204 267 4080 504 4089 2583 2956
4400 2102 1008 2283 225 3855 3215 4471 1988 205 2157 71 630 1951 45 449 2594 2508 2952 4054 2902 2872 181 1296 3666 4709 3471 4839 4479 3593 614 3207 3018 700 291 1413 2993 1093 4566 3104 2618 1160 2748 2130 4883 405 3064 933 3711 2613 589 3459 2103 4419 3072 1493 1578 2490 1817 1126 3650 2939 712 1275 2236 2556 4932 4953 3539 2417 879 639 1679 2050 3845 4595 1410 4671 2341 2792 4812 2867 2259 379 2303 2985 1753 4910 1861 3230 471 103 1086 4943 205 2846 4333 4462 4832 1560 1468 752 1050 1158 346 494 644 3562 4989 2729 2537 857 4899 2835 2072 748 3390 105 2233 1846
2965 2496 4511 1610 2459 3020 886 1470 1860 3083 4601 1424 4297 2342 2414 1564 4342 4569 3931 3723 4479 3001 3574 2401 4826 491 831 722 2859 4106 3109 1863 4609 964 980 4050 4929 4997 2309 2620 3122 4215 601 600 4058 2733 1152 3208 2680 3463 1769 1797 50 2150 724 1867 498 4807 4554 4278 3244 589 2293 2028 1681 952 2478 489 2417 3288 4278 2929 3788 4084 4229 1275 3004 2320 3801 2033 1888 485 1691 645 2439 1435 4454 4096 3262 3889 575 4001 199 1364 2638 4465 1534 555 3167 3664 2554 3770 1013 423 3094 2970 4049 4958 3049 877 3164 4755 2071 3215 3802 4266 2797 4037 193 2867
3860 3650 4877 11 4422 2199 935 2939 3062 4525 251 3101 649 3891 2998 1714 1833 848 1247 3323 2923 1187 4364 3940 3092 3308 2486 761 2496 764 3361 59 4105 3991 2932 3523 4516 1438 2596 3118 1012 3737 1880 3663 3178 306 2405 679 1766 514 2876 3931 4363 922 2976 1157 1375 2526 316 4554 2799 1136 3097 3761 64 2427 3202 2915 879 4278 3492 185 3163 2765 4774 2599 1752 4547 4794 3345 512 2727 4668 3805 2167 151 1891 1354 649 4633 734 3843 391 691 3832 3955 2503 3048 49 1197 4436 31 2832 4635 1912 889 1699 3293 704 1354 4862 2102 3105 530 3386 1365 963 1198 4825 3819
2470 2196 1340 1484 1382 805 3185 4130 2566 4552 4755 2812 1000 1559 3471 802 2040 2139 3042 4434 866 1764 2454 4665 1128 915 1323 803 2421 2819 2455 2327 3555 1794 2330 4398 1646 2254 1156 211 2683 2326 3375 1247 2341 1975 2640 58 1025 3042 2647 4378 60 3412 3746 4437 3581 788 1342 1662 4395 421 4904 1621 4618 3029 1781 3721 639 2929 185 1237 2726 2866 2102 732 2737 3785 4545 4413 1551 2105 270 529 4541 3758 4979 3281 1092 2868 288 2514 1821 3359 214 2673 4723 4180 4819 277 2003 969 1617 1504 2310 2365 1241 3784 4872 1308 2038 1567 275 2982 3027 2617 3478 3104 943 2927
4003 1081 2294 335 4537 499 878 1489 3800 169 4844 4700 2021 4858 3315 209 376 4546 2102 1294 3821 3830 4864 3261 141 668 1756 2218 2580 975 1300 1693 2380 4362 3671 4837 2828 4282 726 2053 3780 1869 4451 914 2561 3968 1803 4621 1532 3437 1196 937 30 1603 3515 434 4958 4218 3409 4315 842 2930 3481 1530 2034 4431 4547 1625 1679 3788 3163 2726 2177 4201 1922 4618 3265 1096 200 1817 2706 3036 1968 1015 1939 1769 684 4634 1543 1284 112 4810 4054 3622 188 4347 3268 3546 515 1833 3818 4548 1569 2854 2123 4457 1427 2377 4610 1347 2917 818 2109 131 2949 3445 1325 287 4644 3858
911 2577 2455 2425 2844 790 3421 4162 207 4749 2107 3891 2096 497 798 3689 3040 619 814 4685 418 3028 3541 4904 3204 1825 1285 1420 2754 2543 4476 1001 320 2353 2520 2944 2479 3485 1587 2021 1178 3844 3959 4408 2818 1422 480 3034 1534 728 774 3113 2763 4566 2051 1151 1964 4689 3381 753 604 839 530 391 257 2535 2123 3744 2050 4084 2765 2866 4201 2713 3343 4042 3423 1475 4862 4146 237 2196 4108 1350 2480 246 448 3220 2664 3327 1727 4627 4695 3651 1212 4502 3940 350 1925 3405 2519 599 2299 3233 3724 1128 4742 2964 3919 4549 4685 4541 1386 1612 3726 32 3168 4087 972 911
4621 1459 4073 3688 316 478 2180 3315 4327 563 251 3626 2023 365 4560 1636 2170 1353 2403 150 900 4668 228 4843 1772 1641 1363 3630 2933 3773 40 4401 3213 3851 3088 1108 1647 3897 1930 4741 2599 4371 3912 4989 4415 1588 2453 4517 2500 1875 1366 2659 294 2725 1221 4805 1235 4301 4282 2372 4262 973 3858 1980 2889 1069 1472 1312 3845 4229 4774 2102 1922 3343 4159 3025 2136 3578 4127 3526 2132 4564 810 744 3407 2054 4119 587 3520 4536 1725 1278 1056 192 1100 658 2449 4093 3193 3990 3319 2348 1619 2817 4831 97 3632 2472 860 1968 30 2802 3922 3971 4696 2798 2510 3772 517 4960
1519 4222 2501 4379 864 2547 2353 3329 546 3278 1904 56 2947 1892 1910 461 4047 1410 1481 2792 1632 1202 3570 23 1661 4864 3399 1451 3638 2493 4607 379 1120 3249 385 1045 3049 4150 3448 4310 1449 714 1424 3375 495 3162 2571 337 814 2633 4307 2877 4344 2618 414 3783 3445 4154 2053 3874 2066 3856 861 726 2330 2987 2649 1009 4595 1275 2599 732 4618 4042 3025 3733 3235 1094 133 3289 4671 997 611 3898 4100 3067 3502 752 812 1781 2090 2976 2127 1064 1185 2887 1816 4015 2832 1341 2616 4209 3856 4850 138 3780 1466 339 3589 2015 430 1772 4271 4179 4907 4863 279 2557 4454 1541
2495 318 2868 351 4105 3108 186 2684 382 4852 3537 3835 4776 1357 334 162 4303 4866 1458 2731 4213 652 1272 3677 4954 4407 1369 4310 3521 3843 4159 540 568 3502 4689 564 2238 418 2214 1216 4298 2044 29 1398 4351 1856 1719 1757 332 3563 2857 4182 2906 1193 1932 2851 3971 3236 3032 3355 4859 4970 498 1498 379 2137 2072 4604 1410 3004 1752 2737 3265 3423 2136 3235 3136 3968 340 1746 3545 4218 1216 3708 286 2504 4410 3708 157 3678 3066 2110 1416 106 563 1696 585 3471 4397 1122 3310 4181 990 4972 1064 4765 406 2215 1216 3247 2486 4496 1213 4426 3923 3012 2694 4734 1858 2335
3987 499 4086 2248 1808 2083 1647 3945 2270 654 2077 1133 795 1407 207 1798 3157 911 3325 3930 3229 791 3967 1414 1858 3662 2643 4276 2527 2699 3670 4312 3904 315 4151 1155 2496 1316 4241 2368 2811 3524 2205 1070 3298 4678 1901 2424 1557 797 4366 2733 331 4830 3587 4957 2224 2353 596 3251 1300 4728 2611 4530 4862 1616 668 4523 4671 2320 4547 3785 1096 1475 3578 1094 3968 1971 1369 393 2773 4227 2524 4682 1318 2553 1263 3347 3923 1770 1025 4030 10 797 139 4393 4909 1387 3149 93 485 2050 68 1647 1946 3277 2340 4915 1031 1375 1567 1663 4469 2785 1299 4748 3354 1696 4100 4129
3070 1403 4495 650 4992 3656 729 4427 4786 2076 4172 2861 4755 2913 4076 782 1042 1074 1321 1106 386 3258 3697 4734 2986 2240 2525 4184 3610 1150 1301 4637 4852 4197 4222 2387 3874 812 2113 265 483 4769 4696 4754 1460 459 2040 2420 2292 3651 1822 783 1909 4544 3346 2081 2269 521 426 629 1324 1907 3598 4647 3427 3031 3361 4178 2341 3801 4794 4545 200 4862 4127 133 340 1369 2500 1990 3867 213 2976 3332 1159 3853 2296 3704 1033 2094 3867 4858 1028 1893 2879 1567 3089 624 4502 3874 4048 104 534 2542 2301 4771 1636 3129 4686 1639 944 953 2716 1473 2606 1026 180 2637 3983 3449
4573 1010 1607 1726 3401 2514 3223 1717 282 636 2954 4025 4750 3296 233 1260 208 1618 2656 63 1545 746 2971 2480 550 804 2689 3957 3477 2750 1078 2975 925 2214 3951 2536 39 1412 4580 2019 3016 2291 4024 1654 2447 4947 2694 1467 1798 242 2509 4939 3358 4044 3403 290 3086 3758 3430 4974 1800 1473 4518 1869 2223 4258 2384 103 2792 2033 3345 4413 1817 4146 3526 3289 1746 393 1990 2118 3793 386 3203 3711 2121 2120 366 3932 1543 3388 2809 4023 1365 4082 1954 136 315 3865 2105 135 1392 1827 1298 868 1225 4429 4132 4160 2551 2997 960 3557 3329 4346 3657 1134 4585 2144 3334 2825
3879 989 186 2055 3912 2001 2502 121 3009 2999 821 2824 3402 4335 430 1682 545 2851 485 1441 809 4859 4242 3113 1854 103 3991 3432 4321 902 3868 4578 280 2992 99 2456 1095 2275 4326 4850 1444 2027 3707 1824 3063 4981 205 4148 4978 173 3228 948 2250 973 579 2837 3971 4173 2037 268 4555 776 3097 1019 4936 2900 314 1040 4812 1888 512 1551 2706 237 2132 4671 3545 2773 3867 3793 4028 694 1086 2652 2379 2462 76 3921 4085 199 2205 2829 3628 1985 4087 2390 1940 3408 3893 2203 2884 1367 1392 1970 1097 430 3870 4193 3930 3928 606 2553 2717 1191 3828 467 2636 849 393 4526
800 474 167 3822 3054 3321 3728 3155 311 1653 3591 1962 2122 2985 1300 1743 3112 2414 1911 1533 3964 406 2156 1081 4748 905 1590 3195 4693 4994 2302 64 2458 2541 1989 2026 1550 1807 1042 2928 4774 4887 1763 2945 4205 3305 2019 533 4697 4750 2482 791 1277 2668 4189 4526 1718 2686 2983 224 1337 3293 3763 3018 2414 2998 960 1834 2867 485 2727 2105 3036 2196 4564 997 4218 4227 213 386 694 967 750 254 4727 1233 2446 2741 251 1218 268 4379 3744 1793 3164 2692 4376 192 1583 3683 316 3396 1376 308 3702 4590 3169 2804 1399 2768 978 3727 3835 2185 1784 1968 1017 4667 1240 3937
4992 3075 149 3581 3023 3035 3635 2618 844 4557 3018 1610 2230 2326 1125 4157 1480 2792 1074 1597 2594 4944 4461 1010 2708 2546 3876 3919 2355 793 3967 755 1209 3095 400 2640 3101 3994 3293 2949 391 2941 1158 4362 4278 799 4423 2782 608 3787 1284 2832 1256 2344 2076 1071 1529 2273 3672 779 4647 2240 2795 2772 2630 3734 2162 4410 2259 1691 4668 270 1968 4108 810 611 1216 2524 2976 3203 1086 750 998 2231 420 737 4949 3878 3809 3386 2936 4571 2802 2477 2766 2023 982 4691 4859 4484 4955 568 1485 2414 357 130 1745 4636 1239 2868 2751 49 1237 642 4414 635 3140 1185 599 3850
242 4263 2147 4999 536 4357 1727 548 2689 1454 749 780 2966 482 620 565 3356 1341 993 597 4026 3310 696 4368 2133 385 569 802 4030 1986 3666 762 119 2470 1802 2533 3061 4836 1325 2999 1107 823 4694 1572 1163 2216 4495 4670 4981 3349 2692 3414 1739 942 618 4595 3502 1587 3335 3225 3057 1936 2211 4872 2282 1835 1147 3169 379 645 3805 529 1015 1350 744 3898 3708 4682 3332 3711 2652 254 2231 2947 3671 381 4506 836 2105 2690 146 1497 3404 2089 4490 380 1648 4142 3479 4596 55 1850 1039 1894 3793 3962 2063 1543 3275 3799 4997 2881 3672 3949 1876 2533 284 2503 4405 4716
3714 3176 4705 2265 474 62 3552 2012 527 3995 81 4191 1700 3416 2163 1554 3636 1337 3302 2141 4015 4315 578 869 4025 4308 1710 2081 1203 4254 3939 890 4552 2754 4658 240 3286 3583 2629 2779 3157 4263 3619 2787 3320 341 395 1161 4793 1687 1231 3741 2810 905 183 3191 3906 4137 3766 576 1355 1409 2592 895 1136 613 2929 1462 2303 2439 2167 4541 1939 2480 3407 4100 286 1318 1159 2121 2379 4727 420 3671 815 3276 1400 616 3517 4627 812 2492 1480 2416 3130 3487 2753 2190 842 2417 4671 3109 67 713 4718 194 322 521 3313 177 938 4532 2581 4893 1717 1355 250 577 1665 3861
2565 2520 271 1811 1234 4506 2791 2175 790 3227 11 3194 1887 2925 2622 3674 4331 2738 4987 314 2432 570 628 865 3602 3024 3113 2491 4390 3075 4438 3471 1101 3352 3711 929 4390 3123 2763 3447 1996 3463 231 3630 128 2831 2207 2284 684 2934 2855 4913 3643 4489 1796 2524 311 3716 3479 4255 4455 3264 3458 1732 4501 911 1802 72 2985 1435 151 3758 1769 246 2054 3067 2504 2553 3853 2120 2462 1233 737 381 3276 1195 3080 4458 1693 2180 2896 4318 721 3278 3234 4370 1255 1577 4440 979 1170 4860 381 3761 1002 2036 3496 1902 3199 3586 4667 1857 3456 1666 3339 2639 44 1112 220 4289
2517 3473 4405 2160 2197 1548 1294 4625 4806 1074 2747 3096 1461 663 4056 4779 1125 4528 3692 3351 2730 3162 2329 1634 2544 3850 3858 4196 3532 224 2479 4619 3089 4369 508 2837 3524 3709 1334 3606 2810 3967 4450 1427 12 1275 3120 4948 3094 4864 430 4338 577 4105 877 3646 2585 4428 4684 3030 3753 3052 516 437 2623 1015 2988 1469 1753 4454 1891 4979 684 448 4119 3502 4410 1263 2296 366 76 2446 4949 4506 1400 3080 467 1733 798 3261 1590 2343 202 3385 1326 4985 4301 4933 902 4874 68 3797 2063 1845 4226 4989 2973 4931 290 3917 1576 96 3947 4994 3747 2982 3708 2508 593 4010
2978 567 4259 3297 2525 3080 123 454 4825 4034 4489 4511 4297 3902 1494 1480 3506 3047 4349 1576 1010 1676 3673 3777 4200 915 2545 3573 1235 4683 2531 3206 1029 1951 708 1364 2702 3276 1289 293 1296 369 4533 362 702 1412 3763 2454 4379 4371 1725 3891 2867 4145 2204 519 3419 3361 2632 3973 4374 3528 1896 1880 939 1081 4619 130 4910 4096 1354 3281 4634 3220 587 752 3708 3347 3704 3932 3921 2741 3878 836 616 4458 1733 3334 2080 511 1709 2975 4329 1837 2397 1432 3089 3556 806 3486 2319 586 4452 2105 4034 2252 1310 3141 2107 2099 3102 1052 1042 252 641 1401 3620 431 4183 1444
3738 167 593 1017 661 608 3436 3815 1078 1757 2250 3758 1698 2350 2754 2479 3172 4913 1224 2339 4206 3388 2608 3076 1873 671 3294 728 3446 1829 43 761 4125 556 1153 3438 4889 2475 1527 500 244 2419 3590 2663 4123 2908 3008 458 4056 3582 2399 4362 2398 3692 2234 2132 1823 3881 635 4769 1009 4147 544 2704 3728 454 2960 3937 1861 3262 649 1092 1543 2664 3520 812 157 3923 1033 1543 4085 251 3809 2105 3517 1693 798 2080 3729 2132 2613 1890 229 2307 1110 37 4140 2120 1385 4426 3254 4495 2720 3151 4854 302 1270 4880 2547 1636 899 1137 2477 845 1854 778 1389 492 2521 2113
3053 1063 2389 3060 3010 944 3106 3900 1690 2602 2115 3417 309 4394 3508 3937 343 2982 2870 1848 4160 4108 4193 1489 805 1045 4249 3982 1660 2246 757 2692 3719 2980 4946 4915 2170 2546 2920 3238 859 1724 3391 3117 3035 3003 510 1565 1511 3870 3704 2353 837 1458 4907 412 4710 3572 2867 2676 4495 281 1157 38 1776 885 4255 701 3230 3889 4633 2868 1284 3327 4536 1781 3678 1770 2094 3388 199 1218 3386 2690 4627 2180 3261 511 2132 4664 2567 1284 281 584 3227 4086 2089 1631 149 1514 4031 1524 2154 1746 1686 3815 485 1606 2201 1203 4391 3664 3278 2045 2777 155 13 2208 4524 20
3058 2538 3629 2541 480 1796 589 2268 4384 338 1348 3411 4877 671 2794 3386 1522 4507 3392 2228 4464 4674 3644 3654 1100 4159 4921 2053 3226 3742 4664 70 1333 2134 829 2702 409 1876 253 742 3359 4404 807 42 1410 1145 3240 475 3602 714 922 3781 1175 538 3624 4802 4259 1159 954 432 1748 2744 4857 2707 973 4403 898 3052 471 575 734 288 112 1727 1725 2090 3066 1025 3867 2809 2205 268 2936 146 812 2896 1590 1709 2613 2567 117 332 4424 3446 3249 653 3526 1164 4041 1494 186 225 2606 1688 340 885 3882 1089 3796 1910 164 4454 2986 122 3169 4675 3855 3712 2962 232
1188 4209 3449 4402 1833 3371 1774 317 4740 532 423 2187 708 4608 152 3003 2338 3568 1316 287 2438 4231 3532 2664 2762 1785 839 1103 1160 4455 2816 280 1786 52 57 2486 4293 3648 4077 1898 4466 3071 3208 1297 765 4348 3496 3244 747 1250 2773 946 1443 1397 3718 4887 1532 325 2590 4848 3704 4273 1550 2535 2998 563 178 4677 103 4001 3843 2514 4810 4627 1278 2976 2110 4030 4858 4023 2829 4379 4571 1497 2492 4318 2343 2975 1890 1284 332 2336 2200 680 1732 4917 3271 1540 1940 3243 1463 757 4033 1295 4794 1606 2114 3168 2940 2474 2053 466 929 1977 579 2001 3766 305 1901 3575
1142 2310 2610 940 2252 4097 240 1618 1796 931 2455 29 1675 3323 562 2865 1172 2901 2094 11 1283 2989 2112 825 3812 2210 4954 4079 1649 3450 4961 1465 1061 1264 362 2917 1519 2527 369 2028 4476 746 983 1417 2241 4232 1607 1965 184 797 1970 1135 2685 2725 4546 2768 1953 1582 1849 4826 1685 4561 3225 4847 2839 349 3439 631 1086 199 391 1821 4054 4695 1056 2127 1416 10 1028 1365 3628 3744 2802 3404 1480 721 202 4329 229 281 4424 2200 1093 195 921 2260 3393 3342 3021 1293 151 4201 2362 1117 2643 1903 1460 4723 758 1352 834 4042 4006 1887 1699 474 4098 3752 3004 3298
2982 2037 452 2615 2783 3783 1723 303 4178 965 649 1103 3293 2560 1779 1206 2431 4691 3158 3095 3235 2720 3400 4628 1313 4826 2364 430 2213 242 3258 1595 342 568 296 480 4935 1456 2029 2105 3363 2508 2077 4260 214 2861 4309 3708 1295 720 1584 2508 962 937 4557 3823 2874 4743 4139 1769 3642 2946 1146 4875 1084 4118 2657 565 4943 1364 691 3359 3622 3651 192 1064 106 797 1893 4082 1985 1793 2477 2089 2416 3278 3385 1837 2307 584 3446 680 195 2490 4617 3375 690 4663 629 3328 3416 1709 3401 3823 4217 1945 4097 993 4086 3376 4547 3274 1270 3183 2757 2587 4993 2309 2517 185
4157 172 1925 386 801 3108 903 1013 626 2794 129 4768 3104 1633 3968 3198 3748 1742 235 4747 3183 4039 1552 669 1661 2393 1201 3433 4547 4507 2069 2659 2604 3883 3138 3876 627 4157 3612 4945 620 3837 1983 931 3251 1329 932 298 892 21 1072 1423 931 2148 4885 4427 2404 4486 3294 2802 846 978 1955 4887 328 2693 1510 4908 205 2638 3832 214 188 1212 1100 1185 563 139 2879 1954 4087 3164 2766 4490 3130 3234 1326 2397 1110 3227 3249 1732 921 4617 4838 1682 2562 121 246 3584 3843 4510 2309 843 3963 3000 408 4231 1681 2110 4562 1733 4729 1814 4867 267 3295 4421 2433 3120
1396 2241 4426 43 4219 4864 4061 1924 1086 3742 2427 3161 2706 2756 3494 1338 4305 1844 4928 2897 3532 1817 2586 3131 3597 2440 1117 1921 3073 1593 2273 3928 1565 1762 770 1871 2727 175 2974 4400 1064 2988 4510 2729 2302 3668 3280 2858 1584 549 3872 2340 3148 959 2046 1179 1988 1917 2431 4557 1930 806 4104 951 4562 4810 3889 3905 2846 4465 3955 2673 4347 4502 658 2887 1696 4393 1567 136 2390 2692 2023 380 3487 4370 4985 1432 37 4086 653 4917 2260 3375 1682 1824 3580 1742 4222 1217 3020 1001 1096 4451 2239 204 2433 3932 1303 1244 4310 1539 3114 3528 3824 3831 4584 4710 4816 1694
3024 3850 2680 4092 4336 1969 3448 2926 97 1243 4930 1686 4864 1527 3000 816 316 1948 1964 1962 2396 2744 3298 2484 712 2398 153 1863 1378 1027 4011 2378 1142 781 4651 2712 842 2695 3591 758 780 3399 2473 2580 611 1708 606 119 4533 2579 798 2223 1344 3759 4980 2520 922 3760 2948 1260 1605 2667 2001 2260 3508 1757 3235 2936 4333 1534 2503 4723 3268 3940 2449 1816 585 4909 3089 315 1940 4376 982 1648 2753 1255 4301 3089 4140 2089 3526 3271 3393 690 2562 3580 3219 504 3768 2555 327 3653 1248 2982 2857 454 1164 4013 1198 4629 3400 478 125 758 2188 555 2555 4525 4230 4976
2960 2820 4450 4705 2403 261 1809 4768 4433 1343 609 4146 2493 2972 1354 2917 2352 2321 2786 1504 4206 1559 3750 482 2173 3813 218 1179 91 4622 1374 2750 2867 3914 875 3545 879 1320 3059 870 4407 4639 1946 1867 3840 2806 564 4803 313 4953 3162 3927 1128 3459 4205 2637 1917 4854 3708 4271 2550 1615 3429 3811 1475 3135 374 1507 4462 555 3048 4180 3546 350 4093 4015 3471 1387 624 3865 3408 192 4691 4142 2190 1577 4933 3556 2120 1631 1164 1540 3342 4663 121 1742 504 4488 4108 3700 955 928 4125 3300 464 2126 4779 2778 4282 3443 1544 1441 4408 4563 1271 4707 1904 2354 1604 1512
3676 29 2856 2709 2026 2616 208 652 2118 3285 4431 784 3490 717 1548 2454 80 4266 3132 3060 443 2801 4512 28 1250 4099 2972 3208 343 3970 136 1777 2833 1814 988 979 165 4323 3793 2562 3806 1129 4946 2073 89 3402 3901 240 1692 1994 3678 3876 3404 1584 1286 2303 3573 521 3038 2962 1471 621 4925 1931 908 326 738 2774 4832 3167 49 4819 515 1925 3193 2832 4397 3149 4502 2105 3893 1583 4859 3479 842 4440 902 806 1385 149 4041 1940 3021 629 246 4222 3768 4108 4820 593 3281 1200 810 1816 850 148 3412 660 3625 3557 1715 672 463 1531 164 4209 2980 2858 4837 3380
4511 962 4354 3128 581 2660 4842 440 18 1589 562 4141 754 1442 2490 3575 2388 1973 3416 3234 1872 1332 1116 4863 728 1390 2482 900 2238 3466 4674 2058 3426 29 363 1563 1226 2436 3621 3847 1212 1525 1764 4743 619 1722 1209 506 503 4643 1466 4041 1462 1614 1272 1989 3964 2663 1164 373 2437 4549 3423 3642 4162 4492 4590 2185 1560 3664 1197 277 1833 3405 3990 1341 1122 93 3874 135 2203 3683 4484 4596 2417 979 4874 3486 4426 1514 1494 3243 1293 3328 3584 1217 2555 3700 593 2643 4475 3962 4285 1088 208 3643 620 482 2189 2255 1176 972 2505 4528 734 4101 4413 3327 1993 4314
3338 1712 1039 2123 3065 1785 4511 340 1707 4154 860 1766 1656 3756 436 4247 919 1485 3025 2933 510 1746 1031 114 2150 2950 2796 1651 2134 2965 400 1463 1697 2847 3398 1925 1793 4355 3908 1211 3021 2465 3791 50 3132 557 1442 1364 1535 617 3593 1542 3701 4292 168 1829 757 938 4703 1990 3519 1208 1969 3749 647 574 903 215 1468 2554 4436 2003 3818 2519 3319 2616 3310 485 4048 1392 2884 316 4955 55 4671 1170 68 2319 3254 4031 186 1463 151 3416 3843 3020 327 955 3281 4475 2169 2483 4549 2635 3262 4344 4146 4177 3861 4807 819 3837 2135 2668 3835 90 2537 2018 4918 637
4743 4760 1305 3446 3094 1288 4718 1781 2723 2021 1563 2110 3502 374 1317 1467 2542 4267 1031 87 3253 2985 927 1906 4785 4544 2036 2948 2624 3979 3914 3972 1658 93 4409 2878 1814 4789 2124 2791 492 2790 1255 2590 1786 4145 2411 67 4815 234 136 1287 2230 2107 3267 4550 3219 3736 2768 4319 3842 3596 4660 4538 3604 2664 657 4519 752 3770 31 969 4548 599 2348 4209 4181 2050 104 1827 1367 3396 568 1850 3109 4860 3797 586 4495 1524 225 757 4201 1709 4510 1001 3653 928 1200 3962 2483 4874 4767 4787 4240 3466 1288 4607 784 1955 1059 3337 3815 2226 1950 1074 3134 4237 3145 365
2809 737 2858 2014 4545 3409 4256 3060 4032 3750 2905 798 1462 1097 3176 1437 2968 4614 413 4173 1383 2498 3281 12 3380 4629 1396 3076 3852 3255 3094 2286 2356 2063 3393 2838 3356 3826 526 1842 2189 2659 4180 4635 3823 1525 3628 2823 1719 4753 932 961 1138 2395 2083 1696 2703 2913 2042 1337 1508 185 4564 621 4736 4301 818 631 1050 1013 2832 1617 1569 2299 1619 3856 990 68 534 1298 1392 1376 1485 1039 67 381 2063 4452 2720 2154 2606 4033 2362 3401 2309 1096 1248 4125 810 4285 4549 4767 2999 677 108 580 3942 585 3391 3427 4980 4576 2721 1941 4806 2347 4037 2278 1615 2224
1470 4130 1108 4680 3683 672 1209 4943 1060 1069 1801 71 4614 3678 4958 585 1503 184 1571 1699 3293 1493 4547 4669 1135 1665 223 3083 2106 4129 4763 1202 3548 1497 4544 2405 4417 1132 3521 1902 1140 3078 377 2269 2624 3259 3153 128 1728 3584 3020 460 2533 2159 4511 942 3526 3562 3849 587 1068 1308 1953 3531 546 1145 4339 3700 1158 423 4635 1504 2854 3233 2817 4850 4972 1647 2542 868 1970 308 2414 1894 713 3761 1845 2105 3151 1746 1688 1295 1117 3823 843 4451 2982 3300 1816 1088 2635 4787 677 377 1621 1881 1430 3870 4992 629 3136 4452 3499 1453 3254 4708 3302 1541 565 1185
2178 3935 4380 1990 3431 3383 1536 4437 3867 113 1883 4075 2573 1821 3491 2311 2634 3368 577 2567 1155 2766 1933 902 4468 4422 4108 2916 4362 1786 3215 3504 3819 2144 3018 4456 975 4179 4388 1240 1059 671 147 2996 4972 4879 3378 1721 397 4742 4531 371 4207 2703 782 3177 4106 4304 4572 3076 3732 4342 1124 3025 349 3319 4013 1039 346 3094 1912 2310 2123 3724 4831 138 1064 1946 2301 1225 1097 3702 357 3793 4718 1002 4226 4034 4854 1686 340 4794 2643 4217 3963 2239 2857 464 850 208 3262 4240 108 1621 4951 1038 2445 3739 3036 601 2473 1663 1779 3429 3828 4579 972 355 3303 1037
2311 2547 4963 250 3623 3567 2786 1847 3864 1006 699 3619 4088 2438 4097 833 4205 3913 1005 293 1108 3066 447 2752 613 276 3076 2892 2492 3826 3432 1424 2767 2163 4629 2746 2973 1136 4637 4767 1950 3373 3475 27 227 4526 1565 3635 22 833 4213 3642 631 3946 4522 1721 4045 2103 915 2759 2639 935 1134 4368 3116 3892 102 71 494 2970 889 2365 4457 1128 97 3780 4765 3277 4771 4429 430 4590 130 3962 194 2036 4989 2252 302 3815 885 1606 1903 1945 3000 204 454 2126 148 3643 4344 3466 580 1881 1038 4128 1291 4477 4471 4672 537 2803 833 4343 42 3513 351 3910 2089 2388
2565 2657 2464 1981 3404 2969 2245 958 4390 2418 4115 3010 2650 2237 714 4868 647 3669 4020 4124 3500 1915 3019 1063 4584 4546 812 2486 4562 2957 1453 1886 3136 2126 4817 2343 4683 2360 3264 4569 2008 305 2676 1799 549 2832 4331 1547 4673 919 1022 2351 569 4713 3286 2323 3022 4845 706 80 753 891 1742 4447 4548 3493 4742 4224 644 4049 1699 1241 1427 4742 3632 1466 406 2340 1636 4132 3870 3169 1745 2063 322 3496 2973 1310 1270 485 3882 2114 1460 4097 408 2433 1164 4779 3412 620 4146 1288 3942 1430 2445 1291 4536 3537 1038 1022 809 4969 4348 2647 4787 921 4349 4210 4826 254
503 3512 2105 3441 2587 2670 4513 3160 1906 3157 10 823 3373 4121 2436 2971 4198 1497 377 1542 3420 617 4291 4090 4701 1864 280 1866 4714 4675 3470 1226 1207 2114 4408 4417 3209 626 966 3004 2016 2178 3275 2754 247 3515 2566 3821 996 1826 3534 4906 3892 4769 3861 141 443 320 1905 2819 1860 2302 3747 4967 3853 3772 725 182 3562 4958 3293 3784 2377 2964 2472 339 2215 4915 3129 4160 4193 2804 4636 1543 521 1902 4931 3141 4880 1606 1089 3168 4723 993 4231 3932 4013 2778 660 482 4177 4607 585 3870 3739 4477 3537 4532 2404 1092 1633 1892 2898 2545 2500 1902 1868 1098 4252 378
2844 4587 3289 3548 2382 549 1728 2779 2258 481 2998 1300 1472 179 642 2275 2864 691 424 1832 4128 4381 1255 123 2021 4537 1150 244 368 3734 2031 4207 2175 4565 656 942 178 2511 1480 1930 4391 911 1803 3566 2102 1084 1618 3279 1903 4406 2998 4541 3558 1997 1935 3170 4520 1864 2250 2361 2036 1019 2380 4107 4980 1130 576 3357 4989 3049 704 4872 4610 3919 860 3589 1216 1031 4686 2551 3930 1399 1239 3275 3313 3199 290 2107 2547 2201 3796 2940 758 4086 1681 1303 1198 4282 3625 2189 3861 784 3391 4992 3036 4471 1038 2404 4459 512 1925 1815 46 2951 1462 4835 1386 2517 1911 341
3997 3945 2941 2203 3791 4060 1096 3660 3492 1262 823 4536 4576 3499 2079 1595 4710 4047 2603 2137 2848 4163 3935 2505 2346 3784 2402 1428 3000 3816 841 4756 639 312 1402 355 1376 3026 4900 4125 1683 2230 1696 1319 2269 4102 1898 1131 2093 3528 4175 110 3853 4067 3002 1245 1725 3906 640 3465 1242 4458 318 3224 4530 1898 3051 4979 2729 877 1354 1308 1347 4549 1968 2015 3247 1375 1639 2997 3928 2768 2868 3799 177 3586 3917 2099 1636 1203 1910 2474 1352 3376 2110 1244 4629 3443 3557 2255 4807 1955 3427 629 601 4672 1022 1092 512 3392 4709 4598 3089 2232 1766 3929 3428 2742 1437 86
4651 2920 4221 1309 3005 1119 1185 2649 4030 3246 2031 2098 494 102 2131 3592 832 1045 2034 3533 3724 1210 2100 47 4988 2807 528 3606 4327 4719 1569 2412 3140 3787 2779 4744 4543 2817 1196 4128 1292 3259 636 1754 4226 1786 952 3562 4100 4342 4188 1544 1904 3484 4680 2981 2310 4389 4842 2394 4980 4641 3719 4573 1951 4553 2205 880 2537 3164 4862 2038 2917 4685 30 430 2486 1567 944 960 606 978 2751 4997 938 4667 1576 3102 899 4391 164 2053 834 4547 4562 4310 3400 1544 1715 1176 819 1059 4980 3136 2473 537 809 1633 1925 4709 4422 1963 2446 3135 4513 3926 2085 3729 4014 4539
4104 4422 3993 2665 3423 2939 2593 941 4451 4209 1924 297 4030 2196 436 4377 1746 4268 1715 510 3595 3539 177 1316 1112 2362 1761 4499 4461 2674 909 1384 3736 3170 625 894 4839 492 1918 1552 2336 259 2224 4562 4933 3685 1738 749 2316 1068 3710 3349 1714 4196 107 2351 4859 1524 2173 1926 4225 1562 4563 4919 2648 4473 739 1338 857 4755 2102 1567 818 4541 2802 1772 4496 1663 953 3557 2553 3727 49 2881 4532 1857 96 1052 1137 3664 4454 466 4042 3274 1733 1539 478 1441 672 972 3837 3337 4576 4452 1663 2803 4969 1892 1815 4598 1963 3520 1066 2775 1128 2298 4020 817 2968 1378
137 1106 4997 4370 64 3048 2026 1524 3294 4696 1814 108 759 40 1534 2968 664 446 3754 1410 2228 891 717 2761 3404 1623 3226 2558 1426 2688 2096 4341 2056 3979 4245 1823 1622 100 132 3326 2943 2073 4780 3175 705 3886 356 3946 1463 4447 1563 4485 3931 1089 1683 1667 874 3380 4815 3296 104 2209 3223 4973 1517 4330 1974 1428 4899 2071 3105 275 2109 1386 3922 4271 1213 4469 2716 3329 2717 3835 1237 3672 2581 3456 3947 1042 2477 3278 2986 929 4006 1270 4729 3114 125 4408 463 2505 2135 3815 2721 3499 1779 833 4348 2898 46 3089 2446 1066 3178 3138 419 1566 4249 1986 4816 2793
2507 763 2888 3566 422 2997 1289 654 4901 1609 3409 3831 1415 1983 2078 4554 4673 2345 4375 674 4975 1420 1376 2273 1636 1459 1671 1907 3718 4582 2449 3801 629 1991 1438 4171 124 4243 3444 3807 435 4262 2551 2700 1479 2107 1980 3774 2784 4703 932 3669 125 4547 4508 2971 3555 3192 2839 2905 2371 1019 1436 874 2750 1947 3397 1204 2835 3215 530 2982 131 1612 3971 4179 4426 2785 1473 4346 1191 2185 642 3949 4893 1666 4994 252 845 2045 122 1977 1887 3183 1814 3528 758 4563 1531 4528 2668 2226 1941 1453 3429 4343 2647 2545 2951 2232 3135 2775 3138 682 4428 3946 3026 2095 2363 143
1112 4828 2397 3949 81 294 2557 4795 2665 2220 4292 1238 3285 2921 4936 3442 2825 2994 3657 1024 92 2263 3828 165 843 4515 3078 933 1010 3177 1973 576 1861 3353 460 680 4353 3215 3850 4674 1036 1617 1815 533 3236 947 3175 1813 4749 372 1991 3628 4600 621 2453 2328 1133 206 20 2374 4712 3077 623 1586 1009 1537 3195 267 2072 3802 3386 3027 2949 3726 4696 4907 3923 1299 2606 3657 3828 1784 4414 1876 1717 3339 3747 641 1854 2777 3169 579 1699 2757 4867 3824 2188 1271 164 734 3835 1950 4806 3254 3828 42 4787 2500 1462 1766 4513 1128 419 4428 4048 1912 3076 2453 4409 1944
614 281 2606 1690 4646 3959 2772 969 4620 3131 4669 2189 219 3664 4959 2161 4296 2349 3556 1100 1617 1053 3292 1760 2160 2675 910 2964 4555 3353 1568 3396 3881 2564 2505 737 4683 2747 1724 1551 2246 4893 246 216 3137 524 3724 4650 4024 4436 660 2175 3889 4506 1842 2173 1941 2525 1758 2018 77 3910 2999 2039 2167 4360 1146 4080 748 4266 1365 2617 3445 32 2798 4863 3012 4748 1026 1134 467 1968 635 2533 1355 2639 2982 1401 778 155 4675 2001 474 2587 267 3831 555 4707 4209 4101 90 1074 2347 4708 4579 3513 921 1902 4835 3929 3926 2298 1566 3946 1912 1649 327 4057 4572 4264
1946 2386 54 3187 1416 4819 2039 3824 3968 2040 407 1651 4536 2367 4705 3710 2286 1752 3337 3380 4123 2828 894 4966 2805 4260 435 449 1295 1464 4910 3051 272 3291 780 1211 2937 1247 1752 4715 4761 3787 1773 2710 1028 1933 4610 1200 3062 2396 1644 4216 1099 1469 3296 4956 1934 4879 4674 1664 1537 1470 4623 3010 4055 1158 19 504 3390 2797 963 3478 1325 3168 2510 279 2694 3354 180 4585 2636 1017 3140 284 250 44 3708 3620 1389 13 3855 3766 4098 4993 3295 4584 2555 1904 2980 4413 2537 3134 4037 3302 972 351 4349 1868 1386 3428 2085 4020 4249 3026 3076 327 4409 4890 3200 1736
3180 4429 871 3367 374 4228 3928 752 466 456 2545 1880 2738 258 2371 1306 4085 2655 3036 2193 2846 4744 1722 618 4182 3251 3536 3004 210 4974 4383 3075 4780 3813 1186 1234 3103 694 4575 2479 1412 932 2460 1710 3680 282 807 70 141 2177 3290 4258 2255 192 4807 3992 2208 605 4917 1472 2177 188 1132 1547 384 2875 2198 4089 105 4037 1198 3104 287 4087 3772 2557 4734 1696 2637 2144 849 4667 1185 2503 577 1112 2508 431 492 2208 3712 305 3752 2309 4421 4710 4525 2354 2858 3327 2018 4237 2278 1541 355 3910 4210 1098 2517 2742 3729 817 1986 2095 2453 4057 4890 1090 1446 2663
2755 4863 571 1860 3916 3053 578 1977 2434 3421 4999 1350 3251 3163 3170 4282 3033 1545 2671 4805 3035 1134 327 4706 3537 2194 3466 3072 3352 2437 2676 4544 2268 1070 515 544 346 2301 4085 654 3824 4076 80 402 4472 1719 258 3645 835 4310 4378 394 2090 1882 2254 4175 3226 3414 2623 1507 1717 1205 1516 99 4390 65 3122 2583 2233 193 4825 943 4644 972 517 4454 1858 4100 3983 3334 393 1240 599 4405 1665 220 593 4183 2521 4524 2962 1901 3004 2517 2433 4816 4230 1604 4837 1993 4918 3145 1615 565 3303 2089 4826 4252 1911 1437 4014 2968 4816 2363 4409 4572 3200 1446 1681 3604
1119 4773 4418 3046 4246 2059 473 991 535 2819 4920 2872 1562 3158 4136 3517 3320 4277 1069 735 1220 2535 1786 143 484 3591 2737 1616 3450 875 1786 1320 676 3700 4328 2148 2335 443 3660 3947 1003 4055 1470 1152 3902 3254 4512 3151 2003 2870 4693 4702 927 1579 469 3518 3203 1945 4034 4329 4461 2606 2769 1262 3257 3025 4850 2956 1846 2867 3819 2927 3858 911 4960 1541 2335 4129 3449 2825 4526 3937 3850 4716 3861 4289 4010 1444 2113 20 232 3575 3298 185 3120 1694 4976 1512 3380 4314 637 365 2224 1185 1037 2388 254 378 341 86 4539 1378 2793 143 1944 4264 1736 2663 3604 2890
