N: 120
M: 20
Symmetric: true
Triangle: false
8 95 82 10 24 49 94 90 73
4 33 31 5 85
7 93 115 39 28 35 44 66
4 77 102 56 29
3 120 54 117
4 119 46 100 17
7 63 36 101 76 91 14 97
8 45 53 108 67 118 25 86 114
2 52 87
9 42 69 50 1 78 37 43 61 75
7 59 103 12 113 4 81 68
4 16 60 18 106
6 111 84 110 92 105 64
11 58 32 57 19 30 88 11 22 41 65 8
8 51 55 21 112 107 98 2 34
5 48 99 26 23 38
6 27 72 6 79 83 80
5 70 89 13 71 3
7 74 9 47 109 7 20 62
5 15 116 40 104 96
530 1104 2269 3830 944 281 4510 2777 643 4454 3193 2190 2973 4824 2956 4215 434 3370 4116 1979 3276 2361 3691 4136 1733 4768 2333 2190 3559 747 3239 4836 2412 2534 4891 1528 3346 4304 1214 4767 963 4089 268 1276 1210 1230 3148 1524 1036 2556 4357 4509 1387 439 2785 3766 4240 4122 2431 2469 3096 454 4002 3621 1309 2007 4552 4429 3535 1021 4253 1801 4796 4772 308 1097 4984 4142 626 1343 1860 1160 4931 2536 505 4966 683 2068 4539 2236 152 2175 362 3431 2770 1198 3497 2253 1854 1378 1445 4015 3242 3485 2875 1404 3630 198 627 2328 3912 3244 4403 633 2332 4416 570 3052 4096 3813
1104 4957 2062 1269 4724 2015 3040 2427 237 4459 3492 4279 2230 209 2469 552 3310 2991 2752 2537 4869 4124 1683 4853 2662 191 3253 188 1012 634 3691 535 4358 885 380 2064 4030 1363 1034 3325 947 1532 3307 789 2701 1550 3566 1635 4396 2952 4205 2130 2470 1924 3818 1277 534 2468 3225 2867 4618 1888 4206 4348 2864 708 2951 2642 898 654 2967 4400 1070 3588 2535 3359 1587 1042 2490 3456 162 2864 4197 1596 1014 1170 1238 1264 4874 1507 1591 2355 2822 4484 2190 247 1087 4834 752 3781 655 4470 4221 3402 3678 516 2015 3534 4925 390 4070 2905 2919 4375 4109 4991 3537 4726 4338 4425
2269 2062 3579 3275 3668 4356 2949 1066 291 3098 2397 3464 1081 4374 1974 2963 366 1434 2536 4032 993 3078 692 3242 1058 1542 3822 4945 4909 4743 1856 188 4353 323 3013 1253 2558 3122 3054 940 1950 2923 3498 3414 3478 1078 286 840 1939 3215 3274 2477 2793 4305 2615 699 3715 190 3741 3076 4983 4858 2032 1007 519 2312 3071 2983 526 4269 3561 2125 3596 4663 1455 4226 2054 1476 1405 2084 3761 2613 2267 2402 3331 2484 610 1245 3286 2142 3587 4345 3243 2982 4885 38 2443 2791 839 1408 685 4099 1418 1554 4895 4253 490 4294 1248 1739 1605 1022 402 4612 4128 4698 323 1680 2248 107
3830 1269 3275 24 2808 2004 1660 2374 796 79 639 2464 3387 4694 394 2132 3995 884 4068 4072 1366 1726 860 4823 3928 993 412 1989 879 983 2105 2318 4512 2481 2680 1259 3525 3782 2214 1690 4685 4812 3305 4630 4520 4087 274 125 1361 4284 3396 2540 717 3164 2570 3543 4813 2156 2415 1219 525 2886 3286 1604 4269 539 2723 137 4531 1047 113 3829 1857 4277 4079 2087 3673 2804 843 4330 538 2080 2003 766 1357 3365 3894 1212 3887 2112 852 201 3343 4561 2006 878 3324 4969 618 790 648 3537 2410 890 3319 525 1336 1867 3191 3113 2785 4638 1730 500 1859 4880 677 4055 93 31
944 4724 3668 2808 4247 2255 3940 3611 2047 3489 4746 4404 2641 4802 3489 2779 1050 554 1659 4103 4100 3377 2976 2926 3676 4107 3566 3351 60 1897 548 864 3746 2438 3964 1225 71 2370 4242 4219 3513 1951 941 4520 1134 1697 1005 2295 808 2005 948 354 1091 782 524 4319 2684 2582 4743 2035 374 2863 2857 474 2114 878 4783 2010 4416 4888 2162 1784 4487 1483 701 3726 4366 2392 4492 2616 1592 885 1101 2840 1720 2080 3589 178 3668 2491 1751 3959 437 1699 3706 556 301 2214 1899 2188 2766 2281 3120 4765 486 3899 3091 3633 1502 1383 2747 1425 2457 1041 619 3839 1508 2564 832 469
281 2015 4356 2004 2255 115 1114 482 3978 1389 2688 1619 1029 3123 460 4333 1569 1268 4261 1149 2388 3805 157 2058 4784 609 337 1509 1186 4146 4816 2547 1856 2551 3089 4899 4211 1018 4819 686 1038 4592 1784 1985 3341 1612 1898 3713 924 4579 3172 431 3262 3210 2060 3452 2414 4745 372 4589 4186 4498 3128 4445 4953 2626 2668 785 3593 2281 3588 395 2347 55 2714 3507 788 2884 214 4432 2107 553 4768 4997 2156 2896 389 2723 733 2493 3505 2418 3448 1913 3395 1977 1829 4353 1188 3904 4649 3542 3295 214 3992 813 1493 588 1490 2577 432 3277 1038 4858 2844 1360 2448 716 1399 2461
4510 3040 2949 1660 3940 1114 2796 1288 2161 1075 4129 4164 3104 3721 2241 3312 4608 1204 4342 4252 4401 3177 1056 1963 4758 955 739 3322 1077 4893 648 3359 2024 2240 2787 2922 1201 3796 1695 4699 2178 2305 323 4079 2634 1925 1807 2010 3725 4215 1798 1872 2735 203 4014 549 4632 3391 2162 840 1863 1982 3766 438 3429 2961 2628 153 2032 1411 4716 3640 1827 1318 1534 2461 632 400 3271 2650 4163 826 1230 778 1817 4490 4611 1565 4046 2412 1912 3503 489 4272 221 4934 2919 1276 1142 2046 3899 4702 4778 3729 4307 3216 3870 2422 2666 988 4043 4904 2858 107 4316 2934 1587 911 3969 537
2777 2427 1066 2374 3611 482 1288 4123 3164 347 4209 1217 2516 3279 2683 4071 3555 1466 2157 753 2979 351 451 3867 4543 1082 2705 4313 3774 3972 2987 3711 3409 2874 629 2596 4870 1034 2241 1794 4247 1960 2288 336 3431 4488 4349 223 4100 4985 3973 2899 4857 4647 4895 4381 3138 4058 1329 1811 3255 2188 3418 1664 2046 4777 4333 3298 4340 3584 1863 576 3535 1494 2434 19 4430 1694 2073 1026 84 4529 2237 4585 2622 4882 856 4183 2553 725 2330 255 156 4932 1094 3615 2875 1803 1281 4768 2718 3317 382 4725 2128 890 3609 4603 4279 3028 3072 2403 1718 4878 1721 212 4044 2849 252 4344
643 237 291 796 2047 3978 2161 3164 3013 2974 3034 1142 3071 111 1883 3361 119 1161 1600 39 1092 1446 1781 850 2001 101 4513 4940 2088 1023 3321 1929 1326 3104 3929 1149 4427 1567 4311 4185 4923 4295 4606 3529 2067 4851 4930 4418 4293 2173 3290 1526 4151 436 1141 4778 4559 4130 491 330 2959 1929 3787 4414 2988 3696 3044 4891 1091 2854 28 3115 4388 2144 2998 183 2480 3116 1300 2996 2120 3390 778 1822 97 2360 1584 1368 664 2517 4133 1473 4954 3025 1681 915 4574 4306 2166 920 322 4332 2253 1889 2866 553 538 4109 3475 1771 3682 1440 4960 667 501 2571 1333 4796 4020 4648
4454 4459 3098 79 3489 1389 1075 347 2974 4885 2851 4177 4292 2241 3130 1438 2633 3723 3186 4532 2812 3098 4393 818 2998 300 4866 1376 3651 1652 3279 4181 2477 1324 4830 2038 747 2445 2063 748 1161 4249 845 2614 460 3671 2063 3262 2856 1963 3660 15 4334 2006 1154 3391 800 2524 155 1360 3394 1011 1522 2715 796 3997 2552 356 4568 4183 2146 1004 1208 528 4623 702 4324 3697 1124 3235 3633 4531 1507 3139 4702 3404 421 3340 4473 1764 4617 2722 3088 3454 737 4770 4713 3442 3695 1094 4277 2699 3569 4697 2111 1680 160 4165 4830 913 433 1050 4679 228 2935 558 1480 1665 3921 239
3193 3492 2397 639 4746 2688 4129 4209 3034 2851 391 4565 3581 2282 3959 3217 211 3096 915 1602 103 2697 1134 2297 2654 1595 330 2071 4701 132 2678 3788 2975 2250 1289 636 4115 95 694 1129 912 2463 3482 4601 1298 226 2257 1539 4317 1947 3553 4965 187 1173 4182 823 1754 3498 3138 4714 137 2225 2605 366 1390 690 2566 4434 1744 2110 1115 1380 1869 114 4286 4435 3312 4680 169 4701 1009 822 3028 1018 1656 3516 3463 1703 1163 293 4964 617 3384 2260 816 120 3297 2623 4934 2838 2282 1290 162 514 4369 4132 617 2914 3157 182 1667 2274 2639 3066 761 2929 3421 148 4969 3156
2190 4279 3464 2464 4404 1619 4164 1217 1142 4177 4565 1549 4500 69 916 4236 3672 4716 1561 887 411 4863 4071 146 1834 4297 647 729 3909 1374 2509 3685 1995 1213 1875 2294 3858 4348 3339 2777 3107 2928 830 2098 742 314 3654 2020 2622 3178 1322 1098 2888 314 257 4114 4745 2106 2502 4972 3348 3242 2974 3516 2096 4440 4055 3709 2842 4657 3258 2932 551 3794 2756 83 2484 3840 3282 4471 1357 2142 3497 4988 2908 1608 4353 1633 4497 1785 2060 450 1679 4452 4288 3823 4663 3021 1300 123 4467 2323 587 1613 3685 4072 4583 1300 3915 754 1654 1458 2089 693 3623 3779 3873 32 1153 3693
2973 2230 1081 3387 2641 1029 3104 2516 3071 4292 3581 4500 2676 196 727 3477 981 2488 1955 1969 3278 4090 4515 3134 2821 3708 4932 2895 3338 3127 2589 3009 4908 4730 3367 1644 4308 3778 1231 1739 4751 4037 3943 682 4746 3282 3995 3527 3787 2783 220 2039 3264 3649 1507 1333 2934 200 1164 1223 428 3658 2061 1407 1562 3211 3094 4051 4922 2663 1070 4295 454 2104 3214 2720 4334 4963 3233 3106 2536 3629 2594 1183 4013 3570 364 740 2371 4850 2470 3502 2354 4565 3404 1672 2838 3786 2441 2126 4405 4795 2746 698 3349 1638 3621 3813 2750 4840 851 3717 2814 292 4686 452 3679 2856 3746 1442
4824 209 4374 4694 4802 3123 3721 3279 111 2241 2282 69 196 2801 1330 1579 929 677 2768 448 3443 896 2623 2412 641 2828 509 1164 4090 4315 3593 578 2828 4528 3187 633 1415 1077 2784 3280 1492 511 3596 2166 1480 3127 2152 1054 930 4946 4052 954 785 4091 3451 442 2744 2365 1694 2385 3776 2009 2741 3865 1433 1252 27 738 2836 3349 4323 1987 4150 518 2933 1823 940 1848 3250 2801 2165 1976 3873 4124 3850 2426 4916 741 3456 3432 2002 2690 424 978 1296 4869 4742 291 2881 4745 2073 533 1184 2655 514 3824 4377 2230 3910 3097 4232 1869 2404 3001 375 3669 1910 2144 2897 88
2956 2469 1974 394 3489 460 2241 2683 1883 3130 3959 916 727 1330 201 1384 2842 1298 4343 3518 2163 189 2008 628 843 786 3495 1008 420 4347 762 2148 3325 981 927 203 1506 2559 3410 102 4334 1037 3551 2864 3053 1576 4964 256 2452 634 927 3976 1773 598 1706 4762 1968 809 920 341 1067 2206 4812 2786 1274 3287 4944 494 4162 598 1341 3783 3316 2716 2200 584 4845 2173 2118 1835 2064 2112 966 2760 1169 202 1693 669 3549 1426 926 1315 3609 2731 2437 4795 122 4896 2778 1279 2484 4799 1306 4212 3232 1472 2860 610 2038 1696 230 1393 3401 1311 2918 365 2235 922 2777 1138
4215 552 2963 2132 2779 4333 3312 4071 3361 1438 3217 4236 3477 1579 1384 1616 596 2914 3062 894 2623 746 4854 4871 3945 1777 406 4713 1941 389 1285 3038 2541 228 2673 3758 3210 658 1666 1810 1498 2530 1635 3951 4932 4698 4983 4422 4410 931 1138 1568 2964 4505 4615 1721 4654 344 2323 2048 187 4106 3526 4575 1707 2469 1471 3765 1551 760 2396 2653 1809 2615 1746 4818 4301 2783 1523 2788 4141 1120 3001 482 3839 605 430 433 65 2608 4774 3769 1995 215 3220 551 2929 2197 2956 3621 3901 4674 3838 1410 2883 4885 3810 4589 3528 1961 767 4394 4217 3892 2846 400 26 3530 3278 1709
434 3310 366 3995 1050 1569 4608 3555 119 2633 211 3672 981 929 2842 596 4907 552 2532 2665 1909 4421 3694 2388 4953 718 4252 3768 4828 402 405 566 2505 512 2464 1901 4446 3128 4701 4586 1141 2099 720 820 1682 1156 3918 3391 1838 4998 1700 2491 605 25 2308 643 3747 2781 4957 813 784 4628 2310 458 1432 1058 2673 1629 4923 3966 3672 3783 100 1975 3774 2366 3631 167 1322 154 1305 2440 869 1648 2997 2831 2675 530 1209 193 3531 2095 2528 810 4590 776 277 14 1498 3443 340 2420 4544 4136 368 388 541 77 727 1000 1166 83 1335 3646 4707 2670 2578 309 3897 3745
3370 2991 1434 884 554 1268 1204 1466 1161 3723 3096 4716 2488 677 1298 2914 552 4911 4158 3547 1249 4864 3544 4408 3590 4313 642 1894 1121 928 1372 2177 2637 1271 871 4642 1513 2552 3770 4599 3113 1009 4052 3324 3357 739 3951 4824 2715 1811 2363 876 2545 2010 2563 2832 2786 1264 2627 3627 4591 335 81 482 2474 668 3031 4039 4471 3168 3857 1153 4061 873 2667 2000 4299 667 3233 159 770 4958 2295 3382 2879 3490 3919 3208 4178 531 2287 2583 2862 1114 1007 3856 3389 2102 4387 4078 3125 3711 2903 3815 2719 3934 3975 20 4081 634 4956 3107 4069 4672 3581 1603 442 404 4942 527
4116 2752 2536 4068 1659 4261 4342 2157 1600 3186 915 1561 1955 2768 4343 3062 2532 4158 3384 4928 1775 120 254 634 2240 687 3501 3075 292 1786 132 1814 3097 4660 3737 1008 3661 2403 1899 3632 3532 538 268 763 1536 958 4057 4296 2191 730 1427 4415 2858 1541 2782 3083 4650 1822 4248 3522 1802 3664 1994 314 4870 1932 3850 3270 2796 3304 2322 2302 1931 2427 4090 2719 4185 350 1802 1019 3549 3160 4962 2913 975 1404 3690 2541 2817 4697 217 3126 1664 1569 3240 2611 508 948 1932 4572 4454 1884 2815 1066 4921 3173 3961 1200 4977 2070 2372 4104 260 2550 2174 236 3303 1942 3547 1726
1979 2537 4032 4072 4103 1149 4252 753 39 4532 1602 887 1969 448 3518 894 2665 3547 4928 2617 4004 654 2102 2330 4013 4781 3860 1932 2108 1170 2547 2526 3679 518 1512 1271 1565 2957 2051 1504 1949 1207 2661 4981 3705 4652 1927 4697 1866 563 1021 844 2662 1656 4116 3914 2402 959 4584 107 4774 2047 4974 4048 2643 2689 2462 543 2647 3303 3921 512 4347 3246 4395 1806 4198 1816 3783 3535 4357 4387 3742 1918 2793 593 2588 1072 1398 1022 56 2643 3238 1409 4479 4164 4043 4517 1593 934 4047 3438 3823 860 4678 116 4828 735 3258 2002 3858 4329 3946 2826 4550 2486 4126 1801 2299 493
3276 4869 993 1366 4100 2388 4401 2979 1092 2812 103 411 3278 3443 2163 2623 1909 1249 1775 4004 2263 1955 1744 4137 4147 2910 4197 3190 2954 2610 393 3226 3100 453 338 817 3995 3619 2545 4401 634 1395 4325 4894 2788 512 1574 3480 4703 2933 2997 2368 855 514 3147 3880 1656 3211 4345 1979 1178 2727 4478 3439 4402 1604 4370 3182 2250 2006 273 2290 4451 4038 1513 29 3454 3806 1652 1629 3888 2299 656 3618 467 4592 4016 4047 4547 2977 4780 1036 2348 3060 1408 4338 1433 2739 3716 1084 835 2303 531 3765 2030 4662 169 978 1327 2359 2078 3519 3228 4844 272 216 1166 432 3904 4005
2361 4124 3078 1726 3377 3805 3177 351 1446 3098 2697 4863 4090 896 189 746 4421 4864 120 654 1955 4810 2218 1778 3154 2916 4395 1308 4111 3537 3228 216 4579 111 636 2453 2890 51 4893 3580 3061 292 1384 2067 1857 1588 2454 3111 4297 3275 1481 526 2111 4494 574 3411 2269 2847 2905 4031 558 3914 4587 2265 4284 744 2085 2426 1358 3167 2928 817 4227 1410 3965 1139 4525 3160 336 4980 157 4832 4565 3675 3778 2573 797 1869 2361 3088 4408 1883 4691 4660 2014 337 1306 568 345 2513 3688 3904 1763 1004 218 4385 2617 1998 4672 253 2106 846 4292 212 4302 4045 3129 1239 1193 1283
3691 1683 692 860 2976 157 1056 451 1781 4393 1134 4071 4515 2623 2008 4854 3694 3544 254 2102 1744 2218 2486 837 867 1102 1376 1924 4400 1088 4179 1466 4682 2152 1602 1851 3632 2865 131 1005 4009 3865 2989 4160 4854 4982 3033 1380 3615 451 2905 3509 4126 4743 4538 4268 4884 1234 2078 3518 882 4558 819 1697 4191 2438 1751 1157 819 809 2240 4520 4012 4217 4163 59 3523 4659 1748 2596 2375 1398 1555 1207 1330 4851 933 1414 2754 1106 849 1245 4796 3517 4995 2085 237 643 2505 4170 4998 1032 3958 4259 1701 2966 3577 3594 4722 2867 1670 2721 4807 3212 2220 3460 3302 3122 2700 619
4136 4853 3242 4823 2926 2058 1963 3867 850 818 2297 146 3134 2412 628 4871 2388 4408 634 2330 4137 1778 837 3048 3181 4763 629 65 1677 4984 3758 1746 1213 2139 3180 2207 4065 1464 2357 4398 1822 3678 1849 599 242 1580 3045 2873 4509 1688 4563 4001 2229 3385 571 1534 901 2137 4964 1855 198 361 1534 3157 177 2291 469 3442 2291 4739 4050 3704 3183 2575 3735 2693 2389 3853 4932 3668 994 4644 4823 2152 2576 1634 1549 911 1842 1071 3602 1040 2826 1499 1545 1111 255 2254 3810 4089 937 4617 2076 2345 1974 1504 4151 2460 2508 2014 4728 68 462 45 3122 15 886 844 818 347
1733 2662 1058 3928 3676 4784 4758 4543 2001 2998 2654 1834 2821 641 843 3945 4953 3590 2240 4013 4147 3154 867 3181 374 4492 4786 4913 2276 2595 2774 2905 1964 3542 1713 3676 2871 3006 3362 1508 4556 2164 125 3011 4516 2891 3893 4167 3767 2088 2405 3105 3172 224 4709 3774 678 1942 3341 2219 932 2562 1365 4164 3894 319 4575 4733 4735 3934 1256 1206 616 1146 2616 1681 4971 370 163 228 1601 3404 2532 2897 523 4465 3647 4012 2607 1235 555 2075 2750 13 3212 2265 2762 4982 2689 3764 2688 1491 1522 1551 3993 75 4511 1445 1490 312 160 3834 925 3604 4906 734 2213 3375 3111 1473
4768 191 1542 993 4107 609 955 1082 101 300 1595 4297 3708 2828 786 1777 718 4313 687 4781 2910 2916 1102 4763 4492 3437 852 353 4206 1162 3366 2214 2889 3920 1751 3214 687 4630 1897 899 2754 4681 1875 3535 1033 2221 3827 3137 4222 3047 2285 2066 2674 118 2147 3543 3717 2596 1860 4674 4485 35 4161 1281 736 2833 833 837 796 3894 4583 3368 293 2288 1764 449 4036 385 2102 3700 1208 1928 1779 2269 554 557 2346 1612 1253 363 1349 4968 4282 3767 855 1719 4576 3362 4294 3471 1694 4882 951 1175 3858 2194 639 524 113 3442 2576 887 2016 1791 3153 2468 4618 529 2527 1225
2333 3253 3822 412 3566 337 739 2705 4513 4866 330 647 4932 509 3495 406 4252 642 3501 3860 4197 4395 1376 629 4786 852 3455 4278 2160 980 2969 1522 2085 3110 1767 2326 4455 1239 1466 4912 1074 2039 1374 2087 4779 1579 938 3037 1691 3894 4826 631 96 3387 2340 43 480 1667 4901 2626 1891 2286 632 2271 1125 2635 2868 638 3615 1129 1818 3044 2255 2362 4182 2551 1080 4529 870 2802 4901 623 2316 4306 2850 3846 3770 3663 3648 419 1221 4628 4542 410 2828 1739 2611 2113 668 2813 3371 1619 870 1620 2751 3693 644 361 4424 95 4870 2538 2042 3453 3144 1857 4293 1099 4218 3269
2190 188 4945 1989 3351 1509 3322 4313 4940 1376 2071 729 2895 1164 1008 4713 3768 1894 3075 1932 3190 1308 1924 65 4913 353 4278 2732 4998 1913 1540 1427 3127 3498 1635 2610 1811 807 3678 1481 1658 1005 4324 767 1974 166 3275 4053 2818 1154 2133 2218 2567 1169 3651 4380 1512 3390 2396 1574 1024 1609 2052 2853 3146 2191 3254 1336 722 516 404 4635 3047 3396 3121 3613 4923 3369 3922 123 4377 3456 3956 4705 2219 4827 4811 4202 2178 842 4628 917 3570 803 4142 285 4120 4204 3365 4839 552 114 2454 4000 2345 2013 4658 3616 1944 920 3552 3173 3848 3619 4777 1488 1524 4712 3955 2862
3559 1012 4909 879 60 1186 1077 3774 2088 3651 4701 3909 3338 4090 420 1941 4828 1121 292 2108 2954 4111 4400 1677 2276 4206 2160 4998 510 4079 617 2601 2045 4779 385 2086 593 3254 140 2087 2999 3381 979 48 3249 4221 1365 2468 2586 104 4620 802 2781 2669 2686 3053 4753 2529 3456 4132 2006 1290 4678 608 3284 3550 3263 4280 1345 2230 4953 2164 1144 250 2110 334 2454 2404 1961 2042 4198 2550 4505 1295 1497 2517 2544 4161 3449 538 4278 3995 1932 239 530 1172 2083 1161 4829 4361 3327 4691 3946 1766 1782 4125 2344 1651 3402 1902 2435 791 4940 1760 1913 2569 4226 1256 1195 351
747 634 4743 983 1897 4146 4893 3972 1023 1652 132 1374 3127 4315 4347 389 402 928 1786 1170 2610 3537 1088 4984 2595 1162 980 1913 4079 3751 1212 4735 583 75 625 4452 1426 2304 3153 3522 4200 929 2750 3568 4424 1693 676 1236 4294 1081 768 3958 3504 1700 3884 3586 3189 3001 74 2758 4939 4411 603 2898 2948 4348 2823 2427 4410 440 1938 3913 3638 719 1947 4137 817 2359 1934 660 4457 2057 752 2295 1179 1433 2131 3387 1059 2199 423 3857 1237 1902 4560 2630 3922 3774 2163 4067 14 4187 2948 1267 4555 2262 2068 3905 4983 3824 3008 2515 3727 1023 2630 431 2994 1591 1956 3932
3239 3691 1856 2105 548 4816 648 2987 3321 3279 2678 2509 2589 3593 762 1285 405 1372 132 2547 393 3228 4179 3758 2774 3366 2969 1540 617 1212 1393 1343 4071 4563 2743 4041 234 3545 2634 1094 3875 4369 3537 2841 3577 2351 3104 3665 2550 63 2527 2740 41 4883 3094 1609 70 2843 4275 4913 1642 1873 4754 3793 1946 2612 3310 1280 2922 3706 2747 2268 3941 743 2998 4415 3154 3522 1109 2586 382 1449 3770 3312 2694 4856 2345 2796 1297 2493 2224 2463 1367 1775 2127 931 4059 1706 4343 1325 4406 682 3687 2049 1092 3155 246 1980 3523 2424 4976 4052 4385 4902 1157 456 3821 3795 2914 3611
4836 535 188 2318 864 2547 3359 3711 1929 4181 3788 3685 3009 578 2148 3038 566 2177 1814 2526 3226 216 1466 1746 2905 2214 1522 1427 2601 4735 1343 4201 2201 1927 4099 2108 4055 517 2260 582 1193 3234 3049 3616 1989 1284 1868 2332 3761 2392 2055 3458 987 1205 1829 2808 2756 4651 1115 2473 453 1764 4783 1843 4944 693 1170 931 877 4419 2133 1749 1098 1546 4503 2850 1137 4956 2477 2166 1533 1779 2085 2476 4197 1913 596 3294 3775 3009 4751 3980 759 2708 521 4072 3953 1538 225 2662 311 127 4061 2432 2127 822 3472 2825 941 1896 4077 174 4722 1749 4264 3393 243 3815 3438 4125
2412 4358 4353 4512 3746 1856 2024 3409 1326 2477 2975 1995 4908 2828 3325 2541 2505 2637 3097 3679 3100 4579 4682 1213 1964 2889 2085 3127 2045 583 4071 2201 3820 4777 2844 512 845 2047 377 1996 4871 3432 3578 4506 3828 842 826 1360 168 1065 77 3405 1179 3681 84 3821 2434 291 775 2389 3057 1302 2473 959 4375 1951 4636 2849 3757 1305 3603 563 1674 2539 58 2325 3213 4136 3447 4060 4681 3503 776 4502 4469 1872 4252 4268 3231 87 2318 870 2758 1749 4948 2001 1999 2256 2364 1955 4725 4601 3921 181 4929 4780 1677 3430 3508 1152 3724 1703 3761 3503 2098 1792 3418 2987 365 296
2534 885 323 2481 2438 2551 2240 2874 3104 1324 2250 1213 4730 4528 981 228 512 1271 4660 518 453 111 2152 2139 3542 3920 3110 3498 4779 75 4563 1927 4777 1950 2228 2982 3697 3776 578 1557 3186 4000 990 4803 408 4840 952 2631 4201 1867 2621 1738 1209 4920 2295 764 4677 1491 4742 2522 671 502 2955 995 738 4603 899 4732 199 3037 4018 2902 1584 4173 563 383 4018 352 2144 3400 1696 2766 4952 3903 3008 3968 1874 1419 1307 4537 1991 328 411 4861 2415 4178 2621 167 3983 4939 435 1220 3337 4311 4016 2474 2451 3671 906 428 2181 3689 2500 310 97 4525 1136 1000 1559 1803
4891 380 3013 2680 3964 3089 2787 629 3929 4830 1289 1875 3367 3187 927 2673 2464 871 3737 1512 338 636 1602 3180 1713 1751 1767 1635 385 625 2743 4099 2844 2228 3420 2233 3056 2564 3866 1303 4329 3473 1181 4338 3955 64 2894 2302 4565 377 2602 2974 196 3407 3551 1693 4547 2504 2256 3531 1762 122 1886 258 193 3196 2839 2430 4350 4737 2263 1093 4997 2909 2221 1868 1042 727 812 3632 2149 3729 2900 3950 2406 4380 4530 2142 4435 1796 2534 4876 3756 3634 4303 2098 3408 4407 2366 1444 2354 579 2274 2409 1755 1883 3594 1186 234 1631 985 1710 1375 3808 3469 740 2066 4929 241 3167
1528 2064 1253 1259 1225 4899 2922 2596 1149 2038 636 2294 1644 633 203 3758 1901 4642 1008 1271 817 2453 1851 2207 3676 3214 2326 2610 2086 4452 4041 2108 512 2982 2233 155 4299 1791 4892 1740 1445 4787 4075 847 4501 2404 66 3669 1819 4113 1522 1251 90 4361 4466 4837 1825 4008 4020 4730 2778 1648 3166 3518 41 3922 4854 1700 1073 3175 317 2558 4651 3851 2896 4912 3584 944 4423 2937 2763 2699 4106 4804 1166 2567 2432 1147 867 3483 4118 2334 4648 1238 4886 1604 4887 1608 2864 3753 2257 4819 2848 396 2198 3378 98 2564 3150 4490 1667 3237 2127 2490 3643 1412 4049 3918 587 836
3346 4030 2558 3525 71 4211 1201 4870 4427 747 4115 3858 4308 1415 1506 3210 4446 1513 3661 1565 3995 2890 3632 4065 2871 687 4455 1811 593 1426 234 4055 845 3697 3056 4299 3510 824 1965 3784 1768 3057 3456 2178 4295 3997 2714 4637 979 1007 2390 1618 1496 333 4452 3028 4790 2832 250 612 4942 3606 1289 2789 1164 2595 3919 4033 566 960 610 772 322 1535 2162 2443 3134 4210 4776 1701 925 1813 1015 2938 4571 2264 1476 1602 2547 4576 2447 2417 719 4246 997 3655 1503 1983 3746 3474 1184 326 3658 4475 905 796 646 272 63 2478 4722 919 3347 238 1684 3892 2578 135 4100 3453
4304 1363 3122 3782 2370 1018 3796 1034 1567 2445 95 4348 3778 1077 2559 658 3128 2552 2403 2957 3619 51 2865 1464 3006 4630 1239 807 3254 2304 3545 517 2047 3776 2564 1791 824 4895 3663 4196 1907 3994 3492 769 54 3667 2053 117 901 3771 2993 1654 840 2022 3473 1565 3185 2537 3922 1739 1324 1662 1232 2859 3318 2499 4489 3079 271 1769 4458 3370 4203 2534 587 1948 3876 3948 4966 862 2146 842 2532 641 632 2158 4067 2606 2166 2739 2575 4143 2201 404 69 1224 1869 4140 3704 387 1710 1301 4209 4675 4164 1418 3961 780 2337 4740 215 557 4480 3243 1691 2834 1731 1043 1500 3329
1214 1034 3054 2214 4242 4819 1695 2241 4311 2063 694 3339 1231 2784 3410 1666 4701 3770 1899 2051 2545 4893 131 2357 3362 1897 1466 3678 140 3153 2634 2260 377 578 3866 4892 1965 3663 2523 1367 351 3645 1165 4107 3457 2378 4535 3853 4002 216 1569 3291 3614 1408 4544 1786 4376 4492 1980 3980 4085 930 2014 3850 43 988 3760 1841 4936 3690 3169 4428 4347 3137 341 2325 3300 2329 4270 1849 4147 2263 3179 3733 2380 3786 549 1763 4804 2770 814 3368 3782 1976 539 2321 1087 186 1818 1367 736 3495 4825 1768 139 1859 1808 4820 2100 609 1789 914 3005 3814 453 3749 451 2721 4196 4850
4767 3325 940 1690 4219 686 4699 1794 4185 748 1129 2777 1739 3280 102 1810 4586 4599 3632 1504 4401 3580 1005 4398 1508 899 4912 1481 2087 3522 1094 582 1996 1557 1303 1740 3784 4196 1367 2874 4156 621 500 4007 2567 3907 1939 4988 4820 1312 4472 4943 2573 3933 2606 1720 4023 1174 2203 3790 4627 2612 83 4788 3869 335 1633 3293 1631 308 2253 553 1629 993 1963 1090 678 518 3323 3339 1765 2385 1640 2422 4199 2428 4255 1899 1295 2309 3341 4174 1368 2678 1512 4779 2057 1456 1589 312 1090 3142 4153 3677 3228 2464 904 532 112 4470 2082 3324 66 4095 4033 3809 201 1249 3283 42
963 947 1950 4685 3513 1038 2178 4247 4923 1161 912 3107 4751 1492 4334 1498 1141 3113 3532 1949 634 3061 4009 1822 4556 2754 1074 1658 2999 4200 3875 1193 4871 3186 4329 1445 1768 1907 351 4156 4123 1065 2277 892 1639 846 804 3789 977 3153 2234 4868 602 2104 2549 2420 56 963 2196 27 916 3798 877 1131 4433 2799 4109 4356 4255 4578 471 908 1077 447 4048 334 1601 3224 2415 2061 899 3684 1235 4647 942 2671 3821 2035 1466 3925 796 3448 23 3382 2978 3733 4212 2802 2630 4093 4249 1878 4798 4498 501 90 1090 4726 2409 3285 2083 4816 2513 3454 1125 643 4957 3624 2920 1480
4089 1532 2923 4812 1951 4592 2305 1960 4295 4249 2463 2928 4037 511 1037 2530 2099 1009 538 1207 1395 292 3865 3678 2164 4681 2039 1005 3381 929 4369 3234 3432 4000 3473 4787 3057 3994 3645 621 1065 4101 4943 2131 3609 2352 4234 3625 4061 526 4815 1274 816 769 1249 2012 4104 2287 100 721 3624 3005 4720 374 3414 4965 886 2304 1261 3425 4841 2373 4907 688 1298 1117 4663 451 4989 1936 4367 4500 4580 713 793 2133 200 4735 4462 4417 841 440 2492 3073 1945 3053 2983 2246 750 4937 3420 4045 3020 4736 1946 922 3697 4535 4816 3216 3432 4008 1982 2740 1393 1580 4218 595 4517 3260
268 3307 3498 3305 941 1784 323 2288 4606 845 3482 830 3943 3596 3551 1635 720 4052 268 2661 4325 1384 2989 1849 125 1875 1374 4324 979 2750 3537 3049 3578 990 1181 4075 3456 3492 1165 500 2277 4943 1537 19 431 4115 1351 622 582 4599 1754 1239 1630 2081 961 219 3683 1568 3630 4530 1871 2413 1199 387 2315 3480 517 3238 4948 757 4154 4534 2621 3743 1813 2599 3693 3370 3744 1635 3234 4761 1084 4011 4837 2595 755 3773 768 1557 906 3616 2074 3992 3361 1334 978 3118 746 1397 4326 4426 240 771 3117 1127 2080 4156 2427 2225 1992 4677 3822 3269 4439 2122 1322 4062 2524 2223
1276 789 3414 4630 4520 1985 4079 336 3529 2614 4601 2098 682 2166 2864 3951 820 3324 763 4981 4894 2067 4160 599 3011 3535 2087 767 48 3568 2841 3616 4506 4803 4338 847 2178 769 4107 4007 892 2131 19 4702 3586 662 657 3187 3269 4969 2181 4599 4752 3427 355 397 87 4397 342 3676 185 1431 1429 3203 2219 4023 4928 2337 20 1572 3462 214 4394 3661 2162 1561 3995 926 1109 4967 2024 4453 2716 1813 4999 381 3071 4660 1889 2465 4370 1223 76 4531 897 4011 3398 3767 1203 2377 3141 2095 2111 4265 3332 1671 2815 4926 2180 932 4695 277 3039 4025 1400 3445 1019 2159 818 4459
1210 2701 3478 4520 1134 3341 2634 3431 2067 460 1298 742 4746 1480 3053 4932 1682 3357 1536 3705 2788 1857 4854 242 4516 1033 4779 1974 3249 4424 3577 1989 3828 408 3955 4501 4295 54 3457 2567 1639 3609 431 3586 368 3404 1469 4272 3988 848 4200 1376 20 3099 3978 2573 1490 1073 1488 1089 4127 781 807 2547 635 178 194 1289 781 4735 884 197 1139 1556 2577 3171 3138 2938 4378 4529 2344 2802 2958 3845 3660 943 3178 4276 3795 3135 4141 1790 1496 3049 1766 4490 1746 2383 2419 1745 4412 2096 1899 2493 2086 992 2390 4149 3118 584 1825 2056 1871 743 1729 2743 4944 2944 17 2736
1230 1550 1078 4087 1697 1612 1925 4488 4851 3671 226 314 3282 3127 1576 4698 1156 739 958 4652 512 1588 4982 1580 2891 2221 1579 166 4221 1693 2351 1284 842 4840 64 2404 3997 3667 2378 3907 846 2352 4115 662 3404 1138 649 2512 4031 2153 1289 3370 1803 4072 121 2813 3032 3241 3779 4228 2456 4240 4542 2564 4369 4155 2651 3462 3838 977 4265 2033 4024 4653 1638 1533 1990 3345 1567 3814 1428 3725 2718 1387 4212 4219 1308 504 503 3263 4835 1798 273 4111 2412 2909 3972 296 48 2321 4836 3095 1222 3739 1463 899 4865 2755 1903 1714 1699 4193 34 4658 4898 3708 3469 616 4951 2311
3148 3566 286 274 1005 1898 1807 4349 4930 2063 2257 3654 3995 2152 4964 4983 3918 3951 4057 1927 1574 2454 3033 3045 3893 3827 938 3275 1365 676 3104 1868 826 952 2894 66 2714 2053 4535 1939 804 4234 1351 657 1469 649 4839 1194 4347 1897 581 205 3206 760 888 3545 2741 1414 4975 2030 3951 4561 3631 3624 4113 1574 3995 2417 2360 4343 160 385 2521 2422 2139 2812 662 3857 3848 1780 3595 2226 1994 960 1325 2360 4418 229 4127 2400 2428 3696 4740 3253 3158 4920 408 619 1515 1954 3429 722 3440 4005 4670 4447 2948 3081 4041 162 160 978 1238 2990 3611 480 4199 880 3019 1168
1524 1635 840 125 2295 3713 2010 223 4418 3262 1539 2020 3527 1054 256 4422 3391 4824 4296 4697 3480 3111 1380 2873 4167 3137 3037 4053 2468 1236 3665 2332 1360 2631 2302 3669 4637 117 3853 4988 3789 3625 622 3187 4272 2512 1194 1369 3193 521 561 2091 2595 4408 3581 3685 3187 4319 1603 2930 4786 732 1513 4676 4118 1274 2733 4181 3924 585 891 4997 4366 2719 4209 320 625 69 2592 4607 1357 4119 379 2214 2899 3960 1025 36 3524 690 545 1978 4592 2563 509 1275 4311 2680 1184 383 634 2005 556 2130 1870 994 1146 3247 958 183 752 1885 1074 1061 346 3898 648 4849 1435 1295
1036 4396 1939 1361 808 924 3725 4100 4293 2856 4317 2622 3787 930 2452 4410 1838 2715 2191 1866 4703 4297 3615 4509 3767 4222 1691 2818 2586 4294 2550 3761 168 4201 4565 1819 979 901 4002 4820 977 4061 582 3269 3988 4031 4347 3193 240 3932 261 4901 949 3011 645 3568 3195 1906 2483 578 807 4702 3270 3913 3469 4286 4708 1128 4315 1991 3722 584 872 870 1041 4544 3421 1070 4967 4146 4941 968 4152 2243 3670 883 497 4948 2729 285 4612 3650 1140 2542 4691 683 4309 2841 1262 59 1075 4199 1256 3668 2701 1961 1614 747 4035 572 161 2162 3106 2823 3115 1839 1467 4045 1422 3878
2556 2952 3215 4284 2005 4579 4215 4985 2173 1963 1947 3178 2783 4946 634 931 4998 1811 730 563 2933 3275 451 1688 2088 3047 3894 1154 104 1081 63 2392 1065 1867 377 4113 1007 3771 216 1312 3153 526 4599 4969 848 2153 1897 521 3932 1606 510 4055 1794 2128 3886 3710 856 2263 3936 1869 1645 4921 1084 876 372 2156 2869 2614 556 3249 3251 4099 3052 157 716 3405 4257 2563 2061 157 196 4251 3914 47 1456 1586 4106 969 3078 967 2648 1865 1441 4501 3926 3241 4161 1413 753 1243 4256 2253 3286 1512 2276 4169 2995 586 1817 186 1754 2562 1959 2482 4636 3725 3619 4125 3735 2311
4357 4205 3274 3396 948 3172 1798 3973 3290 3660 3553 1322 220 4052 927 1138 1700 2363 1427 1021 2997 1481 2905 4563 2405 2285 4826 2133 4620 768 2527 2055 77 2621 2602 1522 2390 2993 1569 4472 2234 4815 1754 2181 4200 1289 581 561 261 510 2642 271 1985 4646 2297 2680 2027 1405 2782 527 2420 3136 4534 2495 4550 537 2625 1370 2820 3203 2309 2922 1881 2535 338 2037 386 2516 828 1572 3098 893 1208 4445 703 3992 3195 4799 779 4159 1947 1233 3757 1574 2479 1979 3831 1186 2154 3339 3778 855 3337 643 1001 3606 4591 1556 2490 282 2960 4077 970 4336 2210 3949 1113 3845 4939 4813
4509 2130 2477 2540 354 431 1872 2899 1526 15 4965 1098 2039 954 3976 1568 2491 876 4415 844 2368 526 3509 4001 3105 2066 631 2218 802 3958 2740 3458 3405 1738 2974 1251 1618 1654 3291 4943 4868 1274 1239 4599 1376 3370 205 2091 4901 4055 271 2343 4697 280 3613 2235 794 4231 3180 761 271 1879 2319 4642 542 145 3540 2401 2158 4813 4965 2220 961 4415 928 454 2007 73 2173 4845 1509 4465 3125 2140 2003 1816 729 3165 3541 2619 3252 4339 3472 909 3799 57 4409 2631 2334 4833 2267 4081 4241 4099 4835 848 4965 2752 4770 2551 4524 1549 2926 1697 3005 1500 3578 4920 491 1130
1387 2470 2793 717 1091 3262 2735 4857 4151 4334 187 2888 3264 785 1773 2964 605 2545 2858 2662 855 2111 4126 2229 3172 2674 96 2567 2781 3504 41 987 1179 1209 196 90 1496 840 3614 2573 602 816 1630 4752 20 1803 3206 2595 949 1794 1985 4697 60 4135 1921 3039 4270 4808 923 1563 2537 4093 2344 2792 1930 717 611 275 3930 1928 3411 4385 3460 192 1039 1876 4985 3451 4470 4836 728 2049 3710 394 512 4959 2345 2443 3616 3862 2048 78 992 2322 1360 102 1555 4458 3492 3264 3017 2807 2065 4369 3359 4796 2334 1366 2479 3421 1109 1020 2032 2755 3123 1342 1064 2354 3098 1148
439 1924 4305 3164 782 3210 203 4647 436 2006 1173 314 3649 4091 598 4505 25 2010 1541 1656 514 4494 4743 3385 224 118 3387 1169 2669 1700 4883 1205 3681 4920 3407 4361 333 2022 1408 3933 2104 769 2081 3427 3099 4072 760 4408 3011 2128 4646 280 4135 4122 519 30 3233 1510 4881 4002 4644 150 312 3259 4973 2121 1699 1935 140 1199 833 1283 435 1575 4075 1215 4037 4585 3874 2152 3181 808 3362 296 191 1586 1254 75 309 376 2425 3299 3367 1731 4538 86 131 4866 1324 2607 428 54 3441 526 2043 3136 2246 1538 2611 4385 2209 3323 1485 1133 118 1395 3734 4466 3153 4383
2785 3818 2615 2570 524 2060 4014 4895 1141 1154 4182 257 1507 3451 1706 4615 2308 2563 2782 4116 3147 574 4538 571 4709 2147 2340 3651 2686 3884 3094 1829 84 2295 3551 4466 4452 3473 4544 2606 2549 1249 961 355 3978 121 888 3581 645 3886 2297 3613 1921 519 2013 4493 2799 2571 2882 648 4298 4513 1963 4024 312 209 2801 3376 3336 375 4516 721 1026 4925 1812 4137 2314 4224 2834 3991 2188 4733 2161 3190 563 4981 3666 4052 50 4153 3510 394 904 4980 3354 4896 4361 2741 1351 4090 2398 3325 3973 4877 1470 1334 235 1057 2941 724 2786 1747 602 3916 1563 3231 4406 909 4540 2777
3766 1277 699 3543 4319 3452 549 4381 4778 3391 823 4114 1333 442 4762 1721 643 2832 3083 3914 3880 3411 4268 1534 3774 3543 43 4380 3053 3586 1609 2808 3821 764 1693 4837 3028 1565 1786 1720 2420 2012 219 397 2573 2813 3545 3685 3568 3710 2680 2235 3039 30 4493 4331 2591 1942 1346 3589 2961 3347 1733 517 448 3350 1486 554 4184 4335 2402 2846 3980 2265 2596 2074 2328 3185 3846 4718 1213 959 1285 14 4866 2791 2085 745 36 1863 35 3716 1063 3120 265 573 4971 3274 2334 3852 2020 3816 4999 3395 3886 1660 1995 2624 4502 2346 4798 869 1774 3112 1371 2221 4840 2774 1196 3861
4240 534 3715 4813 2684 2414 4632 3138 4559 800 1754 4745 2934 2744 1968 4654 3747 2786 4650 2402 1656 2269 4884 901 678 3717 480 1512 4753 3189 70 2756 2434 4677 4547 1825 4790 3185 4376 4023 56 4104 3683 87 1490 3032 2741 3187 3195 856 2027 794 4270 3233 2799 2591 2353 4913 713 572 2572 1468 559 3180 4881 859 2847 4064 585 4478 489 2941 2922 1875 2306 3633 679 862 3714 4530 2644 3115 2176 2672 3152 3799 2906 476 2390 2363 539 1177 3093 2124 487 2081 251 3661 4347 3702 902 3096 4007 493 880 1351 1175 3835 2194 3636 753 1666 1719 1058 2251 2986 3778 1990 2567 3607
4122 2468 190 2156 2582 4745 3391 4058 4130 2524 3498 2106 200 2365 809 344 2781 1264 1822 959 3211 2847 1234 2137 1942 2596 1667 3390 2529 3001 2843 4651 291 1491 2504 4008 2832 2537 4492 1174 963 2287 1568 4397 1073 3241 1414 4319 1906 2263 1405 4231 4808 1510 2571 1942 4913 140 3927 1358 536 3888 316 4309 934 1960 636 4916 4478 171 3581 112 861 2338 1288 155 1526 1855 2634 3386 2741 3524 2757 12 2192 1343 4914 3709 399 1672 2562 4479 2934 141 688 2676 4942 2457 1202 1829 2829 2907 4061 3343 2515 2722 3357 3289 3712 3964 3249 3761 1851 936 3100 393 3993 2459 4537 4941
2431 3225 3741 2415 4743 372 2162 1329 491 155 3138 2502 1164 1694 920 2323 4957 2627 4248 4584 4345 2905 2078 4964 3341 1860 4901 2396 3456 74 4275 1115 775 4742 2256 4020 250 3922 1980 2203 2196 100 3630 342 1488 3779 4975 1603 2483 3936 2782 3180 923 4881 2882 1346 713 3927 1287 3554 4283 3300 3918 154 80 3419 148 3152 3942 1459 4575 255 3658 3703 4634 4832 556 3279 1044 995 3827 2886 1425 4248 1141 2671 2456 1867 773 1174 1494 1789 3190 4097 1730 1509 2132 1070 523 1460 789 3574 4242 2886 954 4160 3195 2525 3811 3520 4406 3221 744 105 1646 3922 3569 4596 1234 1089
2469 2867 3076 1219 2035 4589 840 1811 330 1360 4714 4972 1223 2385 341 2048 813 3627 3522 107 1979 4031 3518 1855 2219 4674 2626 1574 4132 2758 4913 2473 2389 2522 3531 4730 612 1739 3980 3790 27 721 4530 3676 1089 4228 2030 2930 578 1869 527 761 1563 4002 648 3589 572 1358 3554 2906 1360 2149 214 3201 908 141 2196 598 227 303 3807 2346 3433 2853 4320 3844 4233 3849 247 4561 3676 1880 1690 1757 3571 680 412 2501 1397 2282 598 2186 965 177 3425 3358 728 259 4042 112 405 1867 1478 4038 3673 1337 3199 4247 730 3292 98 402 390 3107 2072 1307 3321 1027 4175 1981
3096 4618 4983 525 374 4186 1863 3255 2959 3394 137 3348 428 3776 1067 187 784 4591 1802 4774 1178 558 882 198 932 4485 1891 1024 2006 4939 1642 453 3057 671 1762 2778 4942 1324 4085 4627 916 3624 1871 185 4127 2456 3951 4786 807 1645 2420 271 2537 4644 4298 2961 2572 536 4283 1360 428 3226 1991 4680 840 3788 2795 4232 4741 1468 2828 4735 2093 3652 4387 2124 1079 2812 2056 368 3349 722 4998 4108 3403 4179 179 3244 382 2360 2867 4105 4252 1080 2419 1444 2859 2616 1492 2041 3892 2865 2067 2549 554 2162 1910 3283 4362 1016 1888 446 1734 292 2441 1361 3963 1023 1312 3942
454 1888 4858 2886 2863 4498 1982 2188 1929 1011 2225 3242 3658 2009 2206 4106 4628 335 3664 2047 2727 3914 4558 361 2562 35 2286 1609 1290 4411 1873 1764 1302 502 122 1648 3606 1662 930 2612 3798 3005 2413 1431 781 4240 4561 732 4702 4921 3136 1879 4093 150 4513 3347 1468 3888 3300 2149 3226 2583 3661 2185 419 168 4641 2377 4059 3464 145 4930 2654 3454 1057 3718 867 2293 3717 658 3491 1524 4870 3159 4256 2257 4182 1649 340 1857 426 841 1725 1148 4171 1748 2120 3380 1940 2278 2357 4239 2557 166 1874 1942 1918 4195 2575 232 1720 1584 2288 290 245 234 4461 3971 1631 1775
4002 4206 2032 3286 2857 3128 3766 3418 3787 1522 2605 2974 2061 2741 4812 3526 2310 81 1994 4974 4478 4587 819 1534 1365 4161 632 2052 4678 603 4754 4783 2473 2955 1886 3166 1289 1232 2014 83 877 4720 1199 1429 807 4542 3631 1513 3270 1084 4534 2319 2344 312 1963 1733 559 316 3918 214 1991 3661 98 217 2700 2161 4195 153 1928 1061 3612 4304 1400 3585 4354 4449 2254 857 4008 3619 3436 2933 904 3232 1411 577 233 1470 1992 1797 3268 3657 2592 956 1640 2252 1518 4230 1561 4576 331 4558 4762 2955 4096 3621 104 501 2950 2759 1978 1442 2872 433 217 3382 936 167 4699 4143
3621 4348 1007 1604 474 4445 438 1664 4414 2715 366 3516 1407 3865 2786 4575 458 482 314 4048 3439 2265 1697 3157 4164 1281 2271 2853 608 2898 3793 1843 959 995 258 3518 2789 2859 3850 4788 1131 374 387 3203 2547 2564 3624 4676 3913 876 2495 4642 2792 3259 4024 517 3180 4309 154 3201 4680 2185 217 762 4431 3757 2036 3554 161 4518 4305 2375 4582 2930 2427 3758 735 1905 666 194 1138 3065 3351 2713 501 2433 3116 2622 4842 3629 3300 4748 3161 3892 246 3936 2948 2141 2528 59 4738 3319 1991 380 4433 1480 4824 391 2609 3610 1743 80 4884 555 4439 3717 2555 4248 914 4437
1309 2864 519 4269 2114 4953 3429 2046 2988 796 1390 2096 1562 1433 1274 1707 1432 2474 4870 2643 4402 4284 4191 177 3894 736 1125 3146 3284 2948 1946 4944 4375 738 193 41 1164 3318 43 3869 4433 3414 2315 2219 635 4369 4113 4118 3469 372 4550 542 1930 4973 312 448 4881 934 80 908 840 419 2700 4431 2146 4458 84 2750 2103 3633 1469 3860 490 351 2205 553 523 4205 4588 3455 997 2661 1701 1470 3229 2735 3840 3974 493 1902 1939 785 4905 4257 2897 1649 3486 4116 60 752 4633 1022 2290 1785 10 4322 733 2681 4502 2348 1778 2799 1912 2883 972 2539 2605 3383 4415 2051
2007 708 2312 539 878 2626 2961 4777 3696 3997 690 4440 3211 1252 3287 2469 1058 668 1932 2689 1604 744 2438 2291 319 2833 2635 2191 3550 4348 2612 693 1951 4603 3196 3922 2595 2499 988 335 2799 4965 3480 4023 178 4155 1574 1274 4286 2156 537 145 717 2121 209 3350 859 1960 3419 141 3788 168 2161 3757 4458 2388 93 1537 4029 4759 4367 3887 2818 195 1642 4513 4502 3948 158 1772 1585 4192 1939 3769 853 2497 78 933 580 2194 1671 19 1067 3322 625 1067 2550 2942 1229 3075 3073 842 1267 1626 786 4888 3472 2854 1317 3264 2677 1329 2996 3124 3571 785 1627 1939 857 2442
4552 2951 3071 2723 4783 2668 2628 4333 3044 2552 2566 4055 3094 27 4944 1471 2673 3031 3850 2462 4370 2085 1751 469 4575 833 2868 3254 3263 2823 3310 1170 4636 899 2839 4854 3919 4489 3760 1633 4109 886 517 4928 194 2651 3995 2733 4708 2869 2625 3540 611 1699 2801 1486 2847 636 148 2196 2795 4641 4195 2036 84 93 3578 3573 4277 779 4812 3219 3325 2946 3799 915 2905 1077 4794 2219 2557 1093 4840 478 4264 4407 1131 2459 2186 4239 4698 2481 455 2439 3827 2774 2936 4573 1129 3052 1470 1198 1917 1575 143 542 2170 2890 288 4043 350 4813 2768 2660 1161 2992 1339 496 2762 1527
4429 2642 2983 137 2010 785 153 3298 4891 356 4434 3709 4051 738 494 3765 1629 4039 3270 543 3182 2426 1157 3442 4733 837 638 1336 4280 2427 1280 931 2849 4732 2430 1700 4033 3079 1841 3293 4356 2304 3238 2337 1289 3462 2417 4181 1128 2614 1370 2401 275 1935 3376 554 4064 4916 3152 598 4232 2377 153 3554 2750 1537 3573 611 3738 798 3581 4171 538 799 4985 4133 958 1107 1405 2121 3170 3969 3347 3048 1793 4422 69 383 4337 4457 1460 1850 1861 3750 768 1530 4947 474 4739 2446 3789 884 4625 262 1805 2224 2854 2144 4592 4964 2011 3835 4462 3694 3471 1897 388 583 713 876
3535 898 526 4531 4416 3593 2032 4340 1091 4568 1744 2842 4922 2836 4162 1551 4923 4471 2796 2647 2250 1358 819 2291 4735 796 3615 722 1345 4410 2922 877 3757 199 4350 1073 566 271 4936 1631 4255 1261 4948 20 781 3838 2360 3924 4315 556 2820 2158 3930 140 3336 4184 585 4478 3942 227 4741 4059 1928 161 2103 4029 4277 3738 3410 2600 2375 2510 2623 1404 4627 3548 1648 444 2602 1360 3359 3597 256 1369 1443 460 211 4871 4549 3467 4247 763 1177 44 734 1161 3241 432 4255 4872 3162 4886 2764 743 4805 658 3819 2794 4966 1739 1307 1761 2282 381 2716 3291 2473 4888 3534 214
1021 654 4269 1047 4888 2281 1411 3584 2854 4183 2110 4657 2663 3349 598 760 3966 3168 3304 3303 2006 3167 809 4739 3934 3894 1129 516 2230 440 3706 4419 1305 3037 4737 3175 960 1769 3690 308 4578 3425 757 1572 4735 977 4343 585 1991 3249 3203 4813 1928 1199 375 4335 4478 171 1459 303 1468 3464 1061 4518 3633 4759 779 798 2600 2183 4024 1111 3675 2496 3626 737 1114 483 2626 3422 2794 2109 3173 1451 2267 827 4835 3781 4854 1407 593 4261 985 3937 3208 4013 74 4000 539 3560 4964 4063 4866 4390 3557 2037 2067 1433 876 3081 3250 457 4443 1414 833 3462 2960 2025 3119 4084
4253 2967 3561 113 2162 3588 4716 1863 28 2146 1115 3258 1070 4323 1341 2396 3672 3857 2322 3921 273 2928 2240 4050 1256 4583 1818 404 4953 1938 2747 2133 3603 4018 2263 317 610 4458 3169 2253 471 4841 4154 3462 884 4265 160 891 3722 3251 2309 4965 3411 833 4516 2402 489 3581 4575 3807 2828 145 3612 4305 1469 4367 4812 3581 2375 4024 1230 2202 1816 543 2152 4096 2763 2653 840 1021 3359 2095 1980 4080 488 3862 3636 1614 2956 4562 1460 1949 4604 1797 140 1861 1856 1349 4181 4603 3460 4724 4282 3989 1003 3208 3536 675 4533 2467 2391 3828 3328 3632 2077 2498 3885 4419 3865 3667
1801 4400 2125 3829 1784 395 3640 576 3115 1004 1380 2932 4295 1987 3783 2653 3783 1153 2302 512 2290 817 4520 3704 1206 3368 3044 4635 2164 3913 2268 1749 563 2902 1093 2558 772 3370 4428 553 908 2373 4534 214 197 2033 385 4997 584 4099 2922 2220 4385 1283 721 2846 2941 112 255 2346 4735 4930 4304 2375 3860 3887 3219 4171 2510 1111 2202 912 4975 3877 2891 1518 114 2031 1820 2258 4283 2180 3244 2528 4762 3319 3293 4442 3714 1938 3723 270 4278 2044 1232 3998 1559 4326 320 3325 2679 2150 3344 1753 3101 3445 505 1794 2409 3168 4247 2419 1789 1480 2717 1673 1354 3718 2010 320
4796 1070 3596 1857 4487 2347 1827 3535 4388 1208 1869 551 454 4150 3316 1809 100 4061 1931 4347 4451 4227 4012 3183 616 293 2255 3047 1144 3638 3941 1098 1674 1584 4997 4651 322 4203 4347 1629 1077 4907 2621 4394 1139 4024 2521 4366 872 3052 1881 961 3460 435 1026 3980 2922 861 3658 3433 2093 2654 1400 4582 490 2818 3325 538 2623 3675 1816 4975 4953 3102 4512 1056 1376 3465 4565 2057 236 478 3491 4713 623 4519 3603 4237 3304 4649 810 2165 627 3186 32 397 4375 572 2241 1278 1510 2609 1197 1640 3530 3786 1435 369 4454 1694 3371 3808 1793 685 469 1762 4872 1900 2004 1971
4772 3588 4663 4277 1483 55 1318 1494 2144 528 114 3794 2104 518 2716 2615 1975 873 2427 3246 4038 1410 4217 2575 1146 2288 2362 3396 250 719 743 1546 2539 4173 2909 3851 1535 2534 3137 993 447 688 3743 3661 1556 4653 2422 2719 870 157 2535 4415 192 1575 4925 2265 1875 2338 3703 2853 3652 3454 3585 2930 351 195 2946 799 1404 2496 543 3877 3102 4897 4790 4695 2722 2023 929 3157 3526 378 1590 674 587 4664 3773 3316 4129 3739 4189 623 682 488 524 3372 1156 500 4815 4271 214 1051 4898 3612 3920 3016 4683 1165 924 4404 4102 468 2341 790 2215 4436 4679 1031 387 3829
308 2535 1455 4079 701 2714 1534 2434 2998 4623 4286 2756 3214 2933 2200 1746 3774 2667 4090 4395 1513 3965 4163 3735 2616 1764 4182 3121 2110 1947 2998 4503 58 563 2221 2896 2162 587 341 1963 4048 1298 1813 2162 2577 1638 2139 4209 1041 716 338 928 1039 4075 1812 2596 2306 1288 4634 4320 4387 1057 4354 2427 2205 1642 3799 4985 4627 3626 2152 2891 4512 4790 906 1952 2228 841 4379 2998 1062 4021 3477 2960 3074 3448 2441 3299 309 1200 3209 1322 3091 4327 4698 674 3763 4732 4696 3949 101 326 2275 1985 1839 2598 21 4128 1534 1473 4054 4987 4350 295 1679 39 1210 1824 4098 2402
1097 3359 4226 2087 3726 3507 2461 19 183 702 4435 83 2720 1823 584 4818 2366 2000 2719 1806 29 1139 59 2693 1681 449 2551 3613 334 4137 4415 2850 2325 383 1868 4912 2443 1948 2325 1090 334 1117 2599 1561 3171 1533 2812 320 4544 3405 2037 454 1876 1215 4137 2074 3633 155 4832 3844 2124 3718 4449 3758 553 4513 915 4133 3548 737 4096 1518 1056 4695 1952 4029 2768 2504 2957 4183 2846 4955 2907 18 2370 3262 1689 1285 4061 4942 1696 627 66 4782 48 4786 4104 2951 3220 4259 4139 4488 1258 3459 2134 508 397 3750 3676 1924 2188 4936 1352 2668 3196 856 4604 3972 3606 4611
4984 1587 2054 3673 4366 788 632 4430 2480 4324 3312 2484 4334 940 4845 4301 3631 4299 4185 4198 3454 4525 3523 2389 4971 4036 1080 4923 2454 817 3154 1137 3213 4018 1042 3584 3134 3876 3300 678 1601 4663 3693 3995 3138 1990 662 625 3421 4257 386 2007 4985 4037 2314 2328 679 1526 556 4233 1079 867 2254 735 523 4502 2905 958 1648 1114 2763 114 1376 2722 2228 2768 3292 3284 2829 2190 4989 1863 962 246 3525 1003 3238 2148 2688 148 4734 4482 637 2332 2239 1994 4613 2091 889 3250 2506 3382 1435 3438 4603 1830 2579 4702 4209 3897 3025 853 3563 1384 4326 4745 176 3598 3130 1503
4142 1042 1476 2804 2392 2884 400 1694 3116 3697 4680 3840 4963 1848 2173 2783 167 667 350 1816 3806 3160 4659 3853 370 385 4529 3369 2404 2359 3522 4956 4136 352 727 944 4210 3948 2329 518 3224 451 3370 926 2938 3345 3857 69 1070 2563 2516 73 3451 4585 4224 3185 862 1855 3279 3849 2812 2293 857 1905 4205 3948 1077 1107 444 483 2653 2031 3465 2023 841 2504 3284 2180 4445 297 4954 3720 1332 561 2086 131 4994 3386 15 2956 4141 1005 912 4203 2511 2381 4042 3458 522 1457 3266 4054 4397 2874 3280 1902 181 320 2046 1252 3841 3593 1215 2814 1603 788 682 3201 910 1851
626 2490 1405 843 4492 214 3271 2073 1300 1124 169 3282 3233 3250 2118 1523 1322 3233 1802 3783 1652 336 1748 4932 163 2102 870 3922 1961 1934 1109 2477 3447 2144 812 4423 4776 4966 4270 3323 2415 4989 3744 1109 4378 1567 3848 2592 4967 2061 828 2173 4470 3874 2834 3846 3714 2634 1044 247 2056 3717 4008 666 4588 158 4794 1405 2602 2626 840 1820 4565 929 4379 2957 2829 4445 2802 2369 3523 179 1432 91 2433 1281 977 4509 3467 4478 628 1989 733 514 2005 1285 342 4914 1849 4435 4075 812 2533 2782 1197 2648 156 2437 4367 4749 1620 4456 897 2261 2162 2150 2125 1134 3129 1850
1343 3456 2084 4330 2616 4432 2650 1026 2996 3235 4701 4471 3106 2801 1835 2788 154 159 1019 3535 1629 4980 2596 3668 228 3700 2802 123 2042 660 2586 2166 4060 3400 3632 2937 1701 862 1849 3339 2061 1936 1635 4967 4529 3814 1780 4607 4146 157 1572 4845 4836 2152 3991 4718 4530 3386 995 4561 368 658 3619 194 3455 1772 2219 2121 1360 3422 1021 2258 2057 3157 2998 4183 2190 297 2369 1835 2760 2266 2264 1459 139 2049 2068 1474 3882 34 3234 552 440 3666 672 1678 1781 4163 4265 1114 3439 358 406 2300 903 2380 75 3524 4002 2219 2680 4959 2758 4124 4966 3751 4114 51 4465 4298
1860 162 3761 538 1592 2107 4163 84 2120 3633 1009 1357 2536 2165 2064 4141 1305 770 3549 4357 3888 157 2375 994 1601 1208 4901 4377 4198 4457 382 1533 4681 1696 2149 2763 925 2146 4147 1765 899 4367 3234 2024 2344 1428 3595 1357 4941 196 3098 1509 728 3181 2188 1213 2644 2741 3827 3676 3349 3491 3436 1138 997 1585 2557 3170 3359 2794 3359 4283 236 3526 1062 2846 4989 4954 3523 2760 446 3971 2778 1650 2809 2554 79 3941 3213 2686 1630 1810 4274 1962 3409 2659 1981 2003 1647 1248 2186 4903 1500 1788 3228 1391 2756 3083 2230 3320 1204 492 758 3439 4919 13 2954 859 3717 1861
1160 2864 2613 2080 885 553 826 4529 3390 4531 822 2142 3629 1976 2112 1120 2440 4958 3160 4387 2299 4832 1398 4644 3404 1928 623 3456 2550 2057 1449 1779 3503 2766 3729 2699 1813 842 2263 2385 3684 4500 4761 4453 2802 3725 2226 4119 968 4251 893 4465 2049 808 4733 959 3115 3524 2886 1880 722 1524 2933 3065 2661 4192 1093 3969 3597 2109 2095 2180 478 378 4021 4955 1863 3720 179 2266 3971 3103 681 469 4948 1228 502 2309 35 2726 4119 4406 4626 2702 4144 2632 1055 3825 1933 3967 1494 3538 4844 1758 3057 2673 3338 1773 860 50 1025 1771 1287 2725 3733 131 1553 1856 4411 678
4931 4197 2267 2003 1101 4768 1230 2237 778 1507 3028 3497 2594 3873 966 3001 869 2295 4962 3742 656 4565 1555 4823 2532 1779 2316 3956 4505 752 3770 2085 776 4952 2900 4106 1015 2532 3179 1640 1235 4580 1084 2716 2958 2718 1994 379 4152 3914 1208 3125 3710 3362 2161 1285 2176 2757 1425 1690 4998 4870 904 3351 1701 1939 4840 3347 256 3173 1980 3244 3491 1590 3477 2907 962 1332 1432 2264 2778 681 2363 4841 1735 3750 1358 4583 1731 637 665 2765 2629 1479 2251 451 923 1700 4312 504 450 2968 4512 2302 4494 3683 1988 3753 238 301 560 566 1068 2757 3122 2539 3523 480 4641 576
2536 1596 2402 766 2840 4997 778 4585 1822 3139 1018 4988 1183 4124 2760 482 1648 3382 2913 1918 3618 3675 1207 2152 2897 2269 4306 4705 1295 2295 3312 2476 4502 3903 3950 4804 2938 641 3733 2422 4647 713 4011 1813 3845 1387 960 2214 2243 47 4445 2140 394 296 3190 14 2672 12 4248 1757 4108 3159 3232 2713 1470 3769 478 3048 1369 1451 4080 2528 4713 674 2960 18 246 561 91 1459 1650 469 4841 2456 1202 3617 3601 1649 1101 1695 4887 1173 3428 3143 4664 2256 2451 4494 344 3018 3015 2762 3008 2518 4821 3666 4386 3665 2444 3984 2200 2573 2229 2819 4508 2220 4422 1191 2590 2894
505 1014 3331 1357 1720 2156 1817 2622 97 4702 1656 2908 4013 3850 1169 3839 2997 2879 975 2793 467 3778 1330 2576 523 554 2850 2219 1497 1179 2694 4197 4469 3008 2406 1166 4571 632 2380 4199 942 793 4837 4999 3660 4212 1325 2899 3670 1456 703 2003 512 191 563 4866 3152 2192 1141 3571 3403 4256 1411 501 3229 853 4264 1793 1443 2267 488 4762 623 587 3074 2370 3525 2086 2433 139 2809 4948 1735 1202 4295 3520 343 1076 4377 802 4257 3382 281 4689 1320 4122 3783 4700 3354 2837 3689 3745 4804 4463 2051 1399 1574 1270 1257 266 4147 754 2356 697 4658 648 4759 4003 931 3877
4966 1170 2484 3365 2080 2896 4490 4882 2360 3404 3516 1608 3570 2426 202 605 2831 3490 1404 593 4592 2573 4851 1634 4465 557 3846 4827 2517 1433 4856 1913 1872 3968 4380 2567 2264 2158 3786 2428 2671 2133 2595 381 943 4219 2360 3960 883 1586 3992 1816 4959 1586 4981 2791 3799 1343 2671 680 4179 2257 577 2433 2735 2497 4407 4422 460 827 3862 3319 4519 4664 3448 3262 1003 131 1281 2049 2554 1228 3750 3617 3520 3280 4782 3975 827 3610 1754 1698 3356 4885 4006 1350 2495 2627 2087 4891 3301 824 2041 3026 3778 2172 2637 936 993 3928 1052 3412 56 3929 2634 1452 3105 1217 1206 2147
683 1238 610 3894 3589 389 4611 856 1584 421 3463 4353 364 4916 1693 430 2675 3919 3690 2588 4016 797 933 1549 3647 2346 3770 4811 2544 2131 2345 596 4252 1874 4530 2432 1476 4067 549 4255 3821 200 755 3071 3178 1308 4418 1025 497 4106 3195 729 2345 1254 3666 2085 2906 4914 2456 412 179 4182 233 3116 3840 78 1131 69 211 4835 3636 3293 3603 3773 2441 1689 3238 4994 977 2068 79 502 1358 3601 343 4782 326 710 1482 1887 4425 2456 2297 2858 1211 946 1433 3035 807 3011 3965 3099 1725 4559 3353 1060 1052 851 4286 479 4970 2510 1784 1642 1575 1007 779 537 241 474
2068 1264 1245 1212 178 2723 1565 4183 1368 3340 1703 1633 740 741 669 433 530 3208 2541 1072 4047 1869 1414 911 4012 1612 3663 4202 4161 3387 2796 3294 4268 1419 2142 1147 1602 2606 1763 1899 2035 4735 3773 4660 4276 504 229 36 4948 969 4799 3165 2443 75 4052 745 476 3709 1867 2501 3244 1649 1470 2622 3974 933 2459 383 4871 3781 1614 4442 4237 3316 3299 1285 2148 3386 4509 1474 3941 2309 4583 1649 1076 3975 710 3896 3415 4842 2611 1446 2651 4704 1531 2632 492 931 4997 2436 3515 1652 4222 306 4796 4064 1154 3630 4601 752 2451 4163 2570 3379 1935 4914 4633 3947 1747 877
4539 4874 3286 3887 3668 733 4046 2553 664 4473 1163 4497 2371 3456 3549 65 1209 4178 2817 1398 4547 2361 2754 1842 2607 1253 3648 2178 3449 1059 1297 3775 3231 1307 4435 867 2547 2166 4804 1295 1466 4462 768 1889 3795 503 4127 3524 2729 3078 779 3541 3616 309 50 36 2390 399 773 1397 382 340 1992 4842 493 580 2186 4337 4549 4854 2956 3714 3304 4129 309 4061 2688 15 3467 3882 3213 35 1731 1101 4377 827 1482 3415 2701 3770 180 1838 2631 672 2785 831 4746 388 2288 3205 4115 3095 1222 3891 2102 4689 1346 1964 2084 4609 3552 4343 3994 3603 595 4718 1180 4287 3780 3621
2236 1507 2142 2112 2491 2493 2412 725 2517 1764 293 1785 4850 3432 1426 2608 193 531 4697 1022 2977 3088 1106 1071 1235 363 419 842 538 2199 2493 3009 87 4537 1796 3483 4576 2739 2770 2309 3925 4417 1557 2465 3135 3263 2400 690 285 967 4159 2619 3862 376 4153 1863 2363 1672 1174 2282 2360 1857 1797 3629 1902 2194 4239 4457 3467 1407 4562 1938 4649 3739 1200 4942 148 2956 4478 34 2686 2726 637 1695 802 3610 1887 4842 3770 3742 125 2567 2355 3377 254 2057 4278 2343 3510 4603 4974 3135 3875 4738 4545 2985 4598 1428 4145 3771 3832 786 3441 3225 1577 1715 705 16 2324 2356
152 1591 3587 852 1751 3505 1912 2330 4133 4617 4964 2060 2470 2002 926 4774 3531 2287 217 56 4780 4408 849 3602 555 1349 1221 4628 4278 423 2224 4751 2318 1991 2534 4118 2447 2575 814 3341 796 841 906 4370 4141 4835 2428 545 4612 2648 1947 3252 2048 2425 3510 35 539 2562 1494 598 2867 426 3268 3300 1939 1671 4698 1460 4247 593 1460 3723 810 4189 3209 1696 4734 4141 628 3234 1630 4119 665 4887 4257 1754 4425 2611 180 125 366 3189 2835 391 1101 2912 301 3818 3830 24 4516 3902 2270 2320 3767 2866 511 4527 1182 3940 2539 625 1214 3299 3384 3281 3958 2107 541 3517
2175 2355 4345 201 3959 2418 3503 255 1473 2722 617 450 3502 2690 1315 3769 2095 2583 3126 2643 1036 1883 1245 1040 2075 4968 4628 917 3995 3857 2463 3980 870 328 4876 2334 2417 4143 3368 4174 3448 440 3616 1223 1790 1798 3696 1978 3650 1865 1233 4339 78 3299 394 3716 1177 4479 1789 2186 4105 841 3657 4748 785 19 2481 1850 763 4261 1949 270 2165 623 1322 627 4482 1005 1989 552 1810 4406 2765 1173 3382 1698 2456 1446 1838 2567 3189 2570 3354 4917 3081 3006 1140 2726 394 469 4768 1816 882 108 3672 1946 4738 3061 3457 2879 3225 1986 4320 2002 4027 2804 3623 244 4074 2426
362 2822 3243 3343 437 3448 489 156 4954 3088 3384 1679 2354 424 3609 1995 2528 2862 1664 3238 2348 4691 4796 2826 2750 4282 4542 3570 1932 1237 1367 759 2758 411 3756 4648 719 2201 3782 1368 23 2492 2074 76 1496 273 4740 4592 1140 1441 3757 3472 992 3367 904 1063 3093 2934 3190 965 4252 1725 2592 3161 4905 1067 455 1861 1177 985 4604 4278 627 682 3091 66 637 912 733 440 4274 4626 2629 3428 281 3356 2297 2651 2631 2355 2835 3354 4559 532 1801 2796 115 1456 2958 1469 2762 3911 4397 2292 4471 3275 2996 3619 2958 4986 795 620 1716 4507 2302 1879 2569 1906 1029 3972
3431 4484 2982 4561 1699 1913 4272 4932 3025 3454 2260 4452 4565 978 2731 215 810 1114 1569 1409 3060 4660 3517 1499 13 3767 410 803 239 1902 1775 2708 1749 4861 3634 1238 4246 404 1976 2678 3382 3073 3992 4531 3049 4111 3253 2563 2542 4501 1574 909 2322 1731 4980 3120 2124 141 4097 177 1080 1148 956 3892 4257 3322 2439 3750 44 3937 1797 2044 3186 488 4327 4782 2332 4203 514 3666 1962 2702 1479 3143 4689 4885 2858 4704 672 3377 391 4917 532 1888 3953 593 2595 4101 4780 4112 423 3666 2448 3917 589 4098 552 3418 148 2816 4196 3653 3859 84 3482 3503 110 2228 3887 4825
2770 2190 4885 2006 3706 3395 221 1094 1681 737 816 4288 3404 1296 2437 3220 4590 1007 3240 4479 1408 2014 4995 1545 3212 855 2828 4142 530 4560 2127 521 4948 2415 4303 4886 997 69 539 1512 2978 1945 3361 897 1766 2412 3158 509 4691 3926 2479 3799 1360 4538 3354 265 487 688 1730 3425 2419 4171 1640 246 2897 625 3827 768 734 3208 140 1232 32 524 4698 48 2239 2511 2005 672 3409 4144 2251 4664 1320 4006 1211 1531 2785 254 1101 3081 1801 3953 2424 4916 416 4320 4132 2135 546 2249 2239 2243 3734 2250 866 938 3214 1005 1135 3001 3341 2861 585 3975 2367 3299 1620 4615
1198 247 38 878 556 1977 4934 3615 915 4770 120 3823 1672 4869 4795 551 776 3856 2611 4164 4338 337 2085 1111 2265 1719 1739 285 1172 2630 931 4072 2001 4178 2098 1604 3655 1224 2321 4779 3733 3053 1334 4011 4490 2909 4920 1275 683 3241 1979 57 102 86 4896 573 2081 2676 1509 3358 1444 1748 2252 3936 1649 1067 2774 1530 1161 4013 1861 3998 397 3372 674 4786 1994 2381 1285 1678 2659 2632 451 2256 4122 1350 946 2632 831 2057 2912 3006 2796 593 4916 4872 2083 557 3978 2922 3875 4542 3280 369 333 1073 1350 2956 2158 2246 691 4975 3530 891 2025 4790 3513 2381 3822 3476
3497 1087 2443 3324 301 1829 2919 2875 4574 4713 3297 4663 2838 4742 122 2929 277 3389 508 4043 1433 1306 237 255 2762 4576 2611 4120 2083 3922 4059 3953 1999 2621 3408 4887 1503 1869 1087 2057 4212 2983 978 3398 1746 3972 408 4311 4309 4161 3831 4409 1555 131 4361 4971 251 4942 2132 728 2859 2120 1518 2948 3486 2550 2936 4947 3241 74 1856 1559 4375 1156 3763 4104 4613 4042 342 1781 1981 1055 923 2451 3783 2495 1433 492 4746 4278 301 1140 115 2595 416 2083 3977 417 137 3816 371 1280 2587 3428 4627 1429 2443 3027 4977 129 1701 3120 4270 632 3966 1405 3509 1865 2031 4080
2253 4834 2791 4969 2214 4353 1276 1803 4306 3442 2623 3021 3786 291 4896 2197 14 2102 948 4517 2739 568 643 2254 4982 3362 2113 4204 1161 3774 1706 1538 2256 167 4407 1608 1983 4140 186 1456 2802 2246 3118 3767 2383 296 619 2680 2841 1413 1186 2631 4458 4866 2741 3274 3661 2457 1070 259 2616 3380 4230 2141 4116 2942 4573 474 432 4000 1349 4326 572 500 4732 2951 2091 3458 4914 4163 2003 3825 1700 4494 4700 2627 3035 931 388 2343 3818 2726 1456 4101 4320 557 417 2577 3755 925 3918 2834 39 4426 1460 3941 4367 2750 2877 1795 3034 362 4488 3607 2716 1099 4974 3674 3740 1532
1854 752 839 618 1899 1188 1142 1281 2166 3695 4934 1300 2441 2881 2778 2956 1498 4387 1932 1593 3716 345 2505 3810 2689 4294 668 3365 4829 2163 4343 225 2364 3983 2366 2864 3746 3704 1818 1589 2630 750 746 1203 2419 48 1515 1184 1262 753 2154 2334 3492 1324 1351 2334 4347 1202 523 4042 1492 1940 1561 2528 60 1229 1129 4739 4255 539 4181 320 2241 4815 4696 3220 889 522 1849 4265 1647 1933 4312 344 3354 2087 807 4997 2288 3510 3830 394 2958 4780 4132 3978 137 3755 3200 1003 1357 2568 1322 4314 2208 3912 2480 4917 739 376 2303 334 2731 2189 366 209 2307 4947 950 189
1378 3781 1408 790 2188 3904 2046 4768 920 1094 2838 123 2126 4745 1279 3621 3443 4078 4572 934 1084 2513 4170 4089 3764 3471 2813 4839 4361 4067 1325 2662 1955 4939 1444 3753 3474 387 1367 312 4093 4937 1397 2377 1745 2321 1954 383 59 1243 3339 4833 3264 2607 4090 3852 3702 1829 1460 112 2041 2278 4576 59 752 3075 3052 2446 4872 3560 4603 3325 1278 4271 3949 4259 3250 1457 4435 1114 1248 3967 504 3018 2837 4891 3011 2436 3205 4603 24 469 1469 4112 2135 2922 3816 925 1003 3523 2434 1216 3552 3075 687 3889 772 1859 837 4635 1421 4487 611 444 2919 4450 4103 1161 800 249
1445 655 685 648 2766 4649 3899 2718 322 4277 2282 4467 4405 2073 2484 3901 340 3125 4454 4047 835 3688 4998 937 2688 1694 3371 552 3327 14 4406 311 4725 435 2354 2257 1184 1710 736 1090 4249 3420 4326 3141 4412 4836 3429 634 1075 4256 3778 2267 3017 428 2398 2020 902 2829 789 405 3892 2357 331 4738 4633 3073 1470 3789 3162 4964 3460 2679 1510 214 101 4139 2506 3266 4075 3439 2186 1494 450 3015 3689 3301 3965 3515 4115 4974 4516 4768 2762 423 546 3875 371 3918 1357 2434 1833 116 2602 656 4039 2634 2419 1040 1246 1159 1957 18 3366 1621 3226 2088 3358 1285 4068 1709
4015 4470 4099 3537 2281 3542 4702 3317 4332 2699 1290 2323 4795 533 4799 4674 2420 3711 1884 3438 2303 3904 1032 4617 1491 4882 1619 114 4691 4187 682 127 4601 1220 579 4819 326 1301 3495 3142 1878 4045 4426 2095 2096 3095 722 2005 4199 2253 855 4081 2807 54 3325 3816 3096 2907 3574 1867 2865 4239 4558 3319 1022 842 1198 884 4886 4063 4724 2150 2609 1051 326 4488 3382 4054 812 358 4903 3538 2968 2762 3745 824 3099 1652 3095 3135 3902 1816 3911 3666 2249 4542 1280 2834 2568 1216 116 338 4080 3363 4336 1687 3016 1837 1741 1396 3977 3422 4727 4128 4476 4080 3804 931 2321 2821
3242 4221 1418 2410 3120 3295 4778 382 2253 3569 162 587 2746 1184 1306 3838 4544 2903 2815 3823 531 1763 3958 2076 1522 951 870 2454 3946 2948 3687 4061 3921 3337 2274 2848 3658 4209 4825 4153 4798 3020 240 2111 1899 1222 3440 556 1256 3286 3337 4241 2065 3441 3973 4999 4007 4061 4242 1478 2067 2557 4762 1991 2290 1267 1917 4625 2764 4866 4282 3344 1197 4898 2275 1258 1435 4397 2533 406 1500 4844 4512 3008 4804 2041 1725 4222 1222 3875 2270 882 4397 2448 2239 3280 2587 39 1322 3552 2602 4080 1675 1396 2918 2132 115 4537 4934 4089 4312 116 4877 65 3186 3329 762 3567 3039 74
3485 3402 1554 890 4765 214 3729 4725 1889 4697 514 1613 698 2655 4212 1410 4136 3815 1066 860 3765 1004 4259 2345 1551 1175 1620 4000 1766 1267 2049 2432 181 4311 2409 396 4475 4675 1768 3677 4498 4736 771 4265 2493 3739 4005 2130 3668 1512 643 4099 4369 526 4877 3395 493 3343 2886 4038 2549 166 2955 380 1785 1626 1575 262 743 4390 3989 1753 1640 3612 1985 3459 3438 2874 2782 2300 1788 1758 2302 2518 4463 3026 4559 306 3891 4738 2320 108 2292 3917 2243 369 3428 4426 4314 3075 656 3363 1396 3396 2456 4905 2159 4348 2371 3701 1066 415 1506 1242 4249 2660 1959 322 1978 2184
2875 3678 4895 3319 486 3992 4307 2128 2866 2111 4369 3685 3349 514 3232 2883 368 2719 4921 4678 2030 218 1701 1974 3993 3858 2751 2345 1782 4555 1092 2127 4929 4016 1755 2198 905 4164 139 3228 501 1946 3117 3332 2086 1463 4670 1870 2701 2276 1001 4835 3359 2043 1470 3886 880 2515 954 3673 554 1874 4096 4433 10 786 143 1805 4805 3557 1003 3101 3530 3920 1839 2134 4603 3280 1197 903 3228 3057 4494 4821 2051 3778 3353 4796 2102 4545 3767 3672 4471 589 3734 333 4627 1460 2208 687 4039 4336 2918 2456 4003 551 4439 3105 3966 94 1105 53 4131 251 3551 2229 665 3980 37 1347
1404 516 4253 525 3899 813 3216 890 553 1680 4132 4072 1638 3824 1472 4885 388 3934 3173 116 4662 4385 2966 1504 75 2194 3693 2013 4125 2262 3155 822 4780 2474 1883 3378 796 1418 1859 2464 90 922 1127 1671 992 899 4447 994 1961 4169 3606 848 4796 3136 1334 1660 1351 2722 4160 1337 2162 1942 3621 1480 4322 4888 542 2224 658 2037 3208 3445 3786 3016 2598 508 1830 1902 2648 2380 1391 2673 3683 3666 1399 2172 1060 4064 4689 2985 2866 1946 3275 4098 2250 1073 1429 3941 3912 3889 2634 1687 2132 4905 551 3435 4426 403 4702 4348 1790 1551 102 4638 251 469 3303 1200 2286 585
3630 2015 490 1336 3091 1493 3870 3609 538 160 617 4583 3621 4377 2860 3810 541 3975 3961 4828 169 2617 3577 4151 4511 639 644 4658 2344 2068 246 3472 1677 2451 3594 98 646 3961 1808 904 1090 3697 2080 2815 2390 4865 2948 1146 1614 2995 4591 4965 2334 2246 235 1995 1175 3357 3195 3199 1910 1918 104 4824 733 3472 2170 2854 3819 2067 3536 505 1435 4683 21 397 2579 181 156 75 2756 3338 1988 4386 1574 2637 1052 1154 1346 4598 511 4738 2996 552 866 1350 2443 4367 2480 772 2419 3016 115 2159 4439 4426 3945 516 610 1062 751 4868 3178 3465 4649 156 4706 3680 22 4876
198 3534 4294 1867 3633 588 2422 4603 4109 4165 2914 1300 3813 2230 610 4589 77 20 1200 735 978 1998 3594 2460 1445 524 361 3616 1651 3905 1980 2825 3430 3671 1186 2564 272 780 4820 532 4726 4535 4156 4926 4149 2755 3081 3247 747 586 1556 2752 1366 1538 1057 2624 3835 3289 2525 4247 3283 4195 501 391 2681 2854 2890 2144 2794 1433 675 1794 369 1165 4128 3750 4702 320 2437 3524 3083 1773 3753 3665 1270 936 851 3630 1964 1428 4527 3061 3619 3418 938 2956 3027 2750 4917 1859 1040 1837 4537 4348 3105 403 516 343 944 3647 758 2591 1592 812 2860 3302 4157 2679 282 4190
627 4925 1248 3191 1502 1490 2666 4279 3475 4830 3157 3915 2750 3910 2038 3528 727 4081 4977 3258 1327 4672 4722 2508 1490 113 4424 1944 3402 4983 3523 941 3508 906 234 3150 63 2337 2100 112 2409 4816 2427 2180 3118 1903 4041 958 4035 1817 2490 4770 2479 2611 2941 4502 2194 3712 3811 730 4362 2575 2950 2609 4502 1317 288 4592 4966 876 4533 2409 4454 924 1534 3676 4209 2046 4367 4002 2230 860 238 2444 1257 993 4286 4601 2084 4145 1182 3457 2958 148 3214 2158 4977 2877 739 837 1246 1741 4934 2371 3966 4702 610 944 4945 182 1166 463 318 4268 2654 4951 4798 4590 3872 1580
2328 390 1739 3113 1383 2577 988 3028 1771 913 182 754 4840 3097 1696 1961 1000 634 2070 2002 2359 253 2867 2014 312 3442 95 920 1902 3824 2424 1896 1152 428 1631 4490 2478 4740 609 4470 3285 3216 2225 932 584 1714 162 183 572 186 282 2551 3421 4385 724 2346 3636 3964 3520 3292 1016 232 2759 3610 2348 3264 4043 4964 1739 3081 2467 3168 1694 4404 1473 1924 3897 1252 4749 2219 3320 50 301 3984 266 3928 479 752 4609 3771 3940 2879 4986 2816 1005 2246 129 1795 376 4635 1159 1396 4089 3701 94 4348 1062 3647 182 3798 1302 268 1996 3816 146 2667 4080 798 3466 1163
3912 4070 1605 2785 2747 432 4043 3072 3682 433 1667 1654 851 4232 230 767 1166 4956 2372 3858 2078 2106 1670 4728 160 2576 4870 3552 2435 3008 4976 4077 3724 2181 985 1667 4722 215 1789 2082 2083 3432 1992 4695 1825 1699 160 752 161 1754 2960 4524 1109 2209 2786 4798 753 3249 4406 98 1888 1720 1978 1743 1778 2677 350 2011 1307 3250 2391 4247 3371 4102 4054 2188 3025 3841 1620 2680 1204 1025 560 2200 4147 1052 4970 2451 3552 3832 2539 3225 795 4196 1135 691 1701 3034 2303 1421 1957 3977 4312 1066 1105 1790 751 758 1166 1302 1733 1731 1775 3966 684 4457 1847 2085 1817 3826
3244 2905 1022 4638 1425 3277 4904 2403 1440 1050 2274 1458 3717 1869 1393 4394 83 3107 4104 4329 3519 846 2721 68 3834 887 2538 3173 791 2515 4052 174 1703 3689 1710 3237 919 557 914 3324 4816 4008 4677 277 2056 4193 978 1885 2162 2562 4077 1549 1020 3323 1747 869 1666 3761 3221 402 446 1584 1442 80 2799 1329 4813 3835 1761 457 3828 2419 3808 468 4987 4936 853 3593 4456 4959 492 1771 566 2573 754 3412 2510 4163 4343 786 625 1986 620 3653 3001 4975 3120 362 334 4487 18 3422 116 415 53 1551 4868 2591 463 268 1731 4994 634 1460 540 260 2403 4899 4941 985
4403 2919 402 1730 2457 1038 2858 1718 4960 4679 2639 2089 2814 2404 3401 4217 1335 4069 260 3946 3228 4292 4807 462 925 2016 2042 3848 4940 3727 4385 4722 3761 2500 1375 2127 3347 4480 3005 66 2513 1982 3822 3039 1871 34 1238 1074 3106 1959 970 2926 2032 1485 602 1774 1719 1851 744 390 1734 2288 2872 4884 1912 2996 2768 4462 2282 4443 3328 1789 1793 2341 4350 1352 3563 1215 897 2758 758 1287 1068 2229 2356 56 1784 2570 3994 3441 1214 4320 1716 3859 3341 3530 4270 4488 2731 611 3366 4727 4877 1506 4131 102 3178 1592 318 1996 1775 634 3183 2075 2002 2913 2387 2826 4927 2129
633 4375 4612 500 1041 4858 107 4878 667 228 3066 693 292 3001 1311 3892 3646 4672 2550 2826 4844 212 3212 45 3604 1791 3453 3619 1760 1023 4902 1749 3503 310 3808 2490 238 3243 3814 4095 3454 2740 3269 4025 743 4658 2990 1061 2823 2482 4336 1697 2755 1133 3916 3112 1058 936 105 3107 292 290 433 555 2883 3124 2660 3694 381 1414 3632 1480 685 790 295 2668 1384 2814 2261 4124 3439 2725 2757 2819 697 3929 1642 3379 3603 3225 3299 2002 4507 84 2861 891 632 3607 2189 444 1621 4128 65 1242 251 4638 3465 812 4268 3816 3966 1460 2075 4489 3962 2232 2991 782 3132 3073
2332 4109 4128 1859 619 2844 4316 1721 501 2935 761 3623 4686 375 2918 2846 4707 3581 2174 4550 272 4302 2220 3122 4906 3153 3144 4777 1913 2630 1157 4264 2098 97 3469 3643 1684 1691 453 4033 1125 1393 4439 1400 1729 4898 3611 346 3115 4636 2210 3005 3123 118 1563 1371 2251 3100 1646 2072 2441 245 217 4439 972 3571 1161 3471 2716 833 2077 2717 469 2215 1679 3196 4326 1603 2162 4966 4919 3733 3122 4508 4658 2634 1575 1935 595 1577 3384 4027 2302 3482 585 2025 3966 2716 366 2919 3226 4476 3186 4249 3551 251 4649 2860 2654 146 684 540 2002 3962 4199 3445 4067 1691 1126 573
4416 4991 4698 4880 3839 1360 2934 212 2571 558 2929 3779 452 3669 365 400 2670 1603 236 2486 216 4045 3460 15 734 2468 1857 1488 2569 431 456 3393 1792 4525 740 1412 3892 2834 3749 3809 643 1580 2122 3445 2743 3708 480 3898 1839 3725 3949 1500 1342 1395 3231 2221 2986 393 3922 1307 1361 234 3382 3717 2539 785 2992 1897 3291 3462 2498 1673 1762 4436 39 856 4745 788 2150 3751 13 131 2539 2220 648 1452 1007 4914 4718 1715 3281 2804 1879 3503 3975 4790 1405 1099 209 4450 2088 4080 3329 2660 2229 469 156 3302 4951 2667 4457 260 2913 2232 3445 3209 3054 733 107 800
570 3537 323 677 1508 2448 1587 4044 1333 1480 3421 3873 3679 1910 2235 26 2578 442 3303 4126 1166 3129 3302 886 2213 4618 4293 1524 4226 2994 3821 243 3418 1136 2066 4049 2578 1731 451 201 4957 4218 1322 1019 4944 3469 4199 648 1467 3619 1113 3578 1064 3734 4406 4840 3778 3993 3569 3321 3963 4461 936 2555 2605 1627 1339 388 2473 2960 3885 1354 4872 4679 1210 4604 176 682 2125 4114 2954 1553 3523 4422 4759 3105 779 4633 1180 705 3958 3623 2569 110 2367 3513 3509 4974 2307 4103 3358 3804 762 1959 665 3303 4706 4157 4798 4080 1847 2403 2387 2991 4067 3054 1629 36 1705 1115
3052 4726 1680 4055 2564 716 911 2849 4796 1665 148 32 2856 2144 922 3530 309 404 1942 1801 432 1239 3122 844 3375 529 1099 4712 1256 1591 3795 3815 2987 1000 4929 3918 135 1043 2721 1249 3624 595 4062 2159 2944 616 880 4849 4045 4125 3845 4920 2354 4466 909 2774 1990 2459 4596 1027 1023 3971 167 4248 3383 1939 496 583 4888 2025 4419 3718 1900 1031 1824 3972 3598 3201 1134 51 859 1856 480 1191 4003 1217 537 3947 4287 16 2107 244 1906 2228 3299 2381 1865 3674 4947 1161 1285 931 3567 322 3980 1200 3680 2679 4590 798 2085 4899 2826 782 1691 733 36 2040 3325 3840
4096 4338 2248 93 832 1399 3969 252 4020 3921 4969 1153 3746 2897 2777 3278 3897 4942 3547 2299 3904 1193 2700 818 3111 2527 4218 3955 1195 1956 2914 3438 365 1559 241 587 4100 1500 4196 3283 2920 4517 2524 818 17 4951 3019 1435 1422 3735 4939 491 3098 3153 4540 1196 2567 4537 1234 4175 1312 1631 4699 914 4415 857 2762 713 3534 3119 3865 2010 2004 387 4098 3606 3130 910 3129 4465 3717 4411 4641 2590 931 1206 241 1747 3780 2324 541 4074 1029 3887 1620 3822 2031 3740 950 800 4068 2321 3039 1978 37 2286 22 282 3872 3466 1817 4941 4927 3132 1126 107 1705 3325 4607 719
3813 4425 107 31 469 2461 537 4344 4648 239 3156 3693 1442 88 1138 1709 3745 527 1726 493 4005 1283 619 347 1473 1225 3269 2862 351 3932 3611 4125 296 1803 3167 836 3453 3329 4850 42 1480 3260 2223 4459 2736 2311 1168 1295 3878 2311 4813 1130 1148 4383 2777 3861 3607 4941 1089 1981 3942 1775 4143 4437 2051 2442 1527 876 214 4084 3667 320 1971 3829 2402 4611 1503 1851 1850 4298 1861 678 576 2894 3877 2147 474 877 3621 2356 3517 2426 3972 4825 4615 3476 4080 1532 189 249 1709 2821 74 2184 1347 585 4876 4190 1580 1163 3826 985 2129 3073 573 800 1115 3840 719 3972
