N: 140
M: 20
Symmetric: true
Triangle: false
4 132 105 109 76
9 23 135 57 59 71 48 94 47 78
7 65 125 92 31 82 61 140
11 32 123 26 116 124 27 131 34 14 122 84
7 126 55 16 41 13 44 108
4 80 102 60 4
5 8 10 28 106 96
8 119 18 39 89 101 21 1 127
8 36 104 72 111 98 112 19 118
4 100 63 137 128
4 70 129 62 83
7 103 68 22 40 66 91 93
8 136 121 25 130 29 88 139 134
5 114 45 15 97 77
5 133 110 56 138 20
6 7 51 33 107 12 54
7 17 30 99 9 11 81 50
12 115 117 24 90 52 69 79 67 43 5 37 46
6 73 95 49 74 53 85
13 86 3 58 42 87 38 35 75 2 120 64 6 113
1917 1528 2220 1033 4994 1404 2360 2619 3836 3533 2540 1198 3248 4228 673 1999 451 2240 1839 4296 2600 2568 1730 485 1090 653 3271 2117 2481 661 2234 1213 4716 446 334 2708 4202 385 1227 1897 4225 2140 3728 2084 1600 2531 1077 3916 4610 3232 3650 4251 1000 1184 346 920 3816 4297 1866 4058 2584 1180 456 1787 1427 3193 476 3197 661 1262 1846 2627 2563 388 2066 4582 4500 3367 1601 3011 3999 3070 1445 2890 994 3205 3487 647 2642 1033 682 4209 3927 3739 361 746 2043 627 3049 2792 2469 2089 1702 3387 4929 4518 1470 2799 920 2828 3119 1478 1242 1865 689 3545 2931 4138 1609 4559 644 4114 1517 2733 4133 146 965 2383 245 1088 2452 4072 4411 3993 4660 1909 3144 1459 4634 3015
1528 1201 434 2334 794 4767 460 1193 306 1632 1759 667 3861 3400 80 4613 2720 3414 1896 566 2082 2478 3630 1112 2625 313 3528 2331 434 167 2632 1296 2035 4986 3394 2919 3926 3356 3895 3852 1705 3188 1740 2335 4172 4680 3541 4473 3298 3579 326 2599 2973 1360 1561 2271 4910 75 4442 4834 1008 4360 4491 1071 4862 969 622 2792 1996 2278 762 37 4737 3771 4049 3301 1162 326 1884 1650 3071 3981 3984 807 104 3489 4626 4746 1764 3552 2641 4858 4137 4732 1436 2326 4746 2947 3576 4722 3804 3898 3960 70 1902 3432 3354 1072 4092 2655 410 77 2925 3417 4610 464 1686 3561 3518 3449 1319 3695 3536 3759 486 1798 1923 1795 1045 3239 4527 3815 1567 2752 196 4829 1516 4321 4427 4100
2220 434 3900 3956 1196 4504 984 775 2526 2680 178 2443 15 3215 3823 2383 2989 237 3191 4537 3571 3061 873 2920 3845 1446 897 501 1778 174 4268 130 1247 4207 2274 4018 2013 2777 470 2183 1865 1241 4107 1757 4116 1757 3537 961 113 1882 4331 4897 3714 4450 939 2884 2713 1615 1316 2804 1660 3534 1738 4404 47 640 4594 3430 52 4458 3572 854 3165 3974 4803 4571 241 994 3822 1564 3260 4523 1466 4161 3428 1812 258 431 2789 3528 3314 1211 2337 1479 1385 4278 1167 3100 4269 746 628 3968 3284 489 36 99 4714 4068 751 4008 4582 989 4927 1422 1718 4566 171 2910 2328 723 1418 3719 2791 722 3716 220 1089 1044 4667 3853 4041 333 1029 936 407 593 4429 716 2106 3183
1033 2334 3956 3671 4826 2701 3072 3290 1842 2526 4349 2326 1356 4587 1727 3036 3806 2457 682 3533 973 378 2457 648 586 1673 3763 2005 3025 1223 4840 3584 1800 1679 4618 3400 3321 953 2672 2316 3136 216 2882 3936 507 4095 3208 3526 4211 1251 2619 1202 2908 2897 4036 3239 1604 4442 4399 4011 4750 3339 4664 3876 2147 3719 2922 3254 4324 1890 3116 975 4018 3034 4206 3423 4113 650 1699 1743 1538 4843 4550 460 4279 422 2421 3406 2357 512 3281 1879 4202 73 4237 1925 4981 4123 3591 2025 4689 780 4771 4297 2634 3442 3819 4413 3016 1124 2683 4548 583 143 531 3252 4308 4445 4814 2451 2558 886 999 4509 3453 464 962 2994 4679 934 2146 3761 1705 998 4030 1730 3724 4171 3912 2275
4994 794 1196 4826 4487 1317 3535 1481 2383 2053 3224 1106 1038 1216 4780 2502 271 4123 349 4676 4208 1551 901 3808 2311 608 1156 586 3004 2324 4121 290 2987 4546 625 2400 1253 3990 906 4751 3062 1982 3158 1518 1971 756 3588 4774 77 1288 2835 4118 3626 3560 2117 2174 4325 4911 478 2202 3798 3717 775 4635 419 4209 1260 1834 3405 3832 2278 4789 3842 2922 3059 926 3459 3816 2890 4773 3031 4595 3907 33 4687 3114 3337 3532 4845 2651 1320 449 2359 3980 2981 3949 2838 4702 852 4235 1790 915 4854 1169 2060 2323 4308 1458 103 2864 4179 464 588 4541 64 1937 3486 2318 1087 2856 1605 1277 3997 4358 4171 4285 4813 4483 360 515 524 746 4923 1227 3652 3559 1113 4931 2885 482
1404 4767 4504 2701 1317 1630 2805 3712 4174 4332 3558 2910 2723 2251 4836 1739 2373 2159 94 4214 870 1084 4651 4467 886 2194 3837 4369 3935 4554 4365 3226 2336 4977 4835 2094 4579 1685 2738 4461 4169 1023 3783 2057 896 1330 4932 4206 4826 4450 4681 2033 2028 4858 2170 3675 2743 4776 218 3358 2180 3838 889 365 2967 2425 1372 3603 4578 3401 4488 582 2062 30 1227 2234 4138 4701 2277 1200 1982 743 1971 3173 3042 2729 1323 483 1408 1558 654 2240 4234 4977 2285 428 339 4747 3457 1522 4198 3131 1206 2381 3906 1667 4227 3063 3819 3880 1220 3626 2589 465 2774 404 2553 4150 35 1900 4496 1284 3409 2559 4466 2186 1627 4696 3389 409 4112 2632 4445 2318 2743 548 16 3843 887 4905
2360 460 984 3072 3535 2805 1416 1115 2494 3427 1504 4330 3474 521 637 976 3497 889 1877 1114 1615 4685 2904 1051 2119 3447 2422 4228 2315 3661 1489 917 4714 1355 2120 4133 572 4858 3480 1717 3968 893 4122 2696 3109 521 285 4069 1689 1266 4336 3689 3628 4190 4044 2068 3897 571 4442 3634 4133 3802 659 162 889 34 438 4906 1114 3283 1935 3318 1643 2106 3930 636 707 1668 863 4533 1823 135 709 268 2715 3543 2506 4618 1114 593 499 1644 2190 2999 2212 525 3387 408 3278 1692 959 2233 3605 15 532 4824 1536 4628 2712 2469 3265 2665 1604 339 3128 4432 532 1031 3133 2609 161 4068 697 4847 1835 800 2180 3205 4765 1605 3998 3465 4595 3430 4707 1973 930 1151 3824 729
2619 1193 775 3290 1481 3712 1115 1201 2638 2764 3775 937 1965 1507 4936 1691 2658 2792 1763 1778 2681 324 3486 4374 3366 778 4125 1263 341 2449 631 3676 4588 2560 2995 4848 2548 4812 3859 1125 2085 2500 1567 4701 2786 3680 953 3926 2847 656 1424 3113 2452 1483 532 4488 1061 1435 3351 4324 1587 4539 4029 2031 2512 4893 2174 1330 4035 3979 911 1166 4712 3717 3806 2488 3648 4214 1179 2764 1256 2980 2474 2012 2243 942 385 1420 2555 1668 2078 4193 938 1181 1329 4091 459 3692 1740 1250 2854 2292 3271 1300 3265 995 3396 4063 3322 552 981 346 149 1331 4924 3778 2618 1337 4268 4193 2761 2137 4966 349 3367 1617 4690 4208 4684 4443 560 1886 4521 1654 941 2593 3620 2152 391 2252
3836 306 2526 1842 2383 4174 2494 2638 2724 1415 2751 4714 3469 4474 1144 4202 4370 4182 2486 1854 2747 394 2606 3644 2854 1105 3471 3582 1545 3216 3713 1999 1536 187 3843 4495 1629 3393 1364 511 4480 4583 934 4476 4842 1438 2616 2862 4192 3319 3935 2881 3402 3799 604 4118 30 79 2472 2728 4614 3916 2903 2985 1104 2918 573 2396 4846 4793 1656 961 893 3089 2371 845 232 4232 642 2762 2241 547 3552 4828 3588 3317 1625 4343 4173 3742 3510 3720 1681 1384 1501 4614 3895 1486 2352 2599 1141 4343 3583 2081 4293 3374 843 4379 3679 4916 874 1836 2143 3395 173 202 358 2395 4488 524 1158 4113 4151 691 2474 3691 3632 3770 4844 3430 430 3103 1592 3305 3769 4231 4271 3369 1250 826
3533 1632 2680 2526 2053 4332 3427 2764 1415 3417 2105 3533 3609 2468 23 4600 4176 1183 1824 4680 4275 3386 1882 2362 3763 3715 2234 1143 197 3913 2730 3070 671 1259 3488 3520 4859 994 1954 2078 4223 1042 730 3764 1053 2745 4507 629 3070 4858 3683 4158 4075 1400 3627 2746 1644 4047 795 2302 4592 4225 4277 1342 2365 3606 1824 2693 3012 4479 1970 4054 1858 4222 2989 708 1191 2851 494 1339 2769 4311 4216 4066 4008 2023 2189 866 2314 4206 3021 3204 4913 2286 1949 322 670 3493 4702 1260 3971 940 4917 3176 3793 827 679 4463 2491 4604 12 4205 1926 1957 3267 2212 338 4540 1478 2168 4848 4369 1948 2048 2802 3963 161 3349 2621 3248 3474 4440 3563 1983 4354 2369 3205 3511 3514 396
2540 1759 178 4349 3224 3558 1504 3775 2751 2105 3737 4284 3474 959 409 1720 3221 3792 1951 1774 4771 3504 4314 1142 2128 1771 2812 217 4620 4900 4611 4591 351 1970 664 2302 115 2100 4724 2787 960 3035 1784 601 3249 1538 48 2267 3631 159 484 2039 845 1366 3866 4636 2510 547 3431 213 1075 2497 4257 4572 2372 285 4852 3616 4287 1646 4312 4252 2353 2607 148 959 359 3555 1667 1262 353 2743 1339 4424 2226 2569 1424 4145 2853 290 1356 1452 3565 4083 111 157 3644 4640 4898 4260 2576 3980 223 1352 4966 369 1383 1154 753 1935 2400 1523 1525 4549 1809 1922 1401 3529 169 4137 3189 1126 1137 302 4747 1423 2372 896 1914 4731 1653 653 1179 2695 2729 1496 3978 1998 1043 1153
1198 667 2443 2326 1106 2910 4330 937 4714 3533 4284 1444 2280 4469 1897 3031 1368 3126 2803 2428 3231 754 59 885 4983 2309 873 3261 3405 2270 4838 1980 2536 2420 1817 504 858 173 4585 19 412 1152 1574 3966 4850 1410 4693 402 4605 346 1992 98 279 1253 2776 1866 205 294 4993 747 438 2180 4618 607 3958 2638 4457 1049 3732 898 2916 45 1058 3637 1638 965 903 2144 4005 2921 1318 4781 2883 2760 2678 3555 2338 1596 3939 439 1291 1640 1390 2505 39 3500 1703 904 849 567 3495 1697 1812 4028 2029 3304 4589 2608 3943 1479 3023 3204 510 2519 208 4962 3841 2110 2879 851 3967 4510 715 381 982 4198 4642 656 4915 2995 4152 3716 4666 2825 160 3630 2480 4313 4854 1567
3248 3861 15 1356 1038 2723 3474 1965 3469 3609 3474 2280 571 1090 1212 3811 3285 1858 1257 471 1040 2770 4488 3942 4922 3774 3379 2467 3048 1482 618 2671 3264 4329 3469 4417 2804 2323 3208 2206 433 4863 3946 3799 1248 4818 956 2177 2896 502 338 807 4275 4589 2730 3245 2428 187 751 507 4519 473 4524 1783 1636 4586 270 4701 4794 2159 3814 2103 4966 2283 1661 4337 3892 4971 4676 2322 3957 3200 3067 1267 2684 1214 2211 3238 4428 325 274 1228 3494 1704 2858 1310 4863 4107 3171 1809 3315 3906 3471 1249 1258 3338 3357 3273 3989 3231 1476 4880 4825 905 2377 4081 1753 2671 1825 2355 1852 4975 3761 1122 1176 3493 4171 1313 3738 453 3935 1858 1145 4315 3365 3355 68 1234 4765 2103
4228 3400 3215 4587 1216 2251 521 1507 4474 2468 959 4469 1090 4357 3573 503 384 1021 4175 2015 2237 3950 2651 2294 4638 4412 3860 4313 4761 3764 2695 4204 3135 2548 4491 2536 760 627 4457 1712 2839 3309 4642 1639 3560 2886 2239 2291 4099 322 142 3591 772 4301 1184 4450 4455 4259 903 2886 913 4729 2823 3104 4011 2806 1521 2953 3057 3055 736 3929 2470 4437 4549 1587 3956 3346 3132 4656 4396 4832 2640 1211 4601 4517 2779 3109 3873 1790 3606 3842 3125 1183 3180 3572 1047 3492 835 586 1854 3179 1240 3111 3683 979 4608 4422 2942 1566 2201 2350 4786 4025 98 1785 1284 1697 781 2363 1177 4448 3838 2126 4845 196 4528 1302 4521 3850 1398 1115 693 1894 4135 955 4911 1605 4137 1083
673 80 3823 1727 4780 4836 637 4936 1144 23 409 1897 1212 3573 4451 2314 66 961 3814 3311 1300 2842 4112 30 1750 3688 628 1482 3368 1541 4920 2776 121 4327 3738 2272 319 1303 4760 553 2742 544 2287 1988 200 3531 3058 3179 2071 127 3401 3816 2646 2099 1156 2128 4311 4270 4671 555 3397 4707 3283 2892 3227 4801 4075 2498 4998 2318 1752 3566 881 1389 3808 4371 3715 136 3288 3786 4643 4389 2134 3932 680 2849 118 1668 4772 1590 1893 1093 2561 885 4557 1272 4079 4738 4986 4209 3596 2158 1901 253 2952 914 552 2715 4640 4095 1203 1956 1355 3605 1093 4826 978 2521 3113 1654 635 3677 1546 1239 3356 1517 1188 3602 4083 4013 1776 2022 3191 4524 4038 4116 3668 729 4751 1176
1999 4613 2383 3036 2502 1739 976 1691 4202 4600 1720 3031 3811 503 2314 838 3180 2986 4455 568 4010 1852 4851 1721 969 595 3424 4808 47 280 4774 229 3562 4972 623 386 3669 4297 2687 2304 661 4885 1116 259 4281 4420 333 4870 1299 835 1282 2315 4462 3660 51 4489 3526 613 1860 2249 3212 4890 1798 1291 4890 2928 4139 2815 3663 3920 3820 3091 3163 782 80 347 1646 1770 4269 1658 4469 3540 4188 2504 3879 3781 4191 234 2310 1810 4460 3708 1892 4040 3590 2880 3095 1263 4471 4036 1546 3624 3553 1349 458 923 1840 3805 326 3781 3953 2330 2771 473 4809 4674 2891 1160 4264 3372 4837 3088 3003 2397 4069 3019 2587 2999 3893 1789 412 1488 4607 378 1675 2704 4184 3224 2436 4244
451 2720 2989 3806 271 2373 3497 2658 4370 4176 3221 1368 3285 384 66 3180 4900 3468 2075 1367 206 3472 1336 660 2663 3344 3516 2664 1357 2779 4747 2535 2321 2971 1947 122 3823 2366 200 2220 781 76 1059 4611 1683 1180 1639 3311 3042 4380 4860 1235 2403 2473 2310 1600 1118 4767 3827 3775 3044 2282 4042 2013 373 2122 1890 487 2648 3619 3488 656 3071 747 919 1930 3152 416 2442 4074 4182 465 2454 1144 4179 4829 2040 3286 2263 456 626 3729 1353 4381 270 2987 3034 3860 3159 727 455 3796 2249 2575 4203 4999 3358 1137 2598 4790 4847 3992 4701 3129 3956 778 4003 1938 862 4480 3382 259 2169 618 1073 4420 2995 987 4867 2324 3513 4428 4503 1370 3752 2904 3096 1844 1813 1714
2240 3414 237 2457 4123 2159 889 2792 4182 1183 3792 3126 1858 1021 961 2986 3468 3241 4110 2603 3344 635 1603 460 1686 3498 3088 2053 4441 1703 1383 1410 4547 731 4323 3881 3201 1250 2906 2434 3826 3487 512 2361 2037 3483 209 2167 558 185 3001 1189 2976 1323 400 2478 925 2523 3500 4926 828 2139 3903 2632 3636 4276 1873 998 2114 2991 3224 640 4126 2939 1380 3435 4672 4624 3592 3142 4427 2137 438 4580 1772 158 1655 2092 2396 3931 2982 769 1392 2762 2937 3405 2262 1468 2538 1959 4668 194 3916 1716 3738 1387 2838 3205 229 3513 2579 587 573 1505 1699 2732 924 2327 1385 3028 4158 4775 3872 698 577 158 3372 2131 268 2608 1364 2295 1321 215 4219 1339 2478 4598 4115 654
1839 1896 3191 682 349 94 1877 1763 2486 1824 1951 2803 1257 4175 3814 4455 2075 4110 2325 384 97 568 4365 1426 2452 2698 4690 1394 4408 887 3677 3828 3551 3891 385 1462 3139 1957 736 498 756 4972 4714 3969 1089 2684 1716 4482 781 2250 2217 1443 2398 919 2581 3194 658 2047 3491 300 4673 2339 1628 1642 1264 2808 1718 3973 3468 2828 2304 4640 3904 121 2313 2701 1723 3753 122 3752 4325 4414 2639 1839 3418 2016 1878 1688 1547 752 2050 143 1145 2315 3131 4550 3615 3947 4571 2653 2749 2636 4727 4288 3293 1515 3829 2562 45 1058 1478 4742 2806 2056 2829 4584 817 2033 322 1974 2386 1285 2587 1283 2475 2447 1602 297 2566 1303 3655 1591 1896 1507 3939 1836 1940 4225 1384 4654
4296 566 4537 3533 4676 4214 1114 1778 1854 4680 1774 2428 471 2015 3311 568 1367 2603 384 2029 3775 3863 4144 2708 1882 3961 4215 1378 1897 1964 1686 274 4332 885 4807 4177 556 1653 212 3833 4820 1873 4196 851 849 1514 4746 3078 2775 3847 1591 2921 2635 3631 738 3869 2600 138 2119 3896 4809 835 4631 4844 1508 3277 365 1987 3716 2769 2446 1171 2785 954 2988 2394 3153 4968 1015 3667 2243 3666 2105 4542 1096 43 4172 2590 1218 2727 509 1253 2632 1560 4181 1645 4473 471 4848 2537 724 1169 3149 742 523 4417 330 3028 2215 22 1545 4531 3345 2713 2801 4807 3145 4277 220 4700 4728 4545 1523 4753 4395 2026 1649 2756 193 534 1714 3501 464 3442 2884 200 4055 1573 4687 3784
2600 2082 3571 973 4208 870 1615 2681 2747 4275 4771 3231 1040 2237 1300 4010 206 3344 97 3775 1412 3276 2029 3571 4082 3285 1155 1172 1134 1038 1702 2660 4539 3680 90 3381 623 439 4557 1884 2264 4874 3362 4366 3399 146 3906 2498 2492 4618 3589 2241 850 1670 2862 3046 739 1263 83 91 2975 943 4720 636 351 139 1209 4524 3906 1513 2783 3494 4781 3906 4671 1942 2089 3310 27 910 1035 1056 2373 3637 2874 273 2952 3920 1667 2457 641 1267 3489 2437 1926 1318 249 3187 2770 3595 3503 2033 1085 1367 2040 3208 4735 748 4877 574 4262 4054 4089 2816 1200 2852 4034 3074 732 4522 3107 2423 4299 3113 1236 2240 4201 1032 1368 1707 1965 765 1076 3167 645 3751 2163 2258 892 1017
2568 2478 3061 378 1551 1084 4685 324 394 3386 3504 754 2770 3950 2842 1852 3472 635 568 3863 3276 10 3758 3667 3590 2110 2810 4358 3568 2049 1546 4217 2811 3677 351 2324 2211 4365 129 2547 726 1862 4355 2554 954 1166 2234 1326 339 4015 883 1216 4025 2377 2707 4087 31 554 3913 15 4861 4423 3896 3052 2344 1780 2526 4921 1599 491 1798 2230 2171 3097 2026 576 499 471 4612 4291 2149 2356 4192 2895 4097 4259 4771 4942 1769 3809 4817 1392 3390 4638 3369 884 168 870 1487 978 2056 3208 45 963 1424 3052 328 4823 2034 390 4324 833 702 3081 685 4515 4948 3510 1816 4831 3443 154 2028 645 4593 4519 1468 2678 1940 3554 1511 3050 1757 4004 125 3063 2875 3910 894 1667
1730 3630 873 2457 901 4651 2904 3486 2606 1882 4314 59 4488 2651 4112 4851 1336 1603 4365 4144 2029 3758 3226 3945 806 4851 4733 4230 3271 4744 2316 1616 3360 4410 2717 3731 1410 3467 2456 3664 335 2586 2010 417 2916 1116 2907 1156 4780 3465 1127 1550 4187 1815 3845 1047 3848 3002 4885 832 4128 697 3423 3225 638 3112 721 1513 3759 3470 1526 4388 950 1592 2391 4528 2445 2735 3878 4530 3097 1707 3244 2014 2714 4634 4817 2067 1451 1674 3903 4794 1226 2710 3635 2556 1123 3376 2056 2413 3791 343 4542 4101 2512 4356 4831 2780 1305 3152 283 1177 3118 4477 2450 1796 1686 4341 3316 1945 2844 1284 3875 3518 2113 4472 18 3923 3745 1937 302 865 3799 4732 3846 4585 1123 3850 2158 2681
485 1112 2920 648 3808 4467 1051 4374 3644 2362 1142 885 3942 2294 30 1721 660 460 1426 2708 3571 3667 3945 4545 1278 3201 3396 4875 3146 1419 3567 3613 4306 2863 1016 3432 3026 2875 4804 2104 2996 2181 4559 1326 2360 684 1025 4544 2516 2160 2020 4981 4720 4236 186 3857 1866 2504 406 4826 3787 1950 2938 3891 197 3814 3831 1740 612 3321 266 3290 2527 705 3077 2132 4509 3822 3632 910 1277 1038 3627 1512 1850 3931 4686 1096 724 248 2974 134 1147 1511 1820 99 1381 366 2052 4376 2922 1441 4000 1057 3904 3503 4154 51 1299 1588 1699 4260 1081 276 2312 4791 2249 2610 626 2384 1362 2383 1635 2919 199 3854 2799 4781 1679 3422 1560 4440 2055 3429 3044 4747 2469 3419 829 3628
1090 2625 3845 586 2311 886 2119 3366 2854 3763 2128 4983 4922 4638 1750 969 2663 1686 2452 1882 4082 3590 806 1278 4513 4731 3018 2223 2958 1102 3830 759 2192 4597 1272 2511 4776 1540 1509 3177 658 3768 631 4217 391 4420 2608 2136 557 185 3977 1825 3032 4015 4562 4043 991 2646 4841 3529 4584 3587 2588 3757 1185 4447 2429 3391 2700 3531 3830 1464 1734 217 543 4325 466 871 1046 3684 4363 1813 321 4759 2585 4773 432 3149 3141 4733 1845 3066 3643 2946 3447 1738 2794 3580 3315 1503 491 3937 1087 3750 1797 571 2396 3470 270 4031 1457 2845 2825 3583 3492 2344 1645 2234 2645 3035 1953 4162 115 2663 1724 4886 3018 2138 3840 825 1478 4437 1394 3756 3066 2058 2086 1975 4065 2567
653 313 1446 1673 608 2194 3447 778 1105 3715 1771 2309 3774 4412 3688 595 3344 3498 2698 3961 3285 2110 4851 3201 4731 2424 1640 2313 2335 2216 1312 2795 3935 3072 3778 4665 3424 4770 4488 3592 1876 4927 3518 4920 3525 2562 3579 4059 4385 2748 2458 907 2721 392 1193 4757 4474 3958 560 3291 4512 2499 1961 2738 2284 3553 342 1671 307 3903 2928 2356 2855 4916 3685 3232 4100 248 750 2495 4461 3739 249 1975 1434 205 3415 1913 1961 654 3174 972 3432 3587 1325 857 3759 1044 1752 4583 2674 2496 2938 4651 1940 3611 4245 1106 426 1627 1010 1965 2825 3257 3205 3785 135 1331 948 240 1221 3855 1377 4920 661 4566 3959 3216 4966 124 1668 1621 3176 907 1805 761 1603 4110 4913 2782
3271 3528 897 3763 1156 3837 2422 4125 3471 2234 2812 873 3379 3860 628 3424 3516 3088 4690 4215 1155 2810 4733 3396 3018 1640 4470 1859 222 883 2708 33 332 39 2231 3129 1066 1755 1366 4865 3520 4648 4154 2214 609 3746 1615 932 4700 421 1388 4906 77 373 4472 3669 3933 2062 1010 2993 2839 674 2800 1651 2318 175 4824 2657 1298 1923 1228 1326 4169 338 143 3508 1765 1201 1611 1772 4375 3781 3285 1510 1660 4121 1493 2064 4125 576 4592 2175 757 3273 917 4212 4500 4443 2286 1568 709 3089 4871 4804 2082 3937 4875 1587 2493 1571 3818 4042 1834 522 1150 4185 3087 286 2581 2465 181 41 4222 35 4851 1102 3539 2877 1336 3134 2477 461 1962 4544 1120 4502 144 3428 1066 1726
2117 2331 501 2005 586 4369 4228 1263 3582 1143 217 3261 2467 4313 1482 4808 2664 2053 1394 1378 1172 4358 4230 4875 2223 2313 1859 149 4576 3055 1711 2901 1846 2144 3473 785 320 570 2497 2864 3600 1799 617 3803 4996 2978 3914 1896 4576 2732 485 662 3101 74 229 2109 3155 364 4679 1778 4434 1413 355 3366 3226 567 307 367 2588 763 4128 2620 4261 3727 3539 1466 2964 3572 1297 4901 4011 1533 4564 2554 4783 1836 4311 1713 1207 2026 1850 4978 4885 746 272 2218 4718 282 71 1448 454 441 3314 736 1324 2436 576 2033 3366 1879 1879 3213 3780 3858 4292 2989 4637 1341 2005 426 2243 3476 2921 297 143 589 793 2046 1647 517 2443 509 122 3896 1097 870 2521 952 3554 977
2481 434 1778 3025 3004 3935 2315 341 1545 197 4620 3405 3048 4761 3368 47 1357 4441 4408 1897 1134 3568 3271 3146 2958 2335 222 4576 2123 2347 3020 1979 3229 2857 1364 1779 765 2177 2362 67 2287 696 2675 4019 1949 3172 1666 3146 1435 3129 3181 3577 1857 4137 4246 3654 14 286 2757 2691 4211 4271 2561 2177 866 4544 1580 3352 1923 3173 409 634 2771 1887 2981 2243 2371 876 3403 4631 1704 259 4455 3827 409 4317 2787 1273 2544 3501 540 432 727 306 4760 2684 4876 2197 4110 4575 823 2291 955 2061 3780 2160 4425 4982 1462 359 726 4169 526 2926 4986 4864 4495 4840 3755 2671 2463 3294 1609 3573 1122 201 728 815 4222 975 3238 4435 1315 1556 3143 4406 2597 1452 622 4104
661 167 174 1223 2324 4554 3661 2449 3216 3913 4900 2270 1482 3764 1541 280 2779 1703 887 1964 1038 2049 4744 1419 1102 2216 883 3055 2347 1159 281 359 3343 4802 2490 4084 2892 3466 2231 4755 1409 2953 3238 3106 2499 746 4260 2022 2945 3440 2378 957 1508 2827 2339 2423 2586 2042 3055 88 4049 4819 1658 46 902 508 1267 3387 4844 3635 2536 4587 2462 4137 2993 4593 83 3071 4122 1821 1993 484 318 376 2593 2771 2839 962 1224 2699 2070 3954 3518 2154 199 1398 2304 3849 2820 4823 538 1916 350 4390 2281 4835 2665 2071 106 3972 4093 2455 2532 2602 1588 3114 3061 4385 1084 1173 3652 696 3618 4823 890 1071 579 3732 773 3756 4186 661 2269 1286 3115 933 3863 1313 272 1161
2234 2632 4268 4840 4121 4365 1489 631 3713 2730 4611 4838 618 2695 4920 4774 4747 1383 3677 1686 1702 1546 2316 3567 3830 1312 2708 1711 3020 281 1754 3049 1424 1208 4545 1714 2276 3519 4792 3336 2203 1035 3948 1832 1273 1771 4885 1185 66 3298 3238 4455 2922 4006 2773 2400 2429 1964 3826 478 4551 3351 4475 244 4876 2077 4016 3827 3006 3929 4071 1555 3402 4947 960 3675 1441 2234 3117 2337 1551 3319 3870 558 169 4625 4283 383 4598 3926 2219 4006 4874 684 998 1146 2075 83 3329 4969 4195 3234 4590 2957 3214 3989 4330 1498 871 1613 4866 3205 801 3862 707 406 2027 3860 1713 3830 3023 673 3496 3000 1856 2720 2188 1431 282 3003 3276 2106 151 4714 3766 4162 1892 409 2955 2924
1213 1296 130 3584 290 3226 917 3676 1999 3070 4591 1980 2671 4204 2776 229 2535 1410 3828 274 2660 4217 1616 3613 759 2795 33 2901 1979 359 3049 1710 4832 591 1134 1188 3980 4817 3766 235 4037 4853 159 1487 1010 1061 4448 2905 1810 1636 4391 946 229 2570 1030 900 4235 3588 1583 2880 470 3898 4917 4009 3030 2263 2380 4342 4092 3028 2987 3232 862 1279 3887 3548 3818 1584 4134 2622 522 4949 203 4683 3827 1266 1114 1427 335 4446 1730 1330 2846 2486 3793 891 3218 1932 4648 4936 734 4861 797 3398 4303 1983 824 1006 859 1361 2954 4485 605 602 3950 1765 2984 2289 1024 118 2265 1027 2096 415 1389 3903 4851 838 2135 211 1399 985 682 547 342 2382 2620 936 1249 1991
4716 2035 1247 1800 2987 2336 4714 4588 1536 671 351 2536 3264 3135 121 3562 2321 4547 3551 4332 4539 2811 3360 4306 2192 3935 332 1846 3229 3343 1424 4832 4195 2126 2466 4047 1856 1653 4986 3660 1473 1637 2954 918 3265 3189 3719 2935 3546 2732 2847 4611 3220 2145 3130 4361 1273 4578 3726 4635 646 1998 2345 2950 289 4041 4164 962 3030 953 3464 4460 1455 4175 733 4247 150 840 1410 2551 4356 2768 4583 1465 1955 276 3508 4941 2549 1685 1593 3498 3954 4462 4101 3064 1422 4602 3015 3581 1199 891 1767 3803 4121 1590 4498 2754 1757 1481 4668 3316 1642 122 1181 4731 1508 2859 3126 1426 4926 3797 3391 1672 1852 1794 466 978 4521 2049 4568 2165 841 3884 2404 1460 2135 2827 766 4602
446 4986 4207 1679 4546 4977 1355 2560 187 1259 1970 2420 4329 2548 4327 4972 2971 731 3891 885 3680 3677 4410 2863 4597 3072 39 2144 2857 4802 1208 591 2126 906 1514 2675 1166 4289 1816 4740 4450 3594 4430 549 2460 4122 3278 1499 1421 1352 3365 3366 1085 2145 2376 2692 3711 1532 694 2014 1911 2642 4620 2909 2298 2381 2464 638 3861 3713 3452 3492 1180 1202 4155 1633 1691 3152 636 2739 1370 4191 1920 4817 619 1135 3282 3507 3977 440 587 3759 3350 3792 3403 3807 203 869 2601 2160 3553 3045 1130 3232 3524 2080 2509 178 4778 4196 4301 589 2135 4289 1998 4519 1383 1195 606 609 1008 1687 284 4842 604 2880 3445 1891 4003 722 960 4981 585 3966 199 4925 2726 4747 1307 1124
334 3394 2274 4618 625 4835 2120 2995 3843 3488 664 1817 3469 4491 3738 623 1947 4323 385 4807 90 351 2717 1016 1272 3778 2231 3473 1364 2490 4545 1134 2466 1514 4227 2303 1380 1032 3010 1239 3547 3484 453 189 2225 1395 728 772 1655 3168 2084 4367 2453 4518 2611 430 2449 3402 1868 1338 4748 1513 4330 2130 4056 1586 453 1042 642 4959 2593 3948 2303 1097 4822 3650 1682 882 2021 4276 987 2850 1226 849 2166 2462 3029 1815 1219 2738 747 4983 1220 4158 565 3632 382 68 430 1641 2019 1750 988 359 4996 468 2959 3424 4986 1329 4532 3966 1242 4654 2924 1742 3746 3718 4730 1343 3566 4771 2884 2797 1968 1837 1936 373 1968 1326 2292 3049 2937 3699 2603 1151 2318 1210 417 3677
2708 2919 4018 3400 2400 2094 4133 4848 4495 3520 2302 504 4417 2536 2272 386 122 3881 1462 4177 3381 2324 3731 3432 2511 4665 3129 785 1779 4084 1714 1188 4047 2675 2303 3465 2125 3254 1692 2247 3786 2973 66 2716 1278 1954 4543 2302 1817 2115 3277 1332 1814 3938 2597 1290 3305 1963 4247 939 4186 4729 359 2118 1896 3316 1428 4178 4657 3613 1089 4262 3622 3110 3116 4342 3915 1897 2237 2909 2119 1850 999 2262 1976 2457 4281 4278 1531 3785 991 3761 3926 3305 1314 1118 2714 3525 4508 4029 4782 1547 4897 3872 4792 2764 3762 1103 4956 459 3198 4342 3742 3042 3790 4125 178 733 3286 1864 1482 4917 4509 2298 1820 3995 4092 444 1202 651 2865 1625 1146 2954 3576 4122 1802 3229 2620 1122
4202 3926 2013 3321 1253 4579 572 2548 1629 4859 115 858 2804 760 319 3669 3823 3201 3139 556 623 2211 1410 3026 4776 3424 1066 320 765 2892 2276 3980 1856 1166 1380 2125 2957 110 2450 4871 175 3470 3964 1150 2759 2043 870 1823 250 2544 628 677 2681 135 4520 1716 1122 274 2589 3837 706 4689 4120 4313 919 2628 3843 1189 3477 4744 4140 3057 744 3100 4284 1310 3020 195 4265 671 3807 3235 3674 2675 3766 2193 603 309 2436 3094 4542 3628 2110 2474 2026 3248 1969 3966 3757 4258 2453 2590 468 3471 3311 831 2617 631 782 2814 3840 249 3066 4352 2443 3043 4831 523 1879 1406 2796 3179 4892 1030 4034 4714 976 1571 4631 1042 3353 2813 4828 3802 1567 3131 4080 902 2612 4841
385 3356 2777 953 3990 1685 4858 4812 3393 994 2100 173 2323 627 1303 4297 2366 1250 1957 1653 439 4365 3467 2875 1540 4770 1755 570 2177 3466 3519 4817 1653 4289 1032 3254 110 2651 3846 4414 1405 1478 4305 2073 1211 4041 4114 727 4858 781 4661 505 2459 2917 3962 3687 4357 1983 2057 646 658 705 4826 2709 1549 4136 3710 4166 4775 4716 2189 4020 1716 1087 4667 451 1081 387 2959 4473 4982 1418 716 2243 2277 214 520 4576 2381 4917 3726 2734 3564 2645 1013 4405 2349 858 164 4559 2469 3711 3741 633 4337 495 1080 2561 320 473 636 458 1077 1084 2644 1379 3482 547 3020 3070 2350 1551 4616 384 3643 3230 3178 2648 1602 2037 4268 20 3615 549 3286 2797 3305 3154 4201 1433
1227 3895 470 2672 906 2738 3480 3859 1364 1954 4724 4585 3208 4457 4760 2687 200 2906 736 212 4557 129 2456 4804 1509 4488 1366 2497 2362 2231 4792 3766 4986 1816 3010 1692 2450 3846 4437 3123 2524 1430 3829 2901 2685 3016 2081 2720 389 4917 4716 1316 1389 803 1927 4347 865 1703 373 1654 2489 1581 2267 277 4753 627 2240 2436 2353 1534 2517 432 4657 1651 581 1018 4912 1011 2677 1077 3426 1809 622 589 743 2360 3429 897 1065 1628 3104 595 4477 1422 1098 2559 3806 3158 965 2457 278 3825 905 4491 1310 2221 3508 1040 1858 4182 1975 4832 3282 1719 398 283 1036 1661 3238 1217 901 4113 1221 4047 2909 4525 3472 515 2023 1963 2569 622 2392 2598 4812 56 3345 693 849 3602
1897 3852 2183 2316 4751 4461 1717 1125 511 2078 2787 19 2206 1712 553 2304 2220 2434 498 3833 1884 2547 3664 2104 3177 3592 4865 2864 67 4755 3336 235 3660 4740 1239 2247 4871 4414 3123 3735 3661 3144 1469 3723 4137 1080 1834 722 482 838 2695 3841 4184 1233 3453 3344 2913 2621 2446 1621 2191 2691 4612 1454 1182 1901 111 975 3618 4373 3136 80 2949 3855 2807 4073 1469 427 269 95 2317 3835 1144 4875 4647 1375 3639 3271 3373 4216 2756 1365 3757 1263 38 4423 662 2736 474 3441 3941 1819 4312 1622 2527 4391 3630 1797 2431 385 1082 91 3686 742 1747 4820 3522 32 4794 4562 237 87 603 2534 2761 1976 3551 991 65 602 343 2503 4907 4517 4282 3051 4953 4929 3010 1710
4225 1705 1865 3136 3062 4169 3968 2085 4480 4223 960 412 433 2839 2742 661 781 3826 756 4820 2264 726 335 2996 658 1876 3520 3600 2287 1409 2203 4037 1473 4450 3547 3786 175 1405 2524 3661 334 4723 1620 4245 3978 4710 2854 2088 2016 909 4804 1006 4375 4418 1033 2439 1598 2587 2396 2846 2395 2818 3137 3447 4269 413 1495 2292 2007 4337 86 1789 3679 4457 534 3198 2562 1157 327 3352 1139 2302 3968 2801 776 4247 571 3050 2816 3163 4612 1887 100 2155 624 432 1323 4959 619 422 161 2380 769 2339 2561 2258 3906 2345 3318 732 1702 3500 3674 1789 2042 2263 3012 501 3336 2037 1779 415 2625 3768 2144 668 4538 4543 4395 1757 3479 4761 4410 991 3181 2246 4374 218 3265 3127
2140 3188 1241 216 1982 1023 893 2500 4583 1042 3035 1152 4863 3309 544 4885 76 3487 4972 1873 4874 1862 2586 2181 3768 4927 4648 1799 696 2953 1035 4853 1637 3594 3484 2973 3470 1478 1430 3144 4723 320 1145 3649 2467 4433 244 893 4516 4239 4305 2886 1132 3043 2263 2093 1946 4732 484 3152 2435 3803 3681 1922 2547 3994 2237 433 3382 388 4356 109 1419 4858 355 3084 1714 11 2488 3038 663 3748 4224 1719 2640 2399 853 1286 4669 4125 1002 2186 95 1724 522 142 737 2111 2386 4195 720 953 2546 1239 4025 3877 1834 3467 2561 1074 252 748 1735 320 4315 4851 4873 4902 3213 1064 1276 2939 4556 2616 2873 4656 4199 3906 4346 3090 4165 4574 4336 4663 859 3480 2755 3978 958 3425
3728 1740 4107 2882 3158 3783 4122 1567 934 730 1784 1574 3946 4642 2287 1116 1059 512 4714 4196 3362 4355 2010 4559 631 3518 4154 617 2675 3238 3948 159 2954 4430 453 66 3964 4305 3829 1469 1620 1145 4341 4682 4183 2613 2435 4846 706 3805 525 2790 3297 3463 3348 3418 1453 2977 2323 3273 2139 3483 2764 4413 4571 3084 926 4507 2955 3487 1196 2064 1906 1920 4959 4450 236 3316 826 3065 4194 4223 4291 363 4252 3042 1127 388 1603 1658 712 1550 1207 2422 3082 2835 4597 2412 307 3970 1646 4398 4182 494 1551 4376 2631 3431 3083 1909 3998 4553 4334 1331 3898 2824 1404 141 2861 1054 659 3447 4324 1215 632 1465 2583 4472 2985 1520 3818 3561 2697 283 3136 484 4857 3251 3491 1936
2084 2335 1757 3936 1518 2057 2696 4701 4476 3764 601 3966 3799 1639 1988 259 4611 2361 3969 851 4366 2554 417 1326 4217 4920 2214 3803 4019 3106 1832 1487 918 549 189 2716 1150 2073 2901 3723 4245 3649 4682 2837 3373 1092 448 2707 3188 3479 171 4006 520 3898 3628 4076 3915 4068 970 1343 4891 2472 660 4902 2394 2239 4426 3660 930 1655 213 2141 16 4261 1701 4323 1556 486 531 3148 169 2399 1335 4204 931 4007 1580 3241 2278 647 3905 4260 1852 4087 276 1446 2441 3466 2082 296 261 577 128 1118 2026 2960 4318 179 460 3035 4111 3157 1706 31 3978 272 1380 353 4203 4099 1391 1786 3884 1351 3823 4918 2839 4839 1065 3005 773 1777 84 1558 4477 2175 1503 672 1862 409
1600 4172 4116 507 1971 896 3109 2786 4842 1053 3249 4850 1248 3560 200 4281 1683 2037 1089 849 3399 954 2916 2360 391 3525 609 4996 1949 2499 1273 1010 3265 2460 2225 1278 2759 1211 2685 4137 3978 2467 4183 3373 2352 3166 249 1466 830 1881 164 2042 4129 1295 3055 2245 122 4482 4517 1155 2097 4293 3541 1237 3628 1164 1147 213 4439 4502 545 804 1415 2833 4018 2715 833 4180 46 4621 1847 1229 3812 2645 3529 2666 4193 4023 3742 2149 3727 1426 1432 1203 1883 4064 4596 1128 1341 169 2160 1542 4498 2968 2621 994 1408 4534 577 4734 851 774 1554 2000 2076 3887 1235 2557 3046 436 4389 473 4193 3447 82 523 3263 3092 1178 4145 3210 225 500 3989 1996 3334 3751 2855 86 208
2531 4680 1757 4095 756 1330 521 3680 1438 2745 1538 1410 4818 2886 3531 4420 1180 3483 2684 1514 146 1166 1116 684 4420 2562 3746 2978 3172 746 1771 1061 3189 4122 1395 1954 2043 4041 3016 1080 4710 4433 2613 1092 3166 1116 882 2056 2885 937 2987 4860 3977 3324 2862 2493 3826 2866 366 4978 1518 1770 2808 2636 4031 3695 4680 311 1955 2299 3827 419 298 3410 502 4076 2974 834 4755 3633 4147 4667 1919 3220 3041 3801 4360 550 478 66 1663 1582 98 82 3913 4801 2404 1867 402 2104 957 4478 578 2992 3858 1343 1796 1968 3267 4278 1779 2225 4895 934 2106 3696 1844 3992 224 263 3378 2156 231 1267 783 3928 3068 2617 1414 4641 1160 1717 1739 4966 3064 1527 2795 2473 755 1134
1077 3541 3537 3208 3588 4932 285 953 2616 4507 48 4693 956 2239 3058 333 1639 209 1716 4746 3906 2234 2907 1025 2608 3579 1615 3914 1666 4260 4885 4448 3719 3278 728 4543 870 4114 2081 1834 2854 244 2435 448 249 882 4198 3192 1288 3574 4322 424 3127 2933 2326 2869 1405 486 4846 378 1968 2674 1312 570 3232 1941 3353 186 2780 377 3921 344 1968 4801 3896 95 1630 1766 3010 4540 3376 4079 2081 1264 2721 434 3259 213 1189 4039 287 2166 38 3570 3132 460 3362 4998 1981 19 972 2236 4562 867 3641 3458 1602 3814 4054 2724 1838 2900 4512 2863 916 1841 1344 4859 3793 4264 1393 4153 4534 1681 4220 26 3192 2125 1109 454 3193 443 2923 1148 899 4679 132 421 3752 4182
3916 4473 961 3526 4774 4206 4069 3926 2862 629 2267 402 2177 2291 3179 4870 3311 2167 4482 3078 2498 1326 1156 4544 2136 4059 932 1896 3146 2022 1185 2905 2935 1499 772 2302 1823 727 2720 722 2088 893 4846 2707 1466 2056 3192 3709 1461 693 1489 2080 2110 2183 691 3989 264 2863 1292 3911 2452 3153 2262 4280 1461 2820 347 4557 4538 86 1283 81 372 3879 1745 3311 2770 2464 4092 1706 1455 2260 366 3063 2238 4671 93 2007 3147 3666 4149 1743 2210 1063 1020 1275 3643 4345 534 397 3010 4858 226 4376 4624 3110 3322 601 865 1633 621 2659 2779 321 442 598 2113 4241 1529 140 2392 544 470 3974 3733 2000 1147 207 3793 3445 1853 2235 2652 4736 978 3726 2592 2840 2805 4345
4610 3298 113 4211 77 4826 1689 2847 4192 3070 3631 4605 2896 4099 2071 1299 3042 558 781 2775 2492 339 4780 2516 557 4385 4700 4576 1435 2945 66 1810 3546 1421 1655 1817 250 4858 389 482 2016 4516 706 3188 830 2885 1288 1461 1233 3653 1112 4773 2667 3625 4671 3569 1033 305 980 4968 1147 228 3723 4681 2256 521 3802 1720 4372 4614 562 671 4493 2814 3728 449 3723 4767 2614 1273 4889 4746 4462 2503 3365 4462 2830 3660 1030 1446 1832 2708 1027 671 1832 643 4510 280 2088 1223 3945 4548 3276 3070 2424 2704 1197 2597 3253 2581 3194 407 4963 1108 2652 2420 4643 3996 2142 2473 3376 802 3417 2702 4774 1817 3402 484 285 2350 3047 1265 2900 4039 2202 2532 3739 637 1274 1989
3232 3579 1882 1251 1288 4450 1266 656 3319 4858 159 346 502 322 127 835 4380 185 2250 3847 4618 4015 3465 2160 185 2748 421 2732 3129 3440 3298 1636 2732 1352 3168 2115 2544 781 4917 838 909 4239 3805 3479 1881 937 3574 693 3653 2282 672 599 2271 4131 930 4303 1686 2933 852 2699 3199 2118 922 2488 1669 2408 2369 814 3271 13 4137 1267 1457 2127 4657 3236 1283 2907 923 3106 4039 1796 3660 1926 4106 2119 3978 4131 317 2250 2354 4530 873 4709 2037 1123 1663 2585 1019 2066 3046 2412 4071 849 4711 2000 3149 1784 1746 1867 2747 4781 3429 310 205 3727 109 38 4186 370 3952 808 2964 2545 2101 827 32 3318 3161 4387 4479 85 67 1976 2129 2075 1283 813 1811 1306
3650 326 4331 2619 2835 4681 4336 1424 3935 3683 484 1992 338 142 3401 1282 4860 3001 2217 1591 3589 883 1127 2020 3977 2458 1388 485 3181 2378 3238 4391 2847 3365 2084 3277 628 4661 4716 2695 4804 4305 525 171 164 2987 4322 1489 1112 672 3452 161 603 3249 26 1687 1131 2840 3152 4732 4597 13 3753 243 3065 938 2191 2833 4912 2011 3756 389 4694 1334 37 3750 4385 3060 495 315 4884 1299 40 2984 1154 889 930 4540 2606 3109 1540 2170 3017 3877 1123 1162 638 1211 2931 65 583 1233 2033 4892 2937 4303 74 3730 810 975 3528 2504 4781 4865 40 2766 2820 1747 2742 4906 2403 401 4388 4928 3940 3535 3886 1674 192 4924 1319 2038 376 2046 598 1003 3829 2037 3627 2743
4251 2599 4897 1202 4118 2033 3689 3113 2881 4158 2039 98 807 3591 3816 2315 1235 1189 1443 2921 2241 1216 1550 4981 1825 907 4906 662 3577 957 4455 946 4611 3366 4367 1332 677 505 1316 3841 1006 2886 2790 4006 2042 4860 424 2080 4773 599 161 2700 3148 330 1292 3015 3939 3572 3779 3948 1733 382 705 3720 2081 1612 3204 2344 1873 4657 1527 1068 365 173 4032 4468 4148 3575 911 1240 382 838 4421 2223 4970 3185 4271 1964 522 3507 3181 3729 1583 2215 4951 4507 544 4222 2599 3644 4365 3881 4246 3556 625 994 351 2803 3749 1157 1368 3070 1728 4709 4604 1623 2653 4318 3755 2778 3512 2802 4448 2872 4353 2833 4784 1733 435 3791 457 4488 3675 514 4070 1017 1690 221 1425 2335
1000 2973 3714 2908 3626 2028 3628 2452 3402 4075 845 279 4275 772 2646 4462 2403 2976 2398 2635 850 4025 4187 4720 3032 2721 77 3101 1857 1508 2922 229 3220 1085 2453 1814 2681 2459 1389 4184 4375 1132 3297 520 4129 3977 3127 2110 2667 2271 603 3148 3012 3727 2055 1681 2037 4666 52 3072 3439 3625 4115 319 2129 2762 1281 4954 548 4028 488 1312 930 422 981 1184 2168 983 4951 2882 172 187 2408 1008 2962 1912 2301 805 4531 2143 1869 3386 2326 2137 3071 2760 1930 3462 3214 1388 2084 2948 3198 1352 2935 1290 2846 1488 1926 473 3410 1482 3095 2363 3889 4922 2030 4685 1207 4501 3981 4045 4934 1643 4847 1922 3014 3745 2366 4781 4093 3534 1381 1528 2373 1477 2266 2293 3417 735
1184 1360 4450 2897 3560 4858 4190 1483 3799 1400 1366 1253 4589 4301 2099 3660 2473 1323 919 3631 1670 2377 1815 4236 4015 392 373 74 4137 2827 4006 2570 2145 2145 4518 3938 135 2917 803 1233 4418 3043 3463 3898 1295 3324 2933 2183 3625 4131 3249 330 3727 2634 2629 1445 2646 674 1553 3647 72 1802 3664 4050 3229 2638 3616 962 3458 4704 1065 4141 1565 1183 535 1532 2228 3209 1251 2733 3674 4559 2689 493 60 3550 4210 4093 1859 1897 4102 3470 2276 3674 3344 4314 1561 44 864 3397 1589 3353 1574 979 14 2933 1362 2243 384 4156 1804 4596 996 3981 2187 1385 2083 3731 2395 2732 4528 1663 1083 4492 40 4360 1969 4712 4959 428 3059 1685 1090 1692 4625 2991 4111 2070 4482 1383
346 1561 939 4036 2117 2170 4044 532 604 3627 3866 2776 2730 1184 1156 51 2310 400 2581 738 2862 2707 3845 186 4562 1193 4472 229 4246 2339 2773 1030 3130 2376 2611 2597 4520 3962 1927 3453 1033 2263 3348 3628 3055 2862 2326 691 4671 930 26 1292 2055 2629 1157 4334 1011 1987 4317 2613 1278 334 948 2893 3014 2660 809 2269 2245 1301 1848 588 69 1434 4860 2093 3694 538 4050 1134 4865 2713 4785 4843 286 4577 1053 2365 1820 1266 912 489 4970 3747 4828 3774 4846 3453 2646 4438 548 3441 2440 1242 1522 940 1682 1096 2386 605 965 1916 1350 4495 3164 3806 4263 3937 2696 1426 4953 3292 1234 1466 2675 859 1234 2607 3721 1090 1323 1334 4678 673 1035 4247 1701 2949 1413 2196
920 2271 2884 3239 2174 3675 2068 4488 4118 2746 4636 1866 3245 4450 2128 4489 1600 2478 3194 3869 3046 4087 1047 3857 4043 4757 3669 2109 3654 2423 2400 900 4361 2692 430 1290 1716 3687 4347 3344 2439 2093 3418 4076 2245 2493 2869 3989 3569 4303 1687 3015 1681 1445 4334 2409 1352 2320 1914 3158 1701 1771 2088 3879 44 3009 1292 4529 388 961 1199 2682 2030 4766 2875 3990 848 3305 3113 2861 1711 1352 627 2583 3958 1950 3147 2078 3759 818 4058 1447 464 376 4881 1409 1734 1123 4119 2350 3290 1353 4945 1078 3145 4852 2123 2185 4332 4922 3406 3080 2230 2744 4958 504 201 4805 344 4309 3912 3438 1403 4302 4000 269 1996 4503 4837 1131 2453 2249 1233 3308 1198 1169 4526 1711 179 1009
3816 4910 2713 1604 4325 2743 3897 1061 30 1644 2510 205 2428 4455 4311 3526 1118 925 658 2600 739 31 3848 1866 991 4474 3933 3155 14 2586 2429 4235 1273 3711 2449 3305 1122 4357 865 2913 1598 1946 1453 3915 122 3826 1405 264 1033 1686 1131 3939 2037 2646 1011 1352 536 3656 2112 1498 4084 2557 3085 2462 2316 2021 2505 2181 3987 3699 798 4929 4091 3247 4643 573 4757 4792 2847 3308 4688 3159 1564 112 1894 4591 3190 3019 3240 228 2627 4001 2754 2773 999 2592 4919 1929 3738 2943 547 2332 1785 1987 2002 327 1503 2927 3350 4601 351 1464 4500 395 1981 2800 320 3568 4999 1851 2751 788 54 2535 4093 1577 1554 1992 366 1152 975 1429 3008 1664 109 1176 4426 4157 3988 3427
4297 75 1615 4442 4911 4776 571 1435 79 4047 547 294 187 4259 4270 613 4767 2523 2047 138 1263 554 3002 2504 2646 3958 2062 364 286 2042 1964 3588 4578 1532 3402 1963 274 1983 1703 2621 2587 4732 2977 4068 4482 2866 486 2863 305 2933 2840 3572 4666 674 1987 2320 3656 724 3193 4161 1170 1760 4220 3350 2924 4513 1904 1505 3798 1882 3337 906 805 1963 1874 3535 638 4073 2969 531 1560 185 3432 1638 2699 1018 3519 2904 3076 875 3470 1583 2468 1828 2160 1940 951 1702 1284 1268 3750 2435 371 1296 4169 4567 3733 4605 1448 1023 3058 1440 2613 2758 4057 711 1036 941 271 4747 2466 267 3343 2164 339 690 3677 1421 4241 3716 619 1229 2642 3857 2181 4273 2911 2876 484 2334
1866 4442 1316 4399 478 218 4442 3351 2472 795 3431 4993 751 903 4671 1860 3827 3500 3491 2119 83 3913 4885 406 4841 560 1010 4679 2757 3055 3826 1583 3726 694 1868 4247 2589 2057 373 2446 2396 484 2323 970 4517 366 4846 1292 980 852 3152 3779 52 1553 4317 1914 2112 3193 2724 4414 2406 1022 1858 336 4000 3471 1824 2107 4129 4154 1212 4308 4186 3920 4394 1507 806 4080 908 3385 4568 1073 855 723 1935 4693 3029 4527 906 187 1636 4982 799 1222 4009 2117 3200 2233 3491 4779 1332 150 2796 809 1725 3130 1662 4108 407 3898 3443 2142 4672 4194 3534 439 1184 4541 222 3564 896 2629 4511 30 2021 1498 1953 3494 3310 3149 3804 2529 3967 229 4047 3226 105 4433 3684 1453
4058 4834 2804 4011 2202 3358 3634 4324 2728 2302 213 747 507 2886 555 2249 3775 4926 300 3896 91 15 832 4826 3529 3291 2993 1778 2691 88 478 2880 4635 2014 1338 939 3837 646 1654 1621 2846 3152 3273 1343 1155 4978 378 3911 4968 2699 4732 3948 3072 3647 2613 3158 1498 4161 4414 1126 340 3111 4913 154 108 2642 1137 794 312 422 1714 4164 3055 293 4831 2104 954 1505 3660 2464 4850 3077 2539 624 687 917 4384 2557 4956 3073 4300 2704 1598 2797 3483 510 4361 4480 4008 1568 2180 4199 1739 4274 2149 574 3879 1395 2034 3691 2945 4428 503 4542 4527 3801 3709 183 330 3389 2619 3157 2918 2969 1602 4758 4000 4186 1307 2572 547 1914 1131 3202 787 1275 1629 197 3298 2571
2584 1008 1660 4750 3798 2180 4133 1587 4614 4592 1075 438 4519 913 3397 3212 3044 828 4673 4809 2975 4861 4128 3787 4584 4512 2839 4434 4211 4049 4551 470 646 1911 4748 4186 706 658 2489 2191 2395 2435 2139 4891 2097 1518 1968 2452 1147 3199 4597 1733 3439 72 1278 1701 4084 1170 2406 340 1801 3933 26 3676 4944 3853 2795 2830 4103 2053 4854 1587 334 3938 1013 244 4781 1294 132 4086 1131 1732 3204 2708 1152 310 2245 359 1974 307 3913 707 459 4973 3645 4181 4454 4783 3458 752 3259 1534 3267 3417 2649 4341 1010 1908 4556 75 3674 606 3997 1113 2236 4031 1854 4179 2681 1373 4132 4772 307 1328 4751 497 3949 1103 1699 2336 4925 3919 2652 4591 2033 2350 341 3646 76 80
1180 4360 3534 3339 3717 3838 3802 4539 3916 4225 2497 2180 473 4729 4707 4890 2282 2139 2339 835 943 4423 697 1950 3587 2499 674 1413 4271 4819 3351 3898 1998 2642 1513 4729 4689 705 1581 2691 2818 3803 3483 2472 4293 1770 2674 3153 228 2118 13 382 3625 1802 334 1771 2557 1760 1022 3111 3933 1511 1455 1802 3385 1275 3650 2129 3469 3248 136 3470 571 3553 52 3514 3881 1186 4512 3877 4593 2697 460 2644 2038 2787 972 4910 1432 979 3588 780 1000 4123 3036 2094 2679 1915 4759 2318 4844 1714 525 3967 1356 1957 1262 3110 1159 4344 1872 940 255 2302 773 697 4555 4973 523 1795 2161 3864 1370 4743 3629 887 1979 2953 4583 4386 1243 1214 1181 287 3139 2504 1219 3322 4703 3861
456 4491 1738 4664 775 889 659 4029 2903 4277 4257 4618 4524 2823 3283 1798 4042 3903 1628 4631 4720 3896 3423 2938 2588 1961 2800 355 2561 1658 4475 4917 2345 4620 4330 359 4120 4826 2267 4612 3137 3681 2764 660 3541 2808 1312 2262 3723 922 3753 705 4115 3664 948 2088 3085 4220 1858 4913 26 1455 3628 3758 493 3894 1290 3705 3137 4883 2086 4506 1060 4582 4844 3001 2362 2259 2234 2016 3865 3708 42 802 4910 169 351 4732 80 4053 3257 3543 1904 897 2985 2799 4986 759 817 292 1053 4023 1146 4651 4255 4448 1161 1112 1973 1374 920 3144 3567 3401 854 4883 281 4295 2229 1359 3567 3323 1873 227 2992 2462 1649 4967 1374 724 3530 519 572 3266 2079 1286 1539 755 1867 2278
1787 1071 4404 3876 4635 365 162 2031 2985 1342 4572 607 1783 3104 2892 1291 2013 2632 1642 4844 636 3052 3225 3891 3757 2738 1651 3366 2177 46 244 4009 2950 2909 2130 2118 4313 2709 277 1454 3447 1922 4413 4902 1237 2636 570 4280 4681 2488 243 3720 319 4050 2893 3879 2462 3350 336 154 3676 1802 3758 315 846 3609 3240 2165 3151 4002 3475 1570 3859 486 528 375 698 3183 1030 1913 4532 3443 237 4531 1849 4094 1635 765 1435 1232 4468 2496 4216 2486 3141 2090 531 4376 2798 566 3873 3518 1291 2405 519 1223 4250 1402 4503 1642 2144 4650 491 2821 670 4427 2258 2632 4357 3035 1960 3778 538 2997 1282 962 4241 3616 170 765 602 1895 147 3997 1959 3370 3687 1904 4613 4255
1427 4862 47 2147 419 2967 889 2512 1104 2365 2372 3958 1636 4011 3227 4890 373 3636 1264 1508 351 2344 638 197 1185 2284 2318 3226 866 902 4876 3030 289 2298 4056 1896 919 1549 4753 1182 4269 2547 4571 2394 3628 4031 3232 1461 2256 1669 3065 2081 2129 3229 3014 44 2316 2924 4000 108 4944 3385 493 846 376 4086 1356 680 633 4436 2270 3740 1468 3984 1626 2018 2705 1982 4432 3550 4925 4876 4077 1234 3419 4343 4828 4848 3023 504 1962 1125 4997 3936 229 2953 1331 1755 3037 4640 2008 4296 4106 1758 736 431 1230 4765 3979 1546 2110 185 1631 725 2360 4280 140 639 4807 408 2009 167 2972 1497 760 3513 2218 513 371 3860 1936 31 4196 612 597 2702 2809 3546 1997 2713
3193 969 640 3719 4209 2425 34 4893 2918 3606 285 2638 4586 2806 4801 2928 2122 4276 2808 3277 139 1780 3112 3814 4447 3553 175 567 4544 508 2077 2263 4041 2381 1586 3316 2628 4136 627 1901 413 3994 3084 2239 1164 3695 1941 2820 521 2408 938 1612 2762 2638 2660 3009 2021 4513 3471 2642 3853 1275 3894 3609 4086 4173 1874 249 2417 2466 919 2617 1094 3904 2888 2910 360 2013 1006 4407 1284 1540 4677 3960 318 3673 1873 1435 1105 3068 802 2259 702 4261 1777 2308 1142 2591 1992 179 1522 3006 1854 3939 1325 4266 1187 4795 1856 1134 4252 838 4040 4845 1022 519 1396 1769 422 2633 957 3156 176 1484 3524 1734 1048 1261 3078 2303 4232 1277 2828 803 4183 1987 1620 2937 702 1312
476 622 4594 2922 1260 1372 438 2174 573 1824 4852 4457 270 1521 4075 4139 1890 1873 1718 365 1209 2526 721 3831 2429 342 4824 307 1580 1267 4016 2380 4164 2464 453 1428 3843 3710 2240 111 1495 2237 926 4426 1147 4680 3353 347 3802 2369 2191 3204 1281 3616 809 1292 2505 1904 1824 1137 2795 3650 1290 3240 1356 1874 4627 2448 689 794 1561 371 1341 4044 504 1146 2390 2472 3203 3138 3958 3233 4024 3316 1733 374 2894 2067 4540 3175 2908 423 1138 2960 1225 3869 624 2202 752 1863 1057 2649 4615 627 1750 4201 2456 2691 4664 495 3019 3624 4327 1587 3869 1826 3243 472 541 2987 974 3508 1026 2256 2676 2389 579 3498 446 3383 468 2776 490 1175 1362 1688 4543 3574 2517 240
3197 2792 3430 3254 1834 3603 4906 1330 2396 2693 3616 1049 4701 2953 2498 2815 487 998 3973 1987 4524 4921 1513 1740 3391 1671 2657 367 3352 3387 3827 4342 962 638 1042 4178 1189 4166 2436 975 2292 433 4507 3660 213 311 186 4557 1720 814 2833 2344 4954 962 2269 4529 2181 1505 2107 794 2830 2129 3705 2165 680 249 2448 3763 4958 2119 648 228 2245 1110 4788 868 1642 4741 4280 664 1241 1569 1642 3682 1021 590 2762 118 1676 747 77 1311 2239 4267 3673 1596 1778 3767 4775 1168 3126 945 2344 1927 2414 3040 2468 1620 3550 4555 2068 3016 2829 4190 1806 221 4847 4211 429 1123 2790 3190 4905 4350 2728 2200 504 1686 2755 2872 3327 1340 4938 1241 263 2015 2074 4000 1624 2958
661 1996 52 4324 3405 4578 1114 4035 4846 3012 4287 3732 4794 3057 4998 3663 2648 2114 3468 3716 3906 1599 3759 612 2700 307 1298 2588 1923 4844 3006 4092 3030 3861 642 4657 3477 4775 2353 3618 2007 3382 2955 930 4439 1955 2780 4538 4372 3271 4912 1873 548 3458 2245 388 3987 3798 4129 312 4103 3469 3137 3151 633 2417 689 4958 3392 1075 2454 2199 1957 2849 2051 993 4833 4043 4769 3801 4102 2865 4505 3386 203 2284 1811 4209 1973 1520 342 1937 267 196 3971 3107 1283 2898 2598 1060 3127 1779 4187 4729 2991 3189 610 763 3080 2392 3734 3391 2882 4781 2464 1204 1593 4784 332 4277 2241 244 2369 2305 669 269 2505 4687 2027 2508 4101 457 4782 888 4492 3309 225 4702 3658 1127
1262 2278 4458 1890 3832 3401 3283 3979 4793 4479 1646 898 2159 3055 2318 3920 3619 2991 2828 2769 1513 491 3470 3321 3531 3903 1923 763 3173 3635 3929 3028 953 3713 4959 3613 4744 4716 1534 4373 4337 388 3487 1655 4502 2299 377 86 4614 13 2011 4657 4028 4704 1301 961 3699 1882 4154 422 2053 3248 4883 4002 4436 2466 794 2119 1075 1286 4906 49 3829 3525 322 2533 3611 3982 2999 4776 3334 3241 360 204 4906 4072 933 721 476 2324 2250 3598 468 927 2011 4422 2659 285 4037 4995 4318 2611 3495 4344 3778 2480 3517 1647 1088 4051 817 2002 2489 4176 4950 1533 2633 1269 1700 273 1679 4268 477 421 85 2047 1884 4185 1880 2611 2000 3161 3337 710 1348 3072 3333 1605 3992 1100
1846 762 3572 3116 2278 4488 1935 911 1656 1970 4312 2916 3814 736 1752 3820 3488 3224 2304 2446 2783 1798 1526 266 3830 2928 1228 4128 409 2536 4071 2987 3464 3452 2593 1089 4140 2189 2517 3136 86 4356 1196 213 545 3827 3921 1283 562 4137 3756 1527 488 1065 1848 1199 798 3337 1212 1714 4854 136 2086 3475 2270 919 1561 648 2454 4906 4245 1081 3643 3107 3214 3971 4438 2054 1016 1290 2732 3659 4983 3041 3816 4842 2543 4212 4532 682 3015 686 4445 4625 184 3867 124 4481 370 1453 4999 2618 4174 1111 3013 3602 3369 4086 2204 4335 2418 4189 3472 2245 1187 3079 330 3872 149 4933 3819 1326 2073 4656 1143 4903 1155 3943 2900 4130 1858 426 838 4440 3676 355 3260 2774 508 556
2627 37 854 975 4789 582 3318 1166 961 4054 4252 45 2103 3929 3566 3091 656 640 4640 1171 3494 2230 4388 3290 1464 2356 1326 2620 634 4587 1555 3232 4460 3492 3948 4262 3057 4020 432 80 1789 109 2064 2141 804 419 344 81 671 1267 389 1068 1312 4141 588 2682 4929 906 4308 4164 1587 3470 4506 1570 3740 2617 371 228 2199 49 1081 4787 1977 200 2363 4089 73 2852 3225 3104 2273 2232 3007 4456 4279 3289 4651 3950 2565 1725 3054 4058 131 199 2246 4884 85 3875 4409 3513 4896 4841 4725 4378 2141 1325 2479 2465 4664 605 4208 4938 4437 1607 2502 3591 3448 335 1116 2884 4360 3603 3383 937 2528 1890 2103 1330 3348 958 2560 1346 2587 2100 2673 2014 1436 4085 1063 3073
2563 4737 3165 4018 3842 2062 1643 4712 893 1858 2353 1058 4966 2470 881 3163 3071 4126 3904 2785 4781 2171 950 2527 1734 2855 4169 4261 2771 2462 3402 862 1455 1180 2303 3622 744 1716 4657 2949 3679 1419 1906 16 1415 298 1968 372 4493 1457 4694 365 930 1565 69 2030 4091 805 4186 3055 334 571 1060 3859 1468 1094 1341 2245 1957 3829 3643 1977 623 1351 2002 2876 637 4433 3994 3806 587 626 1753 1785 644 1629 3199 2192 1217 579 2567 1273 498 4836 2638 13 4617 2796 4193 3355 1572 335 4278 4764 3055 1541 127 2373 3808 3512 902 4902 3595 2951 3302 4386 2903 1026 3515 3383 4797 1420 2735 3651 3199 1773 3142 3899 570 606 3925 3329 3032 2146 1081 1336 3491 2398 2697 4446
388 3771 3974 3034 2922 30 2106 3717 3089 4222 2607 3637 2283 4437 1389 782 747 2939 121 954 3906 3097 1592 705 217 4916 338 3727 1887 4137 4947 1279 4175 1202 1097 3110 3100 1087 1651 3855 4457 4858 1920 4261 2833 3410 4801 3879 2814 2127 1334 173 422 1183 1434 4766 3247 1963 3920 293 3938 3553 4582 486 3984 3904 4044 1110 2849 3525 3107 200 1351 3942 3144 1985 2444 3154 1999 1308 4407 1811 3405 3985 4732 3095 1779 2546 2268 3323 410 2321 543 1007 4148 458 1226 1107 723 3891 2066 3426 1984 1999 2429 748 752 4217 3406 3186 4870 44 1587 4471 4320 3417 135 2539 3490 4089 2962 1422 981 3840 4618 2968 2859 328 2765 3885 4947 4562 3586 2941 3422 1528 1596 1687 4968 136
2066 4049 4803 4206 3059 1227 3930 3806 2371 2989 148 1638 1661 4549 3808 80 919 1380 2313 2988 4671 2026 2391 3077 543 3685 143 3539 2981 2993 960 3887 733 4155 4822 3116 4284 4667 581 2807 534 355 4959 1701 4018 502 3896 1745 3728 4657 37 4032 981 535 4860 2875 4643 1874 4394 4831 1013 52 4844 528 1626 2888 504 4788 2051 322 3214 2363 2002 3144 4186 1602 761 2664 4261 377 2797 4635 4794 1268 4525 4938 4392 58 412 4172 2425 471 2122 1473 2175 4964 4320 3971 2693 31 2087 2917 558 3069 3428 3845 2689 3704 2508 496 1619 664 4819 4466 4157 4500 1763 1081 3212 2214 4272 1632 2581 1652 2189 3397 4598 957 556 2950 1558 4333 2881 4672 1829 4068 2624 3052 3748 2992
4582 3301 4571 3423 926 2234 636 2488 845 708 959 965 4337 1587 4371 347 1930 3435 2701 2394 1942 576 4528 2132 4325 3232 3508 1466 2243 4593 3675 3548 4247 1633 3650 4342 1310 451 1018 4073 3198 3084 4450 4323 2715 4076 95 3311 449 3236 3750 4468 1184 1532 2093 3990 573 3535 1507 2104 244 3514 3001 375 2018 2910 1146 868 993 2533 3971 4089 2876 1985 1602 596 2027 3334 1470 4775 2032 2323 2556 3352 3100 737 2543 2013 88 613 4680 314 966 710 3487 2820 1232 226 2105 2005 1516 1923 4811 3525 307 3997 2731 3331 159 4890 1178 1914 2458 4303 1265 82 2854 353 4967 3956 3389 4911 2562 783 2379 1358 2685 2312 4382 814 2375 2780 3328 1809 2710 2153 4866 527 4887 4877
4500 1162 241 4113 3459 4138 707 3648 232 1191 359 903 3892 3956 3715 1646 3152 4672 1723 3153 2089 499 2445 4509 466 4100 1765 2964 2371 83 1441 3818 150 1691 1682 3915 3020 1081 4912 1469 2562 1714 236 1556 833 2974 1630 2770 3723 1283 4385 4148 2168 2228 3694 848 4757 638 806 954 4781 3881 2362 698 2705 360 2390 1642 4833 3611 4438 73 637 2444 761 2027 2576 4271 3808 1166 583 889 967 3185 627 3790 4633 3856 2611 2689 1198 4845 2318 935 339 2629 3058 4881 494 3952 2307 3589 58 4930 3758 2146 3053 1472 3175 2648 2921 2068 4705 766 3453 903 562 2202 1607 208 620 3171 2657 3303 2006 3615 795 2358 602 3985 4261 4709 3457 567 3151 4507 326 66 4433 2806
3367 326 994 650 3816 4701 1668 4214 4232 2851 3555 2144 4971 3346 136 1770 416 4624 3753 4968 3310 471 2735 3822 871 248 1201 3572 876 3071 2234 1584 840 3152 882 1897 195 387 1011 427 1157 11 3316 486 4180 834 1766 2464 4767 2907 3060 3575 983 3209 538 3305 4792 4073 4080 1505 1294 1186 2259 3183 1982 2013 2472 4741 4043 3982 2054 2852 4433 3154 2664 3334 4271 4017 3297 4272 599 3334 913 4027 1373 875 3797 4204 2631 1362 4989 1178 3931 3193 2810 4501 2815 910 2820 1162 3057 1719 4094 149 1897 4032 2768 1689 1512 3902 4356 4406 3340 1259 2354 2131 3234 50 3185 1512 725 4898 2921 465 387 267 3853 3915 858 1881 4885 1662 4466 3619 2175 1053 3373 3427 2212 4953
1601 1884 3822 1699 2890 2277 863 1179 642 494 1667 4005 4676 3132 3288 4269 2442 3592 122 1015 27 4612 3878 3632 1046 750 1611 1297 3403 4122 3117 4134 1410 636 2021 2237 4265 2959 2677 269 327 2488 826 531 46 4755 3010 4092 2614 923 495 911 4951 1251 4050 3113 2847 2969 908 3660 132 4512 2234 1030 4432 1006 3203 4280 4769 2999 1016 3225 3994 1999 4261 1470 3808 3297 141 3752 1137 4937 99 3479 1932 2207 4669 2079 4764 446 4669 4410 430 4484 3521 2607 4734 2727 1967 2457 1244 2929 2737 2926 3487 1545 3065 172 1724 1794 2530 3664 4316 3324 562 1767 2189 4154 1491 1037 2128 1845 4161 791 993 4247 833 3777 3034 2861 3192 3604 2832 171 2653 413 4642 3719 4155 2760
3011 1650 1564 1743 4773 1200 4533 2764 2762 1339 1262 2921 2322 4656 3786 1658 4074 3142 3752 3667 910 4291 4530 910 3684 2495 1772 4901 4631 1821 2337 2622 2551 2739 4276 2909 671 4473 1077 95 3352 3038 3065 3148 4621 3633 4540 1706 1273 3106 315 1240 2882 2733 1134 2861 3308 531 3385 2464 4086 3877 2016 1913 3550 4407 3138 664 3801 4776 1290 3104 3806 1308 377 4775 1166 4272 3752 1553 356 2908 87 2591 3397 4658 3904 2912 4399 3171 2186 1773 3458 1564 1268 3745 265 2398 1360 3699 660 3242 2445 1236 4523 367 817 3589 120 2501 2359 3584 4986 744 3051 3935 902 1101 2964 540 2652 1128 595 1516 815 2387 2313 2942 2934 405 3433 3005 4605 1808 3590 2465 3905 4532 3619 1802
3999 3071 3260 1538 3031 1982 1823 1256 2241 2769 353 1318 3957 4396 4643 4469 4182 4427 4325 2243 1035 2149 3097 1277 4363 4461 4375 4011 1704 1993 1551 522 4356 1370 987 2119 3807 4982 3426 2317 1139 663 4194 169 1847 4147 3376 1455 4889 4039 4884 382 172 3674 4865 1711 4688 1560 4568 4850 1131 4593 3865 4532 4925 1284 3958 1241 4102 3334 2732 2273 587 4407 2797 2032 583 599 1137 356 1681 2450 4502 3492 1828 1326 115 3185 3191 969 432 2259 4308 2109 3986 372 2960 4596 1767 2551 3762 871 4703 4222 3642 3131 4992 2494 1066 3556 4555 3549 2770 1343 4979 3970 3367 3253 2234 2272 1523 4820 1711 2322 2465 1963 1461 2505 3706 1392 2192 2867 1210 4162 3018 3579 2674 2713 172 3617
3070 3981 4523 4843 4595 743 135 2980 547 4311 2743 4781 3200 4832 4389 3540 465 2137 4414 3666 1056 2356 1707 1038 1813 3739 3781 1533 259 484 3319 4949 2768 4191 2850 1850 3235 1418 1809 3835 2302 3748 4223 2399 1229 4667 4079 2260 4746 1796 1299 838 187 4559 2713 1352 3159 185 1073 3077 1732 2697 3708 3443 4876 1540 3233 1569 2865 3241 3659 2232 626 1811 4635 2323 889 3334 4937 2908 2450 2589 605 2183 3314 4502 478 1158 3855 2641 2111 1711 459 2085 4907 501 1834 2574 2672 4317 1768 3504 3708 2576 2267 2060 1427 2143 1673 1183 4025 733 2875 1201 1087 3472 2795 1850 4079 3931 4848 3309 390 2653 3404 2988 4669 3705 3248 1015 1326 4018 4427 3637 4905 188 3144 911 2566 4825
1445 3984 1466 4550 3907 1971 709 2474 3552 4216 1339 2883 3067 2640 2134 4188 2454 438 2639 2105 2373 4192 3244 3627 321 249 3285 4564 4455 318 3870 203 4583 1920 1226 999 3674 716 622 1144 3968 4224 4291 1335 3812 1919 2081 366 4462 3660 40 4421 2408 2689 4785 627 1564 3432 855 2539 3204 460 42 237 4077 4677 4024 1642 4505 360 4983 3007 1753 3405 4794 2556 967 913 99 87 4502 605 285 128 790 3379 2830 4133 3355 1149 2428 66 1212 366 2273 809 1470 4952 760 328 3856 1478 4435 13 4614 1292 1788 205 4712 3435 3066 2101 3521 2618 3120 3455 1117 4810 2430 263 1457 111 669 3234 4729 1698 230 711 4145 3359 1710 1017 2715 2746 3507 3176 4090 2177 464 2322
2890 807 4161 460 33 3173 268 2012 4828 4066 4424 2760 1267 1211 3932 2504 1144 4580 1839 4542 3637 2895 2014 1512 4759 1975 1510 2554 3827 376 558 4683 1465 4817 849 2262 2675 2243 589 4875 2801 1719 363 4204 2645 3220 1264 3063 2503 1926 2984 2223 1008 493 4843 2583 112 1638 723 624 2708 2644 802 4531 1234 3960 3316 3682 3386 204 3041 4456 1785 3985 1268 3352 3185 4027 3479 2591 3492 2183 128 3366 2836 2538 858 1226 3706 4525 1675 3841 179 1325 1505 1635 867 3446 1526 514 3046 1412 1212 4017 228 798 2206 2114 3860 4072 1015 253 1444 2459 3788 2150 284 4303 480 3769 441 3119 2402 1179 3548 1566 4425 1033 4915 3338 945 1642 3919 473 2743 2014 4188 1277 2082 1841
994 104 3428 4279 4687 3042 2715 2243 3588 4008 2226 2678 2684 4601 680 3879 4179 1772 3418 1096 2874 4097 2714 1850 2585 1434 1660 4783 409 2593 169 3827 1955 619 2166 1976 3766 2277 743 4647 776 2640 4252 931 3529 3041 2721 2238 3365 4106 1154 4970 2962 60 286 3958 1894 2699 1935 687 1152 2038 4910 1849 3419 318 1733 1021 203 4906 3816 4279 644 4732 4525 3100 627 1373 1932 3397 1828 3314 790 2836 4997 1090 2744 21 105 4071 2774 286 4409 4893 1332 4084 3147 3261 171 4006 2942 500 486 1768 4390 15 1261 2116 2973 2463 109 3301 1723 3092 4486 181 3852 1191 4810 4124 4295 1173 3045 713 1958 417 2708 3054 4958 1555 4420 343 511 334 2787 4564 3569 843 4114 884
3205 3489 1812 422 3114 2729 3543 942 3317 2023 2569 3555 1214 4517 2849 3781 4829 158 2016 43 273 4259 4634 3931 4773 205 4121 1836 4317 2771 4625 1266 276 1135 2462 2457 2193 214 2360 1375 4247 2399 3042 4007 2666 3801 434 4671 4462 2119 889 3185 1912 3550 4577 1950 4591 1018 4693 917 310 2787 169 4094 4343 3673 374 590 2284 4072 4842 3289 1629 3095 4938 737 3790 875 2207 4658 1326 4502 3379 2538 1090 3986 2940 2870 2008 4789 4079 2456 4885 2026 2077 152 201 784 3518 108 3036 4599 3190 2639 2042 3660 1014 1365 1426 2656 3797 700 1043 69 4053 1484 1798 3236 4891 3007 330 2461 2481 2225 1836 2914 3454 1910 4604 3321 2862 2925 3443 3095 3450 3685 804 45 2104 1425
3487 4626 258 2421 3337 1323 2506 385 1625 2189 1424 2338 2211 2779 118 4191 2040 1655 1878 4172 2952 4771 4817 4686 432 3415 1493 4311 2787 2839 4283 1114 3508 3282 3029 4281 603 520 3429 3639 571 853 1127 1580 4193 4360 3259 93 2830 3978 930 4271 2301 4210 1053 3147 3190 3519 3029 4384 2245 972 351 1635 4828 1873 2894 2762 1811 933 2543 4651 3199 1779 4392 2543 4633 3797 4669 3904 115 478 2830 858 2744 2940 4287 3177 1907 3244 1266 2084 4502 226 1591 46 3503 3501 1531 1425 2870 2952 762 1497 24 4407 120 4729 1620 2407 574 4457 1219 2097 3032 4073 230 3561 4438 2142 1314 2054 2094 2281 2093 1784 2636 1342 3293 3739 1365 399 2556 3697 146 554 1841 2236 2009 4428
647 4746 431 3406 3532 483 4618 1420 4343 866 4145 1596 3238 3109 1668 234 3286 2092 1688 2590 3920 4942 2067 1096 3149 1913 2064 1713 1273 962 383 1427 4941 3507 1815 4278 309 4576 897 3271 3050 1286 388 3241 4023 550 213 2007 3660 4131 4540 1964 805 4093 2365 2078 3019 2904 4527 2557 359 4910 4732 765 4848 1435 2067 118 4209 721 4212 3950 2192 2546 58 2013 3856 4204 2079 2912 3185 1158 4133 1226 21 2870 3177 864 4929 3695 4889 710 3084 3536 3375 1974 3676 522 106 2915 1729 2114 211 2583 1412 1580 2437 1823 4385 4633 4689 4501 4914 2624 3712 3119 4811 3766 304 2880 692 2635 4960 208 4339 2391 4254 4624 3201 2919 4581 1943 1627 1678 546 187 4851 3413 383 4860
2642 1764 2789 2357 4845 1408 1114 2555 4173 2314 2853 3939 4428 3873 4772 2310 2263 2396 1547 1218 1667 1769 1451 724 3141 1961 4125 1207 2544 1224 4598 335 2549 3977 1219 1531 2436 2381 1065 3373 2816 4669 1603 2278 3742 478 1189 3147 1030 317 2606 522 4531 1859 1820 3759 3240 3076 906 4956 1974 1432 80 1435 3023 1105 4540 1676 1973 476 4532 2565 1217 2268 412 88 2611 2631 4764 4399 3191 3855 3355 3706 105 2008 1907 4929 4861 3442 4132 4383 710 2217 4933 3886 3561 3021 2179 205 616 1682 3284 654 1574 4931 4747 4287 2720 1697 2436 2184 325 1797 1998 4346 4823 4793 2643 1054 3098 4547 214 1312 2471 58 185 1158 3758 4418 2613 2971 3141 4055 2948 732 549 1007 1305 1178
1033 3552 3528 512 2651 1558 593 1668 3742 4206 290 439 325 1790 1590 1810 456 3931 752 2727 2457 3809 1674 248 4733 654 576 2026 3501 2699 3926 4446 1685 440 2738 3785 3094 4917 1628 4216 3163 4125 1658 647 2149 66 4039 3666 1446 2250 3109 3507 2143 1897 1266 818 228 875 187 3073 307 979 4053 1232 504 3068 3175 747 1520 2324 682 1725 579 3323 4172 613 2689 1362 446 3171 969 2641 1149 4525 4071 4789 3244 3695 3442 1108 3805 2115 192 1898 707 2438 4601 245 2454 779 756 4106 549 894 4598 1928 4179 933 3540 4251 3591 3091 4856 2549 4114 3315 1386 4960 385 2727 1458 4313 1599 3698 2988 1031 3177 4987 2151 984 994 1056 301 2621 4783 2896 962 2057 3873 656
682 2641 3314 3281 1320 654 499 2078 3510 3021 1356 1291 274 3606 1893 4460 626 2982 2050 509 641 4817 3903 2974 1845 3174 4592 1850 540 2070 2219 1730 1593 587 747 991 4542 3726 3104 2756 4612 1002 712 3905 3727 1663 287 4149 1832 2354 1540 3181 1869 4102 912 4058 2627 3470 1636 4300 3913 3588 3257 4468 1962 802 2908 77 342 2250 3015 3054 2567 410 2425 4680 1198 4989 4669 2186 432 2111 2428 1675 2774 4079 1266 4889 4132 3805 1022 3766 1949 1082 3010 1260 2853 2883 2579 4467 4322 757 362 1282 4785 2281 2466 4853 1518 184 2845 4881 613 2246 3482 2251 387 2335 3111 1873 803 1204 1416 1195 2400 997 1651 1570 4099 2285 79 323 492 619 4050 583 2299 2828 4068 2488
4209 4858 1211 1879 449 2240 1644 4193 3720 3204 1452 1640 1228 3842 1093 3708 3729 769 143 1253 1267 1392 4794 134 3066 972 2175 4978 432 3954 4006 1330 3498 3759 4983 3761 3628 2734 595 1365 1887 2186 1550 4260 1426 1582 2166 1743 2708 4530 2170 3729 3386 3470 489 1447 4001 1583 4982 2704 707 780 3543 2496 1125 2259 423 1311 1937 3598 686 4058 1273 2321 471 314 4845 1178 4410 1773 2259 1711 66 3841 286 2456 2084 710 4383 2115 3766 778 3408 661 4808 403 1907 3702 4062 2846 3804 2792 3391 315 4698 2576 3496 3862 2463 1555 2710 3031 3255 4662 4988 4370 4979 2066 3102 1051 4793 4334 4906 1229 15 2522 4025 1194 1737 2511 2594 2490 4700 807 3507 4978 3030 1031 2450 1462
3927 4137 2337 4202 2359 4234 2190 938 1681 4913 3565 1390 3494 3125 2561 1892 1353 1392 1145 2632 3489 3390 1226 1147 3643 3432 757 4885 727 3518 4874 2846 3954 3350 1220 3926 2110 3564 4477 3757 100 95 1207 1852 1432 98 38 2210 1027 873 3017 1583 2326 2276 4970 464 2754 2468 799 1598 459 1000 1904 4216 4997 702 1138 2239 267 468 4445 131 498 543 2122 966 2318 3931 430 3458 4308 459 1212 179 4409 4885 4502 3084 710 192 1949 3408 1349 2627 3918 56 2653 3888 1465 638 4945 2270 4282 1025 3738 1145 4603 2464 612 2022 4754 836 1153 2526 4356 28 881 4292 3878 4833 1797 3442 1521 2396 3458 2513 4482 652 220 2922 1018 2015 4302 3433 3980 812 4992 1034 476 4518
3739 4732 1479 73 3980 4977 2999 1181 1384 2286 4083 2505 1704 1183 885 4040 4381 2762 2315 1560 2437 4638 2710 1511 2946 3587 3273 746 306 2154 684 2486 4462 3792 4158 3305 2474 2645 1422 1263 2155 1724 2422 4087 1203 82 3570 1063 671 4709 3877 2215 2137 3674 3747 376 2773 1828 1222 2797 4973 4123 897 2486 3936 4261 2960 4267 196 927 4625 199 4836 1007 1473 710 935 3193 4484 1564 2109 2085 366 1325 4893 2026 226 3536 2217 1898 1082 661 2627 4652 3951 1074 2945 2851 2701 1702 2963 606 3680 208 468 4878 1063 1614 3393 3258 3860 1015 2325 4622 1763 784 3421 4274 2171 3878 4564 3828 4640 2169 340 607 3642 2936 1645 297 4352 4104 2759 2317 747 2899 1974 543 1870 2270
361 1436 1385 4237 2981 2285 2212 1329 1501 1949 111 39 2858 3180 4557 3590 270 2937 3131 4181 1926 3369 3635 1820 3447 1325 917 272 4760 199 998 3793 4101 3403 565 1314 2026 1013 1098 38 624 522 3082 276 1883 3913 3132 1020 1832 2037 1123 4951 3071 3344 4828 4881 999 2160 4009 3483 3645 3036 2985 3141 229 1777 1225 3673 3971 2011 184 2246 2638 4148 2175 3487 339 2810 3521 1268 3986 4907 2273 1505 1332 2077 1591 3375 4933 707 3010 4808 3918 3951 3577 638 4207 3180 45 1363 3158 3731 3902 4780 2273 2629 3102 4258 4143 2859 1602 2114 4195 4751 4809 3122 4940 1571 2725 4157 2005 927 4967 3826 2362 172 2078 2915 3990 807 2289 2389 3693 607 2207 3466 3663 888 2997 1815
746 2326 4278 1925 3949 428 525 4091 4614 322 157 3500 1310 3572 1272 2880 2987 3405 4550 1645 1318 884 2556 99 1738 857 4212 2218 2684 1398 1146 891 3064 3807 3632 1118 3248 4405 2559 4423 432 142 2835 1446 4064 4801 460 1275 643 1123 1162 4507 2760 4314 3774 1409 2592 1940 2117 510 4181 2094 2799 2090 2953 2308 3869 1596 3107 4422 3867 4884 13 458 4964 2820 2629 4501 2607 3745 372 501 809 1635 4084 152 46 1974 3886 2438 1260 403 56 1074 638 2141 1131 4859 4932 1570 2356 3378 462 3255 1752 1279 3435 1813 1308 1315 556 409 2576 4679 2954 3425 3100 4508 369 4179 4377 2563 1134 4532 1656 2053 3036 1622 4080 1550 2057 1345 3282 2949 1587 3177 2644 3868 1914 3525
2043 4746 1167 4981 2838 339 3387 459 3895 670 3644 1703 4863 1047 4079 3095 3034 2262 3615 4473 249 168 1123 1381 2794 3759 4500 4718 4876 2304 2075 3218 1422 203 382 2714 1969 2349 3806 662 1323 737 4597 2441 4596 2404 3362 3643 4510 1663 638 544 1930 1561 4846 1734 4919 951 3200 4361 4454 2679 4986 531 1331 1142 624 1778 1283 2659 124 85 4617 1226 4320 1232 3058 2815 4734 265 2960 1834 1470 867 3147 201 3503 3676 3561 4601 2853 1907 2653 2945 4207 1131 1129 741 870 984 398 3857 4534 2799 2439 690 4120 2788 970 832 4025 406 166 1321 45 907 2303 354 1866 4570 441 1746 4472 2005 311 1518 1420 4993 1052 1576 1444 4819 2964 319 2731 311 84 1942 1915 3745
627 2947 3100 4123 4702 4747 408 3692 1486 3493 4640 904 4107 3492 4738 1263 3860 1468 3947 471 3187 870 3376 366 3580 1044 4443 282 2197 3849 83 1932 4602 869 68 3525 3966 858 3158 2736 4959 2111 2412 3466 1128 1867 4998 4345 280 2585 1211 4222 3462 44 3453 1123 1929 1702 2233 4480 4783 1915 759 4376 1755 2591 2202 3767 2898 285 4481 3875 2796 1107 3971 226 4881 910 2727 2398 4596 2574 4952 3446 3261 784 3501 522 3021 245 2883 3702 3888 2851 3180 4859 741 2133 4068 2423 4282 1725 4270 584 2108 3762 3934 1305 1585 2606 2412 3434 3519 2964 4195 4304 4279 3993 2574 637 3889 1561 1903 2586 1569 1921 1817 4224 2128 3660 1617 2524 1048 4048 3849 1263 1202 2041 95 701
3049 3576 4269 3591 852 3457 3278 1740 2352 4702 4898 849 3171 835 4986 4471 3159 2538 4571 4848 2770 1487 2056 2052 3315 1752 2286 71 4110 2820 3329 4648 3015 2601 430 4508 3757 164 965 474 619 2386 307 2082 1341 402 1981 534 2088 1019 2931 2599 3214 864 2646 4119 3738 1284 3491 4008 3458 4759 817 2798 3037 1992 752 4775 2598 4037 370 4409 4193 723 2693 2105 494 2820 1967 1360 1767 2672 760 1526 171 3518 1531 106 2179 2454 2579 4062 1465 2701 45 4932 870 4068 4191 1168 4443 4140 91 4963 648 1640 4125 776 2677 1546 1764 1432 3442 2187 1243 893 2953 137 1563 433 4301 2353 3222 1340 1353 3478 2610 3675 2708 795 3334 2460 937 4659 4383 3941 702 338 3063 4458
2792 4722 746 2025 4235 1522 1692 1250 2599 1260 4260 567 1809 586 4209 4036 727 1959 2653 2537 3595 978 2413 4376 1503 4583 1568 1448 4575 4823 4969 4936 3581 2160 1641 4029 4258 4559 2457 3441 422 4195 3970 296 169 2104 19 397 1223 2066 65 3644 1388 3397 4438 2350 2943 1268 4779 1568 752 2318 292 566 4640 179 1863 1168 1060 4995 1453 3513 3355 3891 31 2005 3952 1162 2457 3699 2551 4317 328 514 4006 108 1425 2915 205 779 4467 2846 638 1702 1363 1570 984 2423 1168 1117 3958 4550 2610 2309 3858 783 1282 1021 1606 2935 2303 1582 185 4416 3124 2403 2226 3116 2948 2054 1135 707 753 2785 4849 2708 3260 3986 16 177 4346 179 2473 3578 3371 2973 2292 4475 4620 118
2469 3804 628 4689 1790 4198 959 2854 1141 3971 2576 3495 3315 1854 3596 1546 455 4668 2749 724 3503 2056 3791 2922 491 2674 709 454 823 538 4195 734 1199 3553 2019 4782 2453 2469 278 3941 161 720 1646 261 2160 957 972 3010 3945 3046 583 4365 2084 1589 548 3290 547 3750 1332 2180 3259 4844 1053 3873 2008 1522 1057 3126 3127 4318 4999 4896 1572 2066 2087 1516 2307 3057 1244 660 3762 1768 3856 3046 2942 3036 2870 1729 616 756 4322 3804 4945 2963 3158 2356 398 4282 4443 3958 4214 4226 2706 4963 4823 1849 4058 2969 1965 220 242 3830 1482 3573 2288 2565 1318 4651 1923 3422 3725 3105 1377 4048 1313 1474 4422 1741 2067 358 233 61 1531 2472 1496 547 872 4883 2009 4367
2089 3898 3968 780 915 3131 2233 2292 4343 940 3980 1697 3906 3179 2158 3624 3796 194 2636 1169 2033 3208 343 1441 3937 2496 3089 441 2291 1916 3234 4861 891 3045 1750 1547 2590 3711 3825 1819 2380 953 4398 577 1542 4478 2236 4858 4548 2412 1233 3881 2948 3353 3441 1353 2332 2435 150 4199 1534 1714 4023 3518 4296 3006 2649 945 1779 2611 2618 4841 335 3426 2917 1923 3589 1719 2929 3242 871 3504 1478 1412 500 4599 2952 2114 1682 4106 757 2792 2270 606 3731 3378 3857 1725 4140 4550 4226 4122 3347 1253 3529 4184 4267 3657 1607 2367 4119 231 1930 1858 3352 3868 2968 3088 507 2443 1534 2807 4447 3677 3923 3398 765 4286 4802 1333 3319 3063 4822 1579 394 3411 4797 756 1676 4169
1702 3960 3284 4771 4854 1206 3605 3271 3583 4917 223 1812 3471 1240 1901 3553 2249 3916 4727 3149 1085 45 4542 4000 1087 2938 4871 3314 955 350 4590 797 1767 1130 988 4897 468 3741 905 4312 769 2546 4182 128 4498 578 4562 226 3276 4071 2033 4246 3198 1574 2440 4945 1785 371 2796 1739 3267 525 1146 1291 4106 1854 4615 2344 4187 3495 4174 4725 4278 1984 558 4811 58 4094 2737 2445 4703 3708 4435 1212 486 3190 762 211 3284 549 362 3391 4282 3680 3902 462 4534 4270 91 2610 2706 3347 4979 1973 3656 2662 1478 3770 1178 3070 1047 4350 1811 4709 4075 1134 527 3066 2262 3037 1565 1491 2668 4015 2571 540 4586 4489 2507 2906 2149 4860 1817 897 260 3730 3604 443 1292 1708
3387 70 489 4297 1169 2381 15 1300 2081 3176 1352 4028 1249 3111 253 1349 2575 1716 4288 742 1367 963 4101 1057 3750 4651 4804 736 2061 4390 2957 3398 3803 3232 359 3872 3471 633 4491 1622 2339 1239 494 1118 2968 2992 867 4376 3070 849 4892 3556 1352 979 1242 1078 1987 1296 809 4274 3417 3967 4651 2405 1758 3939 627 1927 4729 4344 1111 4378 4764 1999 3069 3525 4930 149 2926 1236 4222 2576 13 4017 1768 2639 1497 2583 654 894 1282 315 1025 208 4780 3255 2799 584 4963 2309 4963 1253 1973 2669 1408 1065 2630 4968 4496 2193 4302 2492 1993 957 3163 70 3225 3691 3311 3952 4076 2339 18 168 3135 3302 2479 4132 1507 1459 4049 3053 3484 1452 1844 1544 4591 4819 1386 4909
4929 1902 36 2634 2060 3906 532 3265 4293 3793 4966 2029 1258 3683 2952 458 4203 3738 3293 523 2040 1424 2512 3904 1797 1940 2082 1324 3780 2281 3214 4303 4121 3524 4996 4792 3311 4337 1310 2527 2561 4025 1551 2026 2621 3858 3641 4624 2424 4711 2937 625 2935 14 1522 3145 2002 4169 1725 2149 2649 1356 4255 519 736 1325 1750 2414 2991 3778 3013 2141 3055 2429 3428 307 3758 1897 3487 4523 3642 2267 4614 228 4390 2042 24 1412 1574 4598 4785 4698 3738 468 2273 1752 2439 2108 648 3858 4823 3529 3656 1408 1697 2054 2878 1550 1358 896 3154 4624 1862 2036 1529 1610 3375 2630 1688 3125 3521 341 2699 1238 4288 3782 2112 234 3436 1234 1521 2353 2316 2412 281 2073 3275 2938 1180 1053
4518 3432 99 3442 2323 1667 4824 995 3374 827 369 3304 3338 979 914 923 4999 1387 1515 4417 3208 3052 4356 3503 571 3611 3937 2436 2160 4835 3989 1983 1590 2080 468 2764 831 495 2221 4391 2258 3877 4376 2960 994 1343 3458 3110 2704 2000 4303 994 1290 2933 940 4852 327 4567 3130 574 4341 1957 4448 1223 431 4266 4201 3040 3189 2480 3602 1325 1541 748 3845 3997 2146 4032 1545 367 3131 2060 1292 798 15 3660 4407 1580 4931 1928 2281 2576 1145 4878 2629 1279 690 3762 1640 783 1849 4184 2662 1065 2054 757 4080 223 4716 4735 2944 3284 235 2276 997 3549 53 3713 1836 364 4762 2751 3567 3040 2992 735 4406 4934 311 3421 1967 2370 3648 3019 2417 4794 4075 2031 144 2500
1470 3354 4714 3819 4308 4227 1536 3396 843 679 1383 4589 3357 4608 552 1840 3358 2838 3829 330 4735 328 4831 4154 2396 4245 4875 576 4425 2665 4330 824 4498 2509 2959 3762 2617 1080 3508 3630 3906 1834 2631 4318 1408 1796 1602 3322 1197 3149 74 351 2846 1362 1682 2123 1503 3733 1662 3879 1010 1262 1161 4250 1230 1187 2456 2468 610 3517 3369 2479 127 752 2689 2731 3053 2768 3065 817 4992 1427 1788 2206 1261 1014 120 2437 4747 4179 2466 3496 4603 1063 3102 3435 4120 3934 4125 1282 4058 4267 1478 2630 2878 4080 401 2364 189 1157 4201 43 237 4922 2162 3639 3241 2937 16 3935 1087 3107 1784 3255 166 1871 1432 2663 702 298 723 3434 2900 3930 1690 1119 3385 3848 851 993
2799 1072 4068 4413 1458 3063 4628 4063 4379 4463 1154 2608 3273 4422 2715 3805 1137 3205 2562 3028 748 4823 2780 51 3470 1106 1587 2033 4982 2071 1498 1006 2754 178 3424 1103 631 2561 1040 1797 2345 3467 3431 179 4534 1968 3814 601 2597 1784 3730 2803 1488 2243 1096 2185 2927 4605 4108 1395 1908 3110 1112 1402 4765 4795 2691 1620 763 1647 4086 2465 2373 4217 3704 3331 1472 1689 172 3589 2494 2143 205 2114 2116 1365 4729 1823 4287 933 4853 3862 2464 1614 4258 1813 2788 1305 776 1021 2969 3657 3770 4968 1550 223 2364 3614 1395 3428 952 1986 2685 4369 1352 1726 1595 2572 2840 4521 1110 2768 1823 869 2374 4559 1809 2561 4854 3717 526 1444 2948 2823 3567 2481 2626 4913 282 4237
920 4092 751 3016 103 3819 2712 3322 3679 2491 753 3943 3989 2942 4640 326 2598 229 45 2215 4877 2034 1305 1299 270 426 2493 3366 1462 106 871 859 1757 4778 4986 4956 782 320 1858 2431 3318 2561 3083 460 577 3267 4054 865 3253 1746 810 3749 1926 384 2386 4332 3350 1448 407 2034 4556 1159 1973 4503 3979 1856 4664 3550 3080 1088 2204 4664 3808 3406 2508 159 3175 1512 1724 120 1066 1673 4712 3860 2973 1426 1620 4385 2720 3540 1518 2463 612 3393 4143 1308 970 1585 2677 1606 1965 1607 1178 4496 1358 4716 189 1395 3928 1936 3486 1598 700 797 1799 1228 1259 3492 4964 3745 2979 997 2884 2213 4628 252 4309 4032 3240 4445 4801 2203 4047 2376 277 4957 912 3585 4926 2100
2828 2655 4008 1124 2864 3880 2469 552 4916 4604 1935 1479 3231 1566 4095 3781 4790 3513 1058 22 574 390 3152 1588 4031 1627 1571 1879 359 3972 1613 1361 1481 4196 1329 459 2814 473 4182 385 732 1074 1909 3035 4734 4278 2724 1633 2581 1867 975 1157 473 4156 605 4922 4601 1023 3898 3691 75 4344 1374 1642 1546 1134 495 4555 2392 4051 4335 605 3512 3186 496 4890 2648 3902 1794 2501 3556 1183 3435 4072 2463 2656 2407 4633 1697 4251 184 1555 2022 3258 2859 1315 832 2606 1546 2935 220 2367 3070 2193 896 4735 1157 3428 1936 153 4033 356 3187 2314 4313 286 2092 3751 149 4014 1400 60 3719 821 3811 2619 3952 4489 100 1602 1162 2572 2655 4273 2599 2758 2992 3692 257 503
3119 410 4582 2683 4179 1220 3265 981 874 12 2400 3023 1476 2201 1203 3953 4847 2579 1478 1545 4262 4324 283 1699 1457 1010 3818 1879 726 4093 4866 2954 4668 4301 4532 3198 3840 636 1975 1082 1702 252 3998 4111 851 1779 1838 621 3194 2747 3528 1368 3410 1804 965 3406 351 3058 3443 2945 3674 1872 920 2144 2110 4252 3019 2068 3734 817 2418 4208 902 4870 1619 1178 2921 4356 2530 2359 4555 4025 3066 1015 109 3797 574 4689 2436 3591 2845 2710 4754 3860 1602 556 4025 2412 1764 2303 242 4119 1047 4302 3154 2944 4201 952 3486 4033 461 4436 1855 58 4079 2629 4768 4817 2668 2949 3770 1963 496 4584 2447 3303 649 4884 4595 4615 206 2186 1635 972 2773 4623 2321 3097 89 2351
1478 77 989 4548 464 3626 2665 346 1836 4205 1523 3204 4880 2350 1956 2330 3992 587 4742 4531 4054 833 1177 4260 2845 1965 4042 3213 4169 2455 3205 4485 3316 589 3966 4342 249 458 4832 91 3500 748 4553 3157 774 2225 2900 2659 407 4781 2504 3070 1482 4596 1916 3080 1464 1440 2142 4428 606 940 3144 4650 185 838 3624 3016 3391 2002 4189 4938 4902 44 664 1914 2068 4406 3664 3584 3549 733 2101 253 3301 700 4457 4501 2184 3091 4881 3031 836 1015 2114 409 406 3434 1432 1582 3830 231 4350 2492 4624 3284 43 1986 1598 356 4436 2285 2788 4796 648 4065 201 275 4517 1055 271 3273 963 437 449 3657 3519 1552 3895 656 1492 3269 1605 2791 863 4932 2729 3410 3728 598
1242 2925 4927 583 588 2589 1604 149 2143 1926 1525 510 4825 4786 1355 2771 4701 573 2806 3345 4089 702 3118 1081 2825 2825 1834 3780 526 2532 801 605 1642 2135 1242 3742 3066 1077 3282 3686 3674 1735 4334 1706 1554 4895 4512 2779 4963 3429 4781 1728 3095 996 1350 2230 4500 2613 4672 503 3997 255 3567 491 1631 4040 4327 2829 2882 2489 3472 4437 3595 1587 4819 2458 4705 3340 4316 4986 2770 2875 3521 1444 1723 1043 1219 4914 325 4856 613 3255 1153 2325 4195 2576 166 3519 3442 185 1482 1930 1811 1993 1862 235 237 2685 700 3187 1855 2788 506 2135 4096 2542 2870 2692 1617 2453 366 4230 3030 2690 4400 3712 662 4598 4688 4565 4226 3506 3844 4423 2319 4634 55 2456 247 518
1865 3417 1422 143 4541 465 339 1331 3395 1957 4549 2519 905 4025 3605 473 3129 1505 2056 2713 2816 3081 4477 276 3583 3257 522 3858 2926 2602 3862 602 122 4289 4654 3042 4352 1084 1719 742 1789 320 1331 31 2000 934 2863 321 1108 310 4865 4709 2363 3981 4495 2744 395 2758 4194 4542 1113 2302 3401 2821 725 4845 1587 4190 4781 4176 2245 1607 2951 4471 4466 4303 766 1259 3324 744 1343 1201 2618 2459 3092 69 2097 2624 1797 2549 2246 4662 2526 4622 4751 4679 1321 2964 2187 4416 3573 1858 4709 957 2036 2276 4922 4369 797 2314 58 4796 2135 4776 2980 3068 1513 855 1410 4641 140 4291 682 4391 4777 3927 574 4303 1806 3176 1050 2848 3069 3377 3539 3408 2574 3291 4103 1448
689 4610 1718 531 64 2774 3128 4924 173 3267 1809 208 2377 98 1093 4809 3956 1699 2829 2801 1200 685 2450 2312 3492 3205 1150 4292 4986 1588 707 3950 1181 1998 2924 3790 2443 2644 398 1747 2042 4315 3898 3978 2076 2106 916 442 2652 205 40 4604 3889 2187 3164 4958 1981 4057 3534 4527 2236 773 854 670 2360 1022 3869 1806 2464 4950 1187 2502 3302 4320 4157 1265 3453 2354 562 3051 4979 1087 3120 3788 4486 4053 3032 3712 1998 4114 3482 4988 4356 1763 4809 2954 45 4195 1243 3124 2288 3352 4075 3163 1529 997 2162 1352 1799 4313 4079 648 4096 2980 3036 1180 3355 1044 991 3218 3037 4607 3197 1313 3416 781 4309 2084 4121 4659 3057 4370 4446 2542 2860 1491 4524 104 2179 1064
3545 464 4566 3252 1937 404 4432 3778 202 2212 1922 4962 4081 1785 4826 4674 778 2732 4584 4807 2852 4515 1796 4791 2344 3785 4185 2989 4864 3114 406 1765 4731 4519 1742 4125 3043 1379 283 4820 2263 4851 2824 272 3887 3696 1841 598 2420 3727 2766 1623 4922 1385 3806 504 2800 711 439 3801 4031 697 4883 4427 4280 519 1826 221 1204 1533 3079 3591 4386 3417 4500 82 903 2131 1767 3935 3970 3472 3455 2150 181 1484 4073 3119 4346 3315 2251 4370 28 784 3122 3425 907 4304 893 2403 2565 3868 1134 70 1610 3549 3639 1726 1228 286 2629 4065 2542 3068 1180 4271 1176 46 2178 1236 4074 4839 4066 2178 4384 3513 1245 2486 927 4368 4606 3540 1573 3172 1685 1202 2732 3876 664 856
2931 1686 171 4308 3486 2553 532 2618 358 338 1401 3841 1753 1284 978 2891 4003 924 817 3145 4034 4948 1686 2249 1645 135 3087 4637 4495 3061 2027 2984 1508 1383 3746 178 4831 3482 1036 3522 3012 4873 1404 1380 1235 1844 1344 2113 4643 109 2820 2653 2030 2083 4263 201 320 1036 1184 3709 1854 4555 281 2258 140 1396 3243 4847 1593 2633 330 3448 2903 135 1763 2854 562 3234 2189 902 3367 2795 1117 284 3852 1798 230 4811 4823 1386 387 4979 881 3421 4940 3100 2303 4279 2953 2226 1318 2968 527 3225 3375 53 3241 1595 1259 2092 4768 201 2870 1513 3355 1176 1729 723 3886 1127 1464 4856 3335 2636 974 4905 1985 1264 1022 2427 3177 3495 788 4290 2558 2678 901 2529 4935 4462
4138 3561 2910 4445 2318 4150 1031 1337 2395 4540 3529 2110 2671 1697 2521 1160 1938 2327 2033 4277 3074 3510 4341 2610 2234 1331 286 1341 4840 4385 3860 2289 2859 1195 3718 733 523 547 1661 32 501 4902 141 353 2557 3992 4859 4241 3996 38 1747 4318 4685 3731 3937 4805 3568 941 4541 183 4179 4973 4295 2632 639 1769 472 4211 4784 1269 3872 335 1026 2539 1081 353 2202 50 4154 1101 3253 1850 4810 4303 1191 3236 3561 3766 4793 4960 2335 2066 4292 4274 1571 4508 354 3993 137 3116 4651 3088 3066 3691 2630 3713 2937 2572 3492 3751 4817 275 2692 855 1044 46 723 4053 2076 2398 3968 2796 1617 3202 664 2454 2549 4669 398 2488 866 1196 2845 2706 1632 2740 4125 2409 4720 2397
1609 3518 2328 4814 1087 35 3133 4268 4488 1478 169 2879 1825 781 3113 4264 862 1385 322 220 732 1816 3316 626 2645 948 2581 2005 3755 1084 1713 1024 3126 606 4730 3286 1879 3020 3238 4794 3336 3213 2861 4203 3046 224 3793 1529 2142 4186 2742 3755 1207 2395 2696 344 4999 271 222 330 2681 523 2229 4357 4807 422 541 429 332 1700 149 1116 3515 3490 3212 4967 1607 3185 1491 2964 2234 4079 2430 480 4810 4891 4438 304 2643 385 3111 3102 3878 2171 2725 369 1866 2574 1563 2948 1923 507 2262 3311 1688 1836 16 2840 4964 149 2668 4517 1617 1410 991 2178 3886 2076 1884 3677 753 3339 3926 591 3243 3299 1641 4281 1337 2328 2059 1058 1589 4398 4771 1393 128 4243 1871 4876
4559 3449 723 2451 2856 1900 2609 4193 524 2168 4137 851 2355 2363 1654 3372 4480 3028 1974 4700 4522 4831 1945 2384 3035 240 2465 426 2671 1173 3830 118 1426 609 1343 1864 1406 3070 1217 4562 2037 1064 1054 4099 436 263 4264 140 2473 370 4906 2778 4501 2732 1426 4309 1851 4747 3564 3389 1373 1795 1359 3035 408 2633 2987 1123 4277 273 4933 2884 3383 4089 2214 3956 208 1512 1037 540 2272 3931 263 3769 4124 3007 2142 2880 1054 2727 1873 1051 4833 3878 4157 4179 4570 637 433 2054 3422 2443 3037 3952 3125 364 3935 4521 3745 4014 2949 1055 2453 4641 3218 1236 1127 2398 3677 2188 487 1458 1018 2530 4831 2241 4805 2625 131 2132 3777 4420 4666 4577 3870 274 1610 419 2194 2280
644 1319 1418 2558 1605 4496 161 2761 1158 4848 3189 3967 1852 1177 635 4837 3382 4158 2386 4728 3107 3443 2844 1362 1953 1221 181 2243 2463 3652 3023 2265 4926 1008 3566 1482 2796 2350 901 237 1779 1276 659 1391 4389 3378 1393 2392 3376 3952 2403 3512 3981 4528 4953 3912 2751 2466 896 2619 4132 2161 3567 1960 2009 957 974 2790 2241 1679 3819 4360 4797 2962 4272 3389 620 725 2128 2652 1523 4848 1457 441 4295 330 1314 692 3098 1458 803 4793 1797 4564 2005 4377 441 3889 4301 1135 3725 1534 1565 4076 3521 4762 1087 1110 2979 1400 3770 271 366 140 3037 4074 1464 3968 753 487 1194 1145 398 896 835 574 186 464 4784 4254 2872 3217 478 975 2108 932 3567 536 934 1261
4114 3695 3719 886 1277 1284 4068 2137 4113 4369 1126 4510 4975 4448 3677 3088 259 4775 1285 4545 2423 154 1284 2383 4162 3855 41 3476 3294 696 673 1027 3797 1687 4771 4917 3179 1551 4113 87 415 2939 3447 1786 473 2156 4153 544 802 808 401 2802 4045 1663 3292 3438 788 267 2629 3157 4772 3864 3323 3778 167 3156 3508 3190 244 4268 1326 3603 1420 1422 1632 4911 3171 4898 1845 1128 4820 3309 111 3119 1173 2461 2054 2635 4547 4313 1204 4334 3442 3828 927 2563 1746 1561 2353 707 3105 2807 1491 2339 341 2751 3107 2768 997 60 1963 3273 4230 4291 4607 4839 4856 2796 3339 1458 1145 3625 2963 4384 1621 2089 4553 3652 4399 3092 4248 2369 4507 3817 257 2918 3014 210 2616 2137
1517 3536 2791 999 3997 3409 697 4966 4151 1948 1137 715 3761 3838 1546 3003 2169 3872 2587 1523 4299 2028 3875 1635 115 1377 4222 2921 1609 3618 3496 2096 3391 284 2884 4509 4892 4616 1221 603 2625 4556 4324 3884 4193 231 4534 470 3417 2964 4388 4448 4934 1083 1234 1403 54 3343 4511 2918 307 1370 1873 538 2972 176 1026 4905 2369 477 2073 3383 2735 981 2581 2562 2657 2921 4161 595 1711 390 669 2402 3045 2481 2094 4960 214 1599 1416 4906 1521 4640 4967 1134 4472 1903 3222 753 1377 4447 2668 18 2699 3567 1784 1823 2884 3719 496 963 3030 682 3197 4066 3335 1617 3926 1018 398 2963 4528 3197 2158 4276 3910 1765 3463 3169 1971 3020 560 245 793 3338 3578 807 356 1726
2733 3759 722 4509 4358 2559 4847 349 691 2048 302 381 1122 2126 1239 2397 618 698 1283 4753 3113 645 3518 2919 2663 4920 35 297 3573 4823 3000 415 1672 4842 2797 2298 1030 384 4047 2534 3768 2616 1215 1351 3447 1267 1681 3974 2702 2545 4928 2872 1643 4492 1466 4302 2535 2164 30 2969 1328 4743 227 2997 1497 1484 2256 4350 2305 421 4656 937 3651 3840 1652 783 3303 465 791 1516 2322 2653 3234 1179 713 2225 2281 208 1312 3698 1195 1229 2396 2169 3826 4532 2005 2586 1340 2785 4048 3677 4015 168 1238 3040 3255 869 2213 821 4584 437 2690 4391 1313 2178 2636 3202 591 2530 896 4384 3197 4353 4349 59 2731 4603 3705 3014 4073 2737 1328 733 2398 1428 4092 919 3253 2136
4133 486 3716 3453 4171 4466 1835 3367 2474 2802 4747 982 1176 4845 3356 4069 1073 577 2475 4395 1236 4593 2113 199 1724 661 4851 143 1122 890 1856 1389 1852 604 1968 1820 4034 3643 2909 2761 2144 2873 632 3823 82 783 4220 3733 4774 2101 3940 4353 4847 40 2675 4000 4093 339 2021 1602 4751 3629 2992 1282 760 3524 2676 2728 669 85 1143 2528 3199 4618 2189 2379 2006 387 993 815 2465 3404 4729 3548 1958 1836 2093 4339 2471 2988 2400 15 3458 340 2362 1656 311 1569 1353 4849 1313 3923 2571 3135 4288 2992 166 2374 4628 3811 2447 449 4400 4777 3416 4384 974 664 3243 4831 835 1621 2158 4349 4524 977 4309 1842 1045 1081 2975 576 4513 1734 3478 744 2703 4720 3370 1903
146 1798 220 464 4285 2186 800 1617 3691 3963 1423 4198 3493 196 1517 3019 4420 158 2447 2026 2240 4519 4472 3854 4886 4566 1102 589 201 1071 2720 3903 1794 2880 1837 3995 4714 3230 4525 1976 668 4656 1465 4918 523 3928 26 2000 1817 827 3535 2833 1922 4360 859 269 1577 690 1498 4758 497 887 2462 962 3513 1734 2389 2200 269 2047 4903 1890 1773 2968 3397 1358 3615 267 4247 2387 1963 2988 1698 1566 417 2914 1784 2391 58 1031 997 2522 2513 607 172 2053 1518 1921 3478 2708 1474 3398 540 3302 3782 735 1871 4559 252 2619 3303 3657 3712 3927 781 3513 4905 2454 3299 2241 574 2089 4276 59 977 288 2538 2999 3977 1170 2636 3955 3754 3241 2116 4545 1085 3738 4162 3667
965 1923 1089 962 4813 1627 2180 4690 3632 161 2372 4642 4171 4528 1188 2587 2995 3372 1602 1649 4201 1468 18 2799 3018 3959 3539 793 728 579 2188 4851 466 3445 1936 4092 976 3178 3472 3551 4538 4199 2583 2839 3263 3068 3192 1147 3402 32 3886 4784 3014 1969 1234 1996 1554 3677 1953 4000 3949 1979 1649 4241 2218 1048 579 504 2505 1884 1155 2103 3142 2859 4598 2685 795 3853 833 2313 1461 4669 230 4425 2708 3454 2636 4254 185 3177 1651 4025 4482 3642 2078 3036 1420 1817 2610 3260 4422 765 4586 2479 2112 4406 1432 1809 4309 3952 649 3519 662 574 4309 1245 1985 2549 1641 4805 186 4553 3910 2731 4309 2538 2938 632 4579 2461 1081 4416 3573 4727 4263 2835 275 1515 2804 3942
2383 1795 1044 2994 4483 4696 3205 4208 3770 3349 896 656 1313 1302 3602 2999 987 2131 297 2756 1032 2678 3923 4781 2138 3216 2877 2046 815 3732 1431 838 978 1891 373 444 1571 2648 515 991 4543 3906 4472 4839 3092 2617 2125 207 484 3318 1674 1733 3745 4712 2607 4503 1992 1421 3494 4186 1103 2953 4967 3616 513 1261 3498 1686 4687 4185 3943 1330 3899 328 957 2312 2358 3915 3777 2942 2505 3705 711 1033 3054 1910 1342 4624 1158 4987 1570 1194 652 2936 2915 1622 4993 4224 3675 3986 1741 4286 4489 4132 234 4934 2663 2561 4032 4489 4884 1552 4598 4303 2084 2486 1264 4669 4281 2625 464 3652 1765 4603 1842 2999 632 105 4259 1234 1773 3181 4632 3268 2456 4658 3708 357 677 1249
245 1045 4667 4679 360 3389 4765 4684 4844 2621 1914 4915 3738 4521 4083 3893 4867 268 2566 193 1368 1940 3745 1679 3840 4966 1336 1647 4222 773 282 2135 4521 4003 1968 1202 4631 1602 2023 65 4395 4346 2985 1065 1178 1414 1109 3793 285 3161 192 435 2366 4959 3721 4837 366 4241 3310 1307 1699 4583 1374 170 371 3078 446 2755 2027 1880 2900 3348 570 2765 556 4382 602 858 3034 2934 3706 3248 4145 4915 4958 4604 3293 3201 3758 2151 4099 1737 220 1645 3990 4080 1052 2128 2708 16 2067 4802 2507 1507 3436 311 702 4854 3240 100 4595 3895 4688 1806 4121 927 1022 398 1337 131 4784 4399 3463 3705 1045 3977 4579 4259 2436 3460 3868 3782 1304 1996 1408 2188 3459 2889 1661 4569
1088 3239 3853 934 515 409 1605 4443 3430 3248 4731 2995 453 3850 4013 1789 2324 2608 1303 534 1707 3554 1937 3422 825 124 3134 517 975 3756 3003 211 2049 722 1326 651 1042 2037 1963 602 1757 3090 1520 3005 4145 4641 454 3445 2350 4387 4924 3791 4781 428 1090 1131 1152 3716 3149 2572 2336 4386 724 765 3860 2303 3383 2872 2508 2611 4130 958 606 3885 2950 814 3985 1881 2861 405 1392 1015 3359 3338 1555 3321 3739 2919 4418 984 2285 2511 2922 297 807 1550 1576 3660 795 177 358 1333 2906 1459 1234 3421 298 3717 4445 1602 4615 656 4565 3176 4659 4368 2427 2488 2328 2132 4254 3092 3169 3014 1081 1170 2461 1234 3460 793 1095 2043 3666 234 1865 4798 930 85 4516 3886
2452 4527 4041 2146 524 4112 3998 560 430 3474 1653 4152 3935 1398 1776 412 3513 1364 3655 1714 1965 1511 302 1560 1478 1668 2477 2443 3238 4186 3276 1399 4568 960 2292 2865 3353 4268 2569 343 3479 4165 3818 773 3210 1160 3193 1853 3047 4479 1319 457 4093 3059 1323 2453 975 619 3804 547 4925 1243 3530 602 1936 4232 468 3327 4101 2000 1858 2560 3925 4947 1558 2375 4261 4885 3192 3433 2192 1326 1710 945 4420 2862 1365 4581 2613 994 79 2594 1018 4352 2289 2057 1444 1617 3334 4346 233 3319 2149 4049 1521 1967 723 526 4801 1162 206 1492 4226 1050 3057 4606 3177 866 2059 3777 2872 4248 1971 4073 2975 2636 1081 1773 3868 1095 1524 389 3187 175 3526 1173 3268 1304 216 3904
4072 3815 333 3761 746 2632 3465 1886 3103 4440 653 3716 1858 1115 2022 1488 4428 2295 1591 3501 765 3050 865 4440 4437 1621 461 509 4435 661 2106 985 2165 4981 3049 1625 2813 20 622 2503 4761 4574 3561 1777 225 1717 443 2235 1265 85 2038 4488 3534 1685 1334 2249 1429 1229 2529 1914 3919 1214 519 1895 31 1277 2776 1340 457 3161 426 1346 3329 4562 4333 2780 4709 1662 3604 3005 2867 4018 1017 1642 343 2925 399 1943 2971 1056 323 2490 2015 4104 2389 1345 4819 2524 2460 179 61 3063 4860 3053 2353 2370 3434 1444 2203 2572 2186 3269 3506 2848 4370 3540 3495 1196 1058 4420 3217 2369 3020 2737 576 3955 4416 3181 3782 2043 389 4271 20 3841 257 2746 68 323 4247 98
4411 1567 1029 1705 4923 4445 4595 4521 1592 3563 1179 4666 1145 693 3191 4607 4503 1321 1896 464 1076 1757 3799 2055 1394 3176 1962 122 1315 2269 151 682 841 585 2937 1146 4828 3615 2392 4907 4410 4336 2697 84 500 1739 2923 2652 2900 67 376 3675 1381 1090 4678 1233 3008 2642 3967 1131 2652 1181 572 147 4196 2828 490 4938 4782 3337 838 2587 3032 3586 2881 3328 3457 4466 2832 4605 1210 4427 2715 3919 511 3443 2556 1627 3141 301 492 4700 4302 2759 3693 3282 2964 1048 937 2473 1531 4822 1817 3484 2316 3648 2900 2948 4047 2655 1635 1605 3844 3069 4446 1573 788 2845 1589 4666 478 4507 560 1328 4513 3754 3573 4632 1304 3666 3187 20 2211 3810 4935 1692 3553 3250 1125 2050
3993 2752 936 998 1227 2318 3430 1654 3305 1983 2695 2825 4315 1894 4524 378 1370 215 1507 3442 3167 4004 4732 3429 3756 907 4544 3896 1556 1286 4714 547 3884 3966 3699 2954 3802 549 2598 4517 991 4663 283 1558 3989 4966 1148 4736 4039 1976 2046 514 1528 1692 673 3308 1664 3857 229 3202 4591 287 3266 3997 612 803 1175 1241 888 710 4440 2100 2146 2941 4672 1809 567 3619 171 1808 4162 3637 2746 473 334 3095 3697 1678 4055 2621 619 807 3433 2317 607 2949 319 4048 4659 3578 2472 1579 897 1452 2412 3019 3930 2823 2376 4273 972 2791 4423 3377 2542 3172 4290 2706 4398 4577 975 3817 245 733 1734 3241 4727 3268 1996 234 175 3841 3810 2493 3358 3811 2154 823 1994 3686
4660 196 407 4030 3652 2743 4707 941 3769 4354 2729 160 3365 4135 4038 1675 3752 4219 3939 2884 645 125 3846 3044 3066 1805 1120 1097 3143 3115 3766 342 2404 199 2603 3576 1567 3286 4812 4282 3181 859 3136 4477 1996 3064 899 978 2202 2129 598 4070 2373 4625 1035 1198 109 2181 4047 787 2033 3139 2079 1959 597 4183 1362 263 4492 1348 3676 2673 1081 3422 1829 2710 3151 2175 2653 3590 3018 4905 3507 2743 2787 3450 146 546 2948 4783 4050 3507 3980 747 2207 1587 2731 3849 4383 3371 1496 394 260 1844 281 2417 1690 3567 277 2599 2773 863 2319 3539 2860 1685 2558 1632 4771 3870 2108 257 793 2398 3478 2116 4263 2456 1408 1865 3526 257 4935 3358 723 276 3213 1177 4360 3415
1909 4829 593 1730 3559 548 1973 2593 4231 2369 1496 3630 3355 955 4116 2704 2904 1339 1836 200 3751 3063 4585 4747 2058 761 4502 870 4406 933 4162 2382 1460 4925 1151 4122 3131 2797 56 3051 2246 3480 484 2175 3334 1527 4679 3726 2532 2075 1003 1017 1477 2991 4247 1169 1176 4273 3226 1275 2350 2504 1286 3370 2702 1987 1688 2015 3309 3072 355 2014 1336 1528 4068 2153 4507 1053 413 2465 3579 188 3176 2014 4564 3685 554 187 732 2896 583 4978 812 2899 3466 3177 311 1263 3941 2973 547 3411 3730 1544 2073 4794 1119 2481 4957 2758 4623 4932 4634 3408 1491 1202 2678 2740 1393 274 932 2918 3338 1428 744 4545 2835 4658 2188 4798 1173 2746 1692 3811 276 90 3666 2677 516 4073
3144 1516 4429 3724 1113 16 930 3620 4271 3205 3978 2480 68 4911 3668 4184 3096 2478 1940 4055 2163 2875 1123 2469 2086 1603 144 2521 2597 3863 1892 2620 2135 2726 2318 1802 4080 3305 3345 4953 4374 2755 4857 1503 3751 2795 132 2592 3739 1283 3829 1690 2266 4111 1701 4526 4426 2911 105 1629 341 1219 1539 3687 2809 1620 4543 2074 225 3333 3260 1436 3491 1596 2624 4866 326 3373 4642 3905 2674 3144 4090 4188 3569 804 1841 4851 549 962 2299 3030 4992 1974 3663 2644 84 1202 702 2292 872 4797 3604 4591 3275 4075 3385 2626 912 2992 2321 2729 55 2574 4524 2732 901 4125 128 1610 3567 3014 3578 4092 2703 1085 275 3708 3459 930 3268 68 3553 2154 3213 3666 2556 4092 4039 4648
1459 4321 716 4171 4931 3843 1151 2152 3369 3511 1998 4313 1234 1605 729 3224 1844 4598 4225 1573 2258 3910 3850 3419 1975 4110 3428 952 1452 1313 409 936 2827 4747 1210 3229 902 3154 693 4929 218 3978 3251 672 2855 2473 421 2840 637 813 2037 221 2293 2070 2949 1711 4157 2876 4433 197 3646 3322 755 1904 3546 2937 3574 4000 4702 1605 2774 4085 2398 1687 3052 527 66 3427 3719 4532 2713 911 2177 1277 843 45 2236 3413 1007 2057 2828 1031 1034 543 888 3868 1942 2041 338 4475 4883 756 443 4819 2938 2031 3848 4913 3585 3692 3097 3410 2456 3291 104 3876 2529 2409 4243 419 536 210 807 919 4720 3738 1515 357 2889 85 1304 323 3250 823 1177 2677 4092 3986 2861 4183
4634 4427 2106 3912 2885 887 3824 391 1250 3514 1043 4854 4765 4137 4751 2436 1813 4115 1384 4687 892 894 2158 829 4065 4913 1066 3554 622 272 2955 1249 766 1307 417 2620 2612 4201 849 3010 3265 958 3491 1862 86 755 3752 2805 1274 1811 3627 1425 3417 4482 1413 179 3988 484 3684 3298 76 4703 1867 4613 1997 702 2517 1624 3658 3992 508 1063 2697 4968 3748 4887 4433 2212 4155 3619 172 2566 464 2082 4114 2104 2009 383 1305 3873 4068 2450 476 1870 2997 1914 1915 95 3063 4620 2009 1676 1292 1386 1180 144 851 282 4926 257 89 3728 247 4103 2179 664 4935 4720 1871 2194 934 2616 356 3253 3370 4162 2804 677 1661 4516 216 4247 1125 1994 4360 516 4039 2861 1522 4969
3015 4100 3183 2275 482 4905 729 2252 826 396 1153 1567 2103 1083 1176 4244 1714 654 4654 3784 1017 1667 2681 3628 2567 2782 1726 977 4104 1161 2924 1991 4602 1124 3677 1122 4841 1433 3602 1710 3127 3425 1936 409 208 1134 4182 4345 1989 1306 2743 2335 735 1383 2196 1009 3427 2334 1453 2571 80 3861 2278 4255 2713 1312 240 2958 1127 1100 556 3073 4446 136 2992 4877 2806 4953 2760 1802 3617 4825 2322 1841 884 1425 4428 4860 1178 656 2488 1462 4518 2270 1815 3525 3745 701 4458 118 4367 4169 1708 4909 1053 2500 993 4237 2100 503 2351 598 518 1448 1064 856 4462 2397 4876 2280 1261 2137 1726 2136 1903 3667 3942 1249 4569 3886 3904 98 2050 3686 3415 4073 4648 4183 4969 3507
