N: 140
M: 20
Symmetric: true
Triangle: false
7 85 106 50 89 128 9 111
9 36 88 52 72 74 48 45 107 10
11 34 75 62 92 4 71 135 60 51 84 68
9 54 79 121 27 132 134 13 112 12
8 100 42 124 15 86 96 18 109
6 44 58 65 90 116 114
4 23 122 1 59
7 115 80 22 32 43 28 29
6 31 38 46 35 14 129
9 61 11 119 26 123 6 24 66 16
7 73 138 113 70 87 133 127
4 56 137 76 41
7 131 3 8 97 105 110 136
6 94 139 47 69 21 2
14 7 20 91 78 120 130 101 5 63 64 67 39 95 17
7 83 103 57 104 37 40 108
4 93 82 118 55
4 30 19 33 140
5 117 25 126 125 98
6 102 53 81 99 49 77
1417 1996 475 1381 4262 4505 3957 910 918 164 309 445 2419 2367 2857 3915 2560 2871 168 4017 880 413 300 2066 1486 2059 522 4212 439 1302 187 599 679 2936 4393 383 4902 1003 680 1394 4421 667 487 1557 4249 1221 295 984 2774 3860 161 4727 3602 177 873 1315 1849 3696 2061 4232 920 1762 4305 274 1005 2077 2986 89 1912 1821 3897 4238 4792 3440 1447 4850 2218 587 1929 4638 215 4698 2936 1083 788 1943 127 4955 505 2502 411 2473 1126 4298 1583 1672 1266 2453 368 1973 902 4592 952 4814 1207 1746 74 2446 1233 3289 2166 186 4611 4929 118 1315 2295 4865 1884 4536 4777 2386 2158 2738 4475 3159 4678 4183 2774 3723 2879 503 3682 83 4867 4642 1112 4484 1461 3438
1996 1699 4261 1094 4588 1861 1136 4645 950 3581 1302 1379 2386 4849 1749 1187 1708 719 3431 1114 1718 1630 4806 1628 3456 2033 3777 975 1616 4398 2978 1655 3597 2527 3470 880 4875 4531 86 1914 1795 2148 4785 2299 4929 4573 3413 4523 4371 200 2964 570 2638 2798 1280 1718 2204 3709 3335 395 3261 1115 971 124 1198 4423 1975 2812 3547 968 200 214 1427 2693 4055 1201 3588 4053 129 3866 1244 3308 3475 1020 4721 2755 86 3128 4195 4926 1933 1600 2613 2264 2714 102 49 1440 3863 753 656 3995 2359 1845 2972 1700 1857 4268 596 1842 3594 1030 619 812 407 1552 2117 2653 1194 965 1671 2929 2759 1957 1689 2595 4658 2202 2320 2029 3532 2201 2038 3700 3626 718 3299 1033 3985 3208
475 4261 830 2828 2052 3257 4680 2181 1975 299 4472 1140 4825 4179 3833 617 1413 1350 4480 1058 3402 3267 2149 4039 1346 2140 523 4631 315 3641 1232 1911 4642 4247 4625 811 481 2387 3041 1345 2547 2781 439 3247 2517 951 4083 415 3764 169 4147 4418 841 4756 2794 736 386 4649 3271 1158 4395 4676 627 3329 1723 4728 4038 3588 1691 1082 4245 4333 3129 4055 3951 4536 2311 1594 4286 2003 2616 1230 4610 4827 965 209 3766 4217 1260 443 2333 1325 95 4540 2081 4411 188 795 395 4884 1285 4928 1250 2608 2301 3116 337 4631 1587 278 3386 2610 601 3317 4349 4053 2945 1381 3942 1417 1405 4831 4300 114 3572 4967 1571 4616 628 3918 3108 708 1845 1017 503 4483 4156 848 4455 2858
1381 1094 2828 3224 560 2756 3669 4978 3038 4795 1985 27 3042 4016 3010 2377 4296 1988 2148 4671 1692 1666 859 3261 4151 1629 824 2114 2299 1854 2877 1710 232 4666 2096 3999 1758 33 1608 1218 398 909 3068 726 668 907 4181 1211 3455 368 4745 723 1686 3780 3881 3709 4940 2283 1234 3962 2167 2515 776 534 3344 1485 4398 1016 998 4555 2257 1797 4158 3618 2157 2146 3548 4608 4138 4899 3431 737 711 3563 1291 906 4986 4509 4385 3336 4110 1821 723 4619 1991 4120 2571 2562 1733 4809 2657 3207 1500 3557 3755 2199 654 3604 2512 4526 2784 4900 3289 2298 414 4948 685 1886 2371 4348 3121 4982 3316 4248 95 4273 3679 4017 2653 870 21 3420 3415 1347 2342 4561 2360 116 4677 3055
4262 4588 2052 560 412 2663 1039 173 2387 3545 1438 1000 4924 401 4042 356 4539 897 2293 4432 919 4744 2654 3388 1105 3148 413 3207 2732 4159 3335 1155 4287 3071 4619 922 3934 2987 959 694 3984 1618 91 2266 1938 137 1385 657 3694 1101 2709 304 3406 4129 1035 1558 3986 1468 3762 1687 284 1425 2207 426 970 1321 4880 357 557 3989 2618 556 1205 3617 2820 1649 111 4180 187 1392 3829 3697 837 2304 1471 2036 2625 1775 2784 2065 2610 3140 3150 2149 2602 179 3145 739 1714 4079 4297 63 4851 1789 3958 4766 2510 2139 2886 3897 2064 3009 2288 3968 696 1001 1276 4092 4463 3042 1135 1325 2620 4121 831 783 387 3221 4317 235 4187 1690 2962 1023 2828 3207 3432 2229 1330 1901
4505 1861 3257 2756 2663 135 3464 1139 2047 3768 956 3355 4763 1364 3219 3101 2480 2962 3735 3442 328 3460 4880 2666 4972 1233 3651 4966 2670 3693 2355 1861 2956 3237 3464 2194 3847 3968 1803 2307 309 4375 2109 2880 1977 796 239 1407 1176 3070 2819 2060 348 3291 1011 1661 140 2127 2374 3329 3021 3320 3827 157 3367 4234 1135 3511 4789 3127 4710 1126 2552 4821 503 3985 3740 538 436 303 911 2818 1684 2495 3824 3092 1505 3899 919 3797 3941 3654 4433 3114 4232 570 344 1465 1632 2530 311 1048 3484 1047 2630 1784 1087 4800 1127 2815 3325 4100 1092 2882 4836 329 4489 240 4233 1282 233 4025 1429 1388 2448 586 54 3552 2883 1717 4737 327 184 1924 3710 4297 2877 4075 2709 1911
3957 1136 4680 3669 1039 3464 4068 665 3446 3461 590 4275 1368 1865 483 1534 3646 2035 4606 654 680 2837 1454 1177 1045 1646 4740 4813 3865 4890 2421 3028 1731 4673 3370 4647 3457 2637 383 3753 3436 4339 383 4790 4468 2634 1696 1605 1285 3156 3008 1624 4231 3991 2520 2819 3945 1998 4992 3389 2103 1224 906 4179 4297 4157 2022 33 4341 2489 2820 4237 2261 3870 846 3303 1732 4478 3636 3954 3109 4278 1887 3851 2747 4858 829 762 4926 2968 2089 1486 3477 597 2293 2208 3263 1737 4202 3866 1814 1408 4148 677 611 4108 3927 2571 369 3254 380 950 3017 757 1369 241 3302 963 2668 1478 1255 2807 3890 2455 664 4744 1226 1654 2485 1166 3151 4193 639 2108 2192 3949 3910 2118 1423 3532
910 4645 2181 4978 173 1139 665 52 2529 4039 3140 3629 638 1461 1282 2469 570 4192 1768 3803 4743 3767 1718 2424 2455 1711 4203 1754 1615 3916 4945 1192 4917 1520 2138 871 3549 2019 2037 3593 2114 4054 2577 2355 1297 3721 230 417 540 1930 433 4996 595 2929 1031 2048 1906 4581 2219 3640 2881 4457 1926 1496 2002 3390 1729 3891 3785 4846 4122 1849 388 2889 2022 193 4397 958 1535 307 4996 4266 2146 4354 3500 1999 3574 3216 2279 4524 2100 4044 439 1572 504 3605 1814 2573 3302 3661 1763 1435 1104 3220 4481 2905 1283 2895 3028 1918 3640 3653 1885 3951 4432 4382 3042 4321 3489 488 3900 4647 4692 349 2442 590 1889 2786 3635 4203 1264 4980 2341 1132 1692 4900 3728 1877 4644 3010
918 950 1975 3038 2387 2047 3446 2529 2395 2538 430 75 717 229 1550 1188 1501 2138 1659 617 3879 1247 3395 3000 1876 1570 3882 44 4982 1382 4250 3989 4358 4241 4697 408 3321 3916 1498 4143 2630 4840 1335 175 4622 657 609 2957 4655 1788 696 1798 1858 4336 4420 3560 4149 2085 460 1758 2745 1752 1083 1079 3168 2002 2850 4133 2598 240 688 3860 3284 1939 2177 3567 2946 490 944 1901 2167 2610 3129 4141 1934 1482 4659 230 3747 1531 2978 4350 2094 1318 4378 2011 2896 3738 4180 4879 491 164 3020 2151 406 1398 1594 1614 1421 1383 4308 4096 3803 1353 3334 4758 1895 2973 2470 3261 3963 1335 241 2867 989 4720 3580 2452 1121 3010 3507 3990 1282 3137 3452 3149 2256 4390 4816 2672
164 3581 299 4795 3545 3768 3461 4039 2538 1015 4929 1486 1080 1705 592 3083 3784 20 1663 60 383 778 2869 148 2274 3610 3105 2255 1998 420 2574 3168 3332 4125 696 13 2799 4316 2395 3859 4545 3130 4894 2838 1868 3875 2321 1408 1072 4624 3985 2439 1085 1928 2871 3702 331 4773 4391 2255 1589 3698 2349 2599 1115 1180 731 2301 2911 2203 434 4993 4087 4103 4619 2120 387 2582 3082 1785 2642 2810 1432 779 802 1659 99 4645 257 4194 512 542 493 4068 2150 1379 223 4558 449 502 3614 1063 2856 4958 3615 2690 3232 1054 2836 267 892 3789 1615 2972 201 2950 714 181 380 3417 3596 1886 566 2413 4070 1590 1196 527 4816 3340 3323 4142 2567 4378 2309 4143 1065 3974 3017 311
309 1302 4472 1985 1438 956 590 3140 430 4929 3699 285 2317 138 4287 602 2427 1523 2039 2942 597 4223 3678 4273 4014 1196 3761 3081 2717 3219 3720 2909 2878 2322 3950 388 4607 640 1014 4433 3396 3561 4765 4554 1325 2121 1105 1884 2699 4011 2948 4903 3675 1803 4984 2771 2400 2738 1258 2610 2273 1020 99 2620 2220 1695 4112 413 1591 3639 2135 1631 4799 3888 2384 2820 2391 427 2788 1361 104 4203 735 3253 4050 4586 989 2833 3446 2884 3072 3885 1518 1158 2417 4691 3815 3821 1861 1464 4725 1748 3371 1698 1445 2631 652 3581 615 4146 4132 3372 1333 2787 1293 939 1315 851 3239 4796 3910 4083 3879 3441 137 1186 909 669 3047 2615 3647 256 2822 2900 3548 4190 1919 2082 796 4744
445 1379 1140 27 1000 3355 4275 3629 75 1486 285 1409 2850 1796 4246 352 3578 193 3822 4886 3188 936 4675 3567 2826 3788 2164 3914 998 2483 3079 4794 4092 1512 324 4938 1747 3127 3174 1057 3001 2384 3339 405 1207 3621 4098 2238 1615 2505 1537 4692 4761 3686 4546 3703 3333 4494 600 3019 4410 1360 3372 4261 3736 104 1558 277 4604 3575 3226 483 2667 566 1366 708 3253 625 4324 1790 4452 1428 2403 4576 4663 1847 3056 300 496 2604 467 4480 4287 2151 152 4561 1246 2059 3080 633 4996 3363 1901 4720 3742 1691 237 2143 3389 3382 1052 4108 3542 3317 1410 3951 2277 2233 3646 199 48 2185 4303 2085 2894 585 1186 2709 4271 2985 1895 303 3880 837 391 1993 529 3781 1733 3736
2419 2386 4825 3042 4924 4763 1368 638 717 1080 2317 2850 3760 4758 4637 3131 3927 2273 2814 1104 1746 3377 4054 1457 2895 2294 3436 3892 203 471 1517 2502 1703 674 3795 4542 4077 4226 714 3752 4787 2019 4496 2430 2667 460 4632 2436 4576 4176 1928 3481 2500 1296 1085 3041 686 4095 1719 1204 4881 3363 4713 4591 836 4466 2907 542 780 4271 4214 1007 3396 1266 591 372 3104 1371 3240 3973 631 2636 3864 3551 3169 225 1721 4889 2999 1624 2129 2867 3718 4688 45 2759 4456 571 2160 3132 1759 4297 51 2612 576 4090 4073 2545 2376 297 908 1795 3961 2526 3960 790 4435 194 3192 2127 4090 713 3642 4275 1557 3518 29 3199 4427 1824 4361 3882 3247 4480 4779 3883 4759 3364 3584 3928
2367 4849 4179 4016 401 1364 1865 1461 229 1705 138 1796 4758 265 2327 4713 1863 3258 708 2907 1139 2076 3746 4716 4678 1292 1656 486 2347 2449 4785 2826 185 986 2055 2940 3916 4386 42 1371 3396 4771 297 4512 264 1445 1889 4333 610 958 1387 1886 3560 1048 2291 1517 2088 2087 3321 2870 3004 2575 226 1716 2034 181 4811 137 2288 1652 1582 1911 236 4741 215 3343 3565 2073 3122 3153 2530 1175 4312 3729 4902 2581 1831 3573 4514 4667 507 2579 4082 2430 3987 1397 3601 2370 950 2300 3677 4357 4338 914 874 3937 4240 1772 3401 4120 717 4747 1063 4148 2205 3294 4619 2791 1091 3614 3866 1803 2468 4812 1122 4470 520 3798 2483 3275 92 375 4194 913 2509 2203 2823 3992 43 674
2857 1749 3833 3010 4042 3219 483 1282 1550 592 4287 4246 4637 2327 3199 2584 4074 2331 1159 4236 12 4487 4636 4497 2350 136 3351 2936 2450 1170 1355 2244 4208 3436 4603 3520 714 4469 4701 100 4165 2293 1315 3879 3326 2689 339 3916 2522 714 712 3972 3170 4298 4162 356 4974 3884 3105 2708 3183 3318 3890 457 1959 3902 1689 1858 4434 1178 818 3822 275 3071 2250 4767 2464 264 913 2921 4834 1207 2368 1550 3075 956 3021 4016 736 204 1694 1987 3986 390 1259 4875 549 3363 4680 478 2881 4413 1970 2821 4998 3236 3511 297 1355 543 4435 1247 632 251 285 4818 4156 4578 3114 252 2362 3486 1088 239 4820 1878 4968 4887 3193 4864 2862 4762 2131 1181 809 2647 33 3724 4362 422
3915 1187 617 2377 356 3101 1534 2469 1188 3083 602 352 3131 4713 2584 2862 4623 900 1694 170 2398 1946 4914 3660 2923 2250 742 4869 4487 2936 3416 4953 2987 3574 3221 1011 1008 1328 997 1163 728 4924 3537 2690 517 4259 3896 4681 912 1915 3880 2046 2917 1074 1604 945 2527 3802 4458 3399 3653 3296 1396 4963 1767 4879 4954 1284 3190 4157 624 2145 4914 814 4829 2999 987 2513 2520 4836 4228 928 2847 4673 1681 1700 201 4152 3051 747 434 1746 4572 4613 1383 4789 3867 3344 1188 2137 4165 2970 2804 660 1883 3556 3986 3205 2507 4895 1348 1553 176 3400 1085 2075 730 2725 584 2110 4297 1521 4388 2200 2352 3894 3524 1578 1814 4993 4282 4166 435 1682 4697 3095 1491 2260 1289 2653
2560 1708 1413 4296 4539 2480 3646 570 1501 3784 2427 3578 3927 1863 4074 4623 2063 2895 3744 1369 3903 4280 2556 2600 3714 3186 892 2593 3349 900 236 3147 3160 4199 1392 2794 3968 3911 2650 2657 2214 4129 850 2496 3495 1393 2747 987 3421 1071 4345 1344 940 244 4310 1593 4114 3027 2373 730 3024 3553 2804 2591 3726 2647 4591 2972 4644 475 4162 446 1358 2319 3826 2159 2557 2490 384 1364 4245 84 586 2119 3827 2639 1346 1847 1059 4258 4964 243 2655 4327 4986 361 4121 3176 2607 2092 2843 4190 376 1671 2483 1627 3364 134 664 3081 165 3818 2694 2901 2839 4334 122 1999 4613 3495 3891 3575 2521 4720 3809 780 1893 3703 1163 2731 2313 503 1971 1897 2003 3949 3454 3500 3259 85
2871 719 1350 1988 897 2962 2035 4192 2138 20 1523 193 2273 3258 2331 900 2895 4134 2306 1707 3875 1294 1806 4321 1195 3050 1996 2788 4277 4634 2130 501 3542 4578 3393 229 3564 42 2742 1446 4100 1622 1083 3871 1835 1281 1955 4235 3191 3250 1423 960 4049 4592 4407 4201 4624 3556 4416 910 1800 4119 1765 34 3443 4371 3488 1509 2075 4005 1362 1164 161 2814 3579 4018 4722 2416 3341 4383 4076 2077 2413 2117 3967 808 3931 3992 536 335 4620 558 2885 4719 1708 2344 580 27 4689 298 4668 1080 1842 771 1793 1459 1948 1638 43 769 2137 3603 94 4134 3695 1240 4342 2526 3945 2570 4560 3980 4143 2828 4254 3870 1039 1085 456 1840 1132 3901 3877 3643 4232 2622 4865 3871 3658 2618
168 3431 4480 2148 2293 3735 4606 1768 1659 1663 2039 3822 2814 708 1159 1694 3744 2306 4955 2759 1889 1355 4656 426 2075 800 4620 3984 3870 810 2116 1376 4652 4663 2930 661 1703 3461 656 2212 1472 297 3490 4343 318 602 1797 4902 3983 3221 2105 885 3332 3971 617 300 1533 194 4144 443 535 4008 3067 3036 1378 4173 2418 3010 3773 3101 385 1235 1457 1066 1964 3445 2842 2777 1074 514 819 3596 4597 100 2877 2360 2316 242 4665 1561 1989 3694 3683 3985 584 1447 1395 3515 4329 1779 87 971 2272 200 3313 4913 2744 1751 2966 36 1184 3568 427 2816 3872 4163 2996 727 2990 692 17 210 4232 2163 2147 4846 1552 4443 3703 1808 2365 3582 1360 324 107 3371 2133 644 3867 1940
4017 1114 1058 4671 4432 3442 654 3803 617 60 2942 4886 1104 2907 4236 170 1369 1707 2759 99 2331 2112 4099 3595 4220 4974 1152 166 2717 4066 3039 1980 547 302 1246 3891 3412 2153 3630 1238 2487 3942 3470 621 463 2003 4700 3201 791 3735 2755 4183 2424 2796 100 663 1272 2950 2124 3281 1778 4052 3427 2828 2449 4826 3174 4840 705 3233 4526 3378 1717 388 2480 4506 4356 1836 714 3460 949 4465 2616 920 546 264 1024 4287 4528 3466 4515 4800 4022 4813 3448 1742 617 2966 3574 3527 3302 4850 1663 1179 4271 747 4294 4831 3566 1381 3438 1804 2048 4970 1125 4178 3814 1655 1099 60 4093 4241 1129 2560 3243 4446 2881 64 4228 4786 4510 3080 4165 1940 3526 4279 3112 2961 341 4429
880 1718 3402 1692 919 328 680 4743 3879 383 597 3188 1746 1139 12 2398 3903 3875 1889 2331 2846 2023 4264 678 2853 2303 4395 2591 4928 4127 4784 1480 2929 904 4183 629 484 3580 3167 132 1030 3552 811 1791 1271 636 4499 4465 2459 3199 3660 3840 713 4230 2975 2598 2566 2713 2618 2564 2127 763 1375 2747 3450 4727 4963 4533 4491 3915 1268 2375 3444 2842 2393 1587 4369 4206 2644 3718 1406 607 227 3475 1231 4561 97 965 4712 3042 2276 885 1082 4884 4319 3506 3552 1896 240 2173 2061 924 3342 442 644 897 4495 2669 1152 544 3628 2901 4581 3158 836 3533 4980 88 1914 4613 4304 3769 751 1975 4689 3568 4266 2114 3532 971 28 4988 863 2094 2423 2922 2127 4279 395 4624
413 1630 3267 1666 4744 3460 2837 3767 1247 778 4223 936 3377 2076 4487 1946 4280 1294 1355 2112 2023 1412 4022 2365 2116 4714 3196 3856 320 2026 1191 1344 4977 4367 3625 4773 4378 4972 3082 4086 1156 4097 2390 4670 3006 1449 3398 4646 4905 1781 2514 849 1527 4677 521 3941 4683 743 1455 4889 1333 3638 3520 2205 4011 3121 2102 2505 3303 3723 3989 3250 2549 2547 4496 3143 1373 1519 1844 2986 174 582 794 851 3329 99 1770 842 3368 2316 356 640 4936 278 4570 1084 2039 1423 2095 1431 3288 2927 444 1985 2553 2773 1592 402 1770 2863 1008 4724 4077 4150 993 1342 234 1817 4661 1639 3989 3021 3782 793 4043 3421 4212 1231 975 2234 1121 1177 3665 3491 4160 404 830 3369 2564 4218
300 4806 2149 859 2654 4880 1454 1718 3395 2869 3678 4675 4054 3746 4636 4914 2556 1806 4656 4099 4264 4022 4300 1848 4181 3581 3720 2763 1268 4988 2615 3304 3977 1447 1669 4495 2718 2409 148 225 1545 2789 492 2008 1456 1812 3640 1664 1780 2899 441 3039 3771 3149 4347 2380 683 2414 4367 1352 3742 1974 1787 3469 2327 3943 3297 3225 255 2919 1166 3503 321 1041 1877 4681 3540 2718 2734 4345 3767 1903 3851 4738 3462 454 4486 4454 1986 2436 759 4644 3175 1595 2855 203 2907 2289 4700 3473 3300 4526 988 4746 928 901 4479 2702 3086 565 218 3471 173 1898 4800 3791 626 3637 2735 4748 3144 4999 2242 3072 2383 579 1537 1647 1912 4270 4636 16 3657 1312 3902 141 941 1243 3135 2996
2066 1628 4039 3261 3388 2666 1177 2424 3000 148 4273 3567 1457 4716 4497 3660 2600 4321 426 3595 678 2365 1848 2468 440 2651 3595 4190 1550 2766 4976 1770 2053 4495 2075 3091 68 3401 2012 27 1768 3882 2213 2771 4261 2878 3980 1164 3397 415 3564 887 1038 2648 1925 2680 4877 3399 2767 1752 1884 1609 2629 3998 819 2068 4513 1835 2613 1201 3765 3986 3100 1412 4170 725 2751 1713 3083 2677 4481 263 578 3968 3765 1064 453 904 708 3314 997 2018 2082 1712 867 3047 4698 1191 3728 2253 4536 3635 504 2458 2277 4662 3377 981 576 1287 964 174 1215 2822 2699 682 1805 1648 1301 1763 1788 4405 3483 4354 4248 4037 4111 2796 2503 981 1769 2901 4495 4950 2423 1403 4450 3343 2852 96
1486 3456 1346 4151 1105 4972 1045 2455 1876 2274 4014 2826 2895 4678 2350 2923 3714 1195 2075 4220 2853 2116 4181 440 2430 454 514 2734 842 1035 3673 286 2594 273 2786 477 4875 1393 3806 1239 4728 4955 3205 3866 4303 123 817 2462 4715 1560 4410 4654 3916 4105 3651 1649 1489 3788 380 4839 4153 4959 2834 4892 1174 1278 3051 4303 4196 3644 131 729 1273 2677 89 4621 4006 482 2429 2743 97 4428 2378 3538 87 4091 2310 3269 4950 2985 4648 4252 120 795 2547 1763 331 4874 697 2558 871 1750 4447 2537 2821 2584 4924 2452 4731 2799 4432 2731 312 1732 212 240 3748 872 2707 412 484 4712 1994 1243 1525 4174 63 30 3843 4174 2453 3224 87 4095 4240 4138 2099 1017 1852 1233
2059 2033 2140 1629 3148 1233 1646 1711 1570 3610 1196 3788 2294 1292 136 2250 3186 3050 800 4974 2303 4714 3581 2651 454 794 646 2435 2112 2594 3480 417 4963 338 2666 3153 3700 1524 4829 4403 3538 2276 920 1061 3335 527 651 1357 2089 428 887 3354 416 1310 4192 4048 2786 583 3380 3596 1448 2338 3309 925 4578 1121 2799 4661 2447 3632 3183 2363 696 3736 2483 3151 1697 2578 30 1962 445 4977 4189 1427 415 1178 2643 2162 119 4281 2189 249 2626 918 3858 183 4033 3079 3826 1015 4571 1048 4188 2898 1406 2984 3009 2926 3914 3523 4855 4405 73 1408 1439 4237 1271 2559 469 1908 596 867 2002 259 4878 1607 2219 928 2842 706 4319 4501 654 423 2559 1279 1364 231 1215 1039
522 3777 523 824 413 3651 4740 4203 3882 3105 3761 2164 3436 1656 3351 742 892 1996 4620 1152 4395 3196 3720 3595 514 646 1029 738 3201 394 3199 465 1114 2346 138 3246 2750 3101 1962 1343 60 353 3355 1494 1235 4455 1047 120 3236 2363 3605 840 3106 1210 3899 3446 4618 2233 707 562 4804 2384 889 33 326 1674 4865 4203 22 4222 1971 4075 4594 4136 684 3453 2002 4654 394 3237 2300 2715 4151 1570 3522 4510 1402 181 1037 1294 3549 993 1626 2399 4623 1128 4807 4835 3602 902 1915 4409 2900 1041 2954 1681 538 1530 4389 4700 1741 1559 2833 3420 86 4423 1017 3235 3954 2156 2106 1367 3509 3468 2154 1445 2834 2673 1454 810 700 3334 2850 3774 238 1223 3501 1711 2437 3305
4212 975 4631 2114 3207 4966 4813 1754 44 2255 3081 3914 3892 486 2936 4869 2593 2788 3984 166 2591 3856 2763 4190 2734 2435 738 3656 769 4424 496 4421 773 429 1681 3861 2028 784 600 3005 4407 3592 2755 3341 1682 285 964 3998 1491 3239 2138 3485 4384 4694 942 1080 3876 812 852 869 3735 117 3670 4820 3964 4149 4970 3697 4831 3117 32 3919 4574 3740 2729 1537 3330 1653 3901 4155 1168 2719 1094 794 4241 4777 1152 2741 273 3823 570 2264 4350 4734 531 1665 3778 4328 2784 2229 4673 12 586 2649 1080 3438 444 4896 3960 3168 176 2833 136 606 4338 1533 931 3096 2933 266 2423 1868 1603 4014 1731 348 2449 1071 954 4926 1445 3454 1926 3378 3238 981 1133 3735 2301 1810
439 1616 315 2299 2732 2670 3865 1615 4982 1998 2717 998 203 2347 2450 4487 3349 4277 3870 2717 4928 320 1268 1550 842 2112 3201 769 328 3415 1847 1030 914 928 1079 4992 4783 125 4205 3245 2828 2650 4553 1556 303 2939 4206 441 3713 4704 3377 4907 334 1256 4650 4604 3463 2009 2350 1837 4595 792 613 1873 926 1204 1624 4472 2022 777 2164 1573 1149 4263 1222 4475 286 1401 2011 3491 1472 1282 4479 3069 4782 1541 1499 634 4370 549 4124 2263 2503 2834 2936 4380 4379 1779 951 182 777 1660 650 1145 3002 3907 3287 3392 4450 2200 2660 3765 1909 3096 176 3771 1198 4669 452 2182 353 1989 967 3998 4565 3426 1972 456 673 1074 948 1218 2360 3612 2349 4304 2310 2789 4481 4821
1302 4398 3641 1854 4159 3693 4890 3916 1382 420 3219 2483 471 2449 1170 2936 900 4634 810 4066 4127 2026 4988 2766 1035 2594 394 4424 3415 3017 1061 1060 1028 12 747 634 2064 2484 1635 448 3665 3435 3180 492 1315 3917 4622 1849 2409 2490 2379 2996 1268 1156 957 663 2187 1390 647 1652 3767 965 4236 759 4912 3228 4160 2370 569 2142 975 2835 3320 2497 1154 2985 3100 1218 261 4562 2712 2642 3817 4124 1829 4477 1792 2498 1081 1131 4816 3346 902 4376 2469 4664 1558 3492 344 3265 2755 4020 3860 4162 2099 3722 516 1080 1730 743 4279 2801 1574 4412 1689 3327 2017 2536 888 107 4198 4916 1618 67 127 3044 118 1265 325 175 359 4846 4282 2086 2799 1665 3110 1027 293 683
187 2978 1232 2877 3335 2355 2421 4945 4250 2574 3720 3079 1517 4785 1355 3416 236 2130 2116 3039 4784 1191 2615 4976 3673 3480 3199 496 1847 1061 4644 221 3159 1156 4188 2260 1080 3464 2216 648 3533 4016 2830 4727 2096 2184 1665 1880 1492 1685 2277 1025 4949 4785 3733 3716 2916 1546 1780 1523 355 2422 2492 799 183 3021 1809 4717 2403 4434 975 104 3955 668 4094 341 4278 3515 3595 3415 4877 736 3453 4781 4523 3097 1160 1781 4954 3967 1825 1142 2146 1346 2373 1773 4052 1824 869 1282 480 3791 4758 4701 2841 2756 324 4313 3415 1228 4268 937 145 83 864 1682 1339 4424 1861 4500 4472 138 1997 4571 994 4485 1977 989 3928 4388 1239 4852 43 2529 2276 2184 4433 4038 1587 1354
599 1655 1911 1710 1155 1861 3028 1192 3989 3168 2909 4794 2502 2826 2244 4953 3147 501 1376 1980 1480 1344 3304 1770 286 417 465 4421 1030 1060 221 1610 3310 1136 3456 1164 574 3646 920 1801 2341 2297 3643 2601 4471 4982 140 404 3921 2808 1380 3834 811 1417 874 452 1827 4657 2902 3694 4379 1198 4780 1778 2118 2868 3211 314 271 3552 1658 4363 3338 1640 2992 2540 1354 796 3187 949 4461 3776 3106 291 995 1845 762 2189 4851 2096 1471 1106 3715 1778 804 1899 1470 1179 594 1347 431 4826 373 2709 3048 4731 1047 3097 576 1744 2759 501 4144 3554 735 3619 1331 922 2167 3652 2600 2290 2391 3123 3059 3063 3034 2424 3526 1896 1470 793 478 2645 2455 4489 2268 4878 1517 702
679 3597 4642 232 4287 2956 1731 4917 4358 3332 2878 4092 1703 185 4208 2987 3160 3542 4652 547 2929 4977 3977 2053 2594 4963 1114 773 914 1028 3159 3310 546 2333 3360 2654 867 2490 4463 3254 4452 4472 2598 3031 4085 3691 2986 2810 3766 656 180 3668 2413 1406 1177 3964 1753 3304 2234 4749 4300 2744 4033 785 4220 1873 4049 2493 1641 3137 1783 3077 1650 2005 1485 1539 772 4114 3230 1798 1757 3954 3296 159 201 1985 162 1638 3581 554 222 1803 211 2018 2668 3956 2948 1600 1546 4318 2513 293 303 3211 1066 15 4377 2265 4085 1439 3486 3601 976 2303 1287 1128 1845 3059 1829 4263 296 2371 3805 3866 4282 641 1249 4991 1877 1042 4193 3748 1571 2427 754 4231 1568 4522 838 3971
2936 2527 4247 4666 3071 3237 4673 1520 4241 4125 2322 1512 674 986 3436 3574 4199 4578 4663 302 904 4367 1447 4495 273 338 2346 429 928 12 1156 1136 2333 4176 2743 215 3810 822 774 903 3896 1305 2494 1605 264 4295 3190 3009 116 1874 402 2339 271 2550 2049 2134 4287 3269 2311 1478 1254 3763 1315 2461 3850 3173 4347 3905 1280 4987 1416 4896 4138 4794 4690 3776 1549 3897 4665 2150 1236 309 111 3632 3311 3358 1677 1760 412 3754 3371 4319 2247 2449 3062 224 494 1100 691 4138 155 2131 628 299 4220 637 3846 2084 327 2849 1652 4244 1300 2879 3262 168 244 796 3424 1134 4619 3529 1174 2156 3491 1023 3835 3202 1455 3161 2101 149 2517 2710 1368 3680 4559 3020 3147 2317
4393 3470 4625 2096 4619 3464 3370 2138 4697 696 3950 324 3795 2055 4603 3221 1392 3393 2930 1246 4183 3625 1669 2075 2786 2666 138 1681 1079 747 4188 3456 3360 2743 4820 1722 2410 3210 3017 3760 740 3046 2149 1944 3822 181 721 821 4909 1319 111 3934 3291 73 1100 4987 2909 248 1845 463 3012 4884 3639 1011 209 2209 675 3700 1001 36 3078 3858 4310 2160 4539 4601 784 2433 159 4880 3389 3657 3245 33 2972 492 2598 2161 4741 171 3340 4235 3106 4238 3625 2700 152 403 351 1377 4960 2709 1567 2204 264 4060 794 3244 2444 1573 3264 4022 437 1440 1250 4628 3700 3711 927 4604 3228 4554 2738 836 3334 447 3081 1682 3651 3737 4964 3473 2802 3372 1093 4284 1025 1315 1293 1980
383 880 811 3999 922 2194 4647 871 408 13 388 4938 4542 2940 3520 1011 2794 229 661 3891 629 4773 4495 3091 477 3153 3246 3861 4992 634 2260 1164 2654 215 1722 819 88 1733 3751 1955 1593 2548 3928 979 489 3382 1641 2929 3122 1725 94 490 369 2447 2573 1204 3310 2924 3195 1258 354 1947 4547 4622 3841 4516 1695 4906 1667 2831 248 1120 3652 4877 3394 3585 3310 1746 2322 2991 2609 3088 4325 1062 4457 3867 3324 1769 3595 1900 1635 25 4166 3654 3576 3703 1331 1824 4278 1291 4799 3009 1858 3200 3869 2877 275 1805 463 2026 4751 1745 3106 102 4502 369 873 4837 4303 2608 1238 758 2041 1916 52 4483 1047 4532 4535 41 4813 1775 1626 3213 2412 2955 4461 4753 2897 3308
4902 4875 481 1758 3934 3847 3457 3549 3321 2799 4607 1747 4077 3916 714 1008 3968 3564 1703 3412 484 4378 2718 68 4875 3700 2750 2028 4783 2064 1080 574 867 3810 2410 88 895 3009 2274 4791 448 2527 3714 4537 3674 469 408 2178 4176 3608 4298 1896 2038 1355 647 2775 637 2825 3354 438 1762 3072 1566 3525 4218 1711 4664 3432 2786 690 614 2519 1425 2968 1715 4215 4237 1106 2600 1996 4136 3415 4261 4366 4338 3762 506 4856 61 4720 1918 4881 3889 2431 1466 4122 3718 2141 2078 4943 2843 4949 3780 4736 300 782 1271 1896 112 4754 1200 1757 4718 4490 4309 1361 4169 3769 1185 10 849 2022 1234 2068 496 1597 3931 3561 507 2513 2613 281 2890 564 3290 3711 2236 2845 2937 1071
1003 4531 2387 33 2987 3968 2637 2019 3916 4316 640 3127 4226 4386 4469 1328 3911 42 3461 2153 3580 4972 2409 3401 1393 1524 3101 784 125 2484 3464 3646 2490 822 3210 1733 3009 2480 308 645 3194 4132 4626 2973 3142 4415 1646 1943 1686 1163 4439 3106 4986 4354 4877 3164 4023 1621 4686 4217 179 1752 3134 2860 2968 3916 4812 4751 883 2948 1533 4210 3196 1885 3173 4164 126 2481 2025 2639 4913 2391 2309 876 276 1337 1285 3550 2497 4223 2148 4297 3986 260 283 2829 4398 1872 4345 3872 1640 376 4227 4735 864 1883 2776 3631 3411 2767 3618 904 848 2695 3066 1074 3997 2216 4048 3146 4945 3926 3738 1627 4160 3611 4189 3352 1317 3495 4473 2843 1775 857 4120 4070 607 2716 2797 1680
680 86 3041 1608 959 1803 383 2037 1498 2395 1014 3174 714 42 4701 997 2650 2742 656 3630 3167 3082 148 2012 3806 4829 1962 600 4205 1635 2216 920 4463 774 3017 3751 2274 308 3845 372 4011 1311 2153 2128 2848 1428 2769 1284 4676 1498 3371 2010 1547 3890 4151 3159 463 661 2061 1824 1037 1996 122 2602 3305 1153 292 2025 4030 3271 435 410 3670 2373 1491 3093 720 1328 1602 410 4531 1654 4837 1026 879 1270 593 141 3796 1654 3650 1210 2940 2749 3786 1432 1343 122 81 3432 3181 4626 518 3084 2006 4222 569 1650 4519 117 2393 4707 4197 2796 1807 3431 1457 4745 3418 3982 3775 2728 3689 966 4555 2512 2138 2681 3356 3870 3680 1722 3732 2056 2427 2119 2940 3918 4149 1062
1394 1914 1345 1218 694 2307 3753 3593 4143 3859 4433 1057 3752 1371 100 1163 2657 1446 2212 1238 132 4086 225 27 1239 4403 1343 3005 3245 448 648 1801 3254 903 3760 1955 4791 645 372 720 2268 4571 1511 1332 121 3479 812 3344 2795 2413 1401 1034 3554 3226 4978 963 1768 2782 1538 2626 3685 3145 3563 4020 2947 2868 4261 3667 3886 2657 2373 2455 3095 3773 4391 926 3940 31 2165 4025 1749 1052 1460 4203 2505 4678 904 4237 1967 2593 1652 3351 165 4649 4425 3320 1694 1014 3190 238 4583 2528 1082 1845 2411 3523 2332 3942 1742 3623 2733 3801 4473 4059 3456 3233 2227 82 4284 1041 2199 2566 522 3738 4226 1053 4376 4192 4632 3278 1690 1631 3206 2861 1952 4712 2434 2573 4384 3284
4421 1795 2547 398 3984 309 3436 2114 2630 4545 3396 3001 4787 3396 4165 728 2214 4100 1472 2487 1030 1156 1545 1768 4728 3538 60 4407 2828 3665 3533 2341 4452 3896 740 1593 448 3194 4011 2268 2410 2521 4577 2500 1372 2831 3066 2224 1726 4677 3432 2089 4619 92 1237 1855 4589 2715 4811 4388 2545 2201 344 3039 4443 2365 740 4510 4866 3838 653 2147 3980 503 3664 4692 2568 3764 4695 3074 845 3429 846 2492 1047 4409 2798 4023 325 750 3320 2429 2530 1414 160 2647 687 4759 836 4667 2386 2250 4183 1593 79 4984 2640 1318 683 2764 3116 3284 3479 4273 3434 3603 2520 2367 2187 2352 1983 4072 3082 1902 943 2641 2109 3462 3416 3257 1160 1159 3533 1746 639 4769 3211 371 3570 4376
667 2148 2781 909 1618 4375 4339 4054 4840 3130 3561 2384 2019 4771 2293 4924 4129 1622 297 3942 3552 4097 2789 3882 4955 2276 353 3592 2650 3435 4016 2297 4472 1305 3046 2548 2527 4132 1311 4571 2521 246 2727 752 3063 4462 4725 2579 2510 1435 200 254 778 4335 2139 1512 1717 1429 4630 3475 4872 4318 2870 1569 836 1159 2295 4796 711 3915 4855 2776 1453 3835 2557 4259 3469 366 2927 4713 892 4498 4898 1945 1626 4819 24 396 216 4772 3998 4940 1038 1307 4297 1656 2790 4431 4480 2548 3416 1371 794 2710 4462 904 3520 545 4965 2063 4190 4183 1815 3630 95 3449 4668 3019 2572 3321 3442 4398 142 3962 1882 3907 2202 3849 1189 57 4751 1888 4706 4566 3521 3558 132 3669 457 1540
487 4785 439 3068 91 2109 383 2577 1335 4894 4765 3339 4496 297 1315 3537 850 1083 3490 3470 811 2390 492 2213 3205 920 3355 2755 4553 3180 2830 3643 2598 2494 2149 3928 3714 4626 2153 1511 4577 2727 734 665 505 1981 3693 1759 2190 3059 837 603 3013 3387 1581 2261 1027 4709 1511 3259 2337 3355 2690 3211 2477 330 3274 2774 4932 2844 3915 1003 4137 2750 1365 3680 2937 4227 3887 2084 2200 4395 2011 3268 1430 4284 46 3692 1902 4827 1266 19 3555 2162 1389 126 2387 4219 4105 1528 1689 807 623 573 1568 4282 2664 2134 1625 1179 2058 1379 1492 1568 1355 3862 3363 3893 880 1125 2163 4980 4247 1333 1822 1864 3129 4155 449 2059 2224 2437 2576 1484 3002 2363 4100 1295 4021 688
1557 2299 3247 726 2266 2880 4790 2355 175 2838 4554 405 2430 4512 3879 2690 2496 3871 4343 621 1791 4670 2008 2771 3866 1061 1494 3341 1556 492 4727 2601 3031 1605 1944 979 4537 2973 2128 1332 2500 752 665 2748 4046 2436 4077 427 1447 2916 3797 3665 2051 4234 3200 640 3600 3828 4281 1553 199 4790 1900 4797 3058 4448 495 1250 4331 4547 1944 2109 2667 1659 2671 1158 1269 4660 2456 1755 2860 2697 3787 4082 2498 2542 1002 2097 2525 3837 2839 4024 4475 3956 3609 3903 621 760 1838 2548 3316 3970 3876 4305 4493 2476 4438 3973 1344 2920 735 1254 129 1683 1434 262 3473 1450 3306 2765 2600 3927 2014 2631 1766 70 1601 1127 2040 1553 3705 401 3796 1338 224 2872 1686 2245 3323 250
4249 4929 2517 668 1938 1977 4468 1297 4622 1868 1325 1207 2667 264 3326 517 3495 1835 318 463 1271 3006 1456 4261 4303 3335 1235 1682 303 1315 2096 4471 4085 264 3822 489 3674 3142 2848 121 1372 3063 505 4046 2452 4688 1845 2579 4160 2833 2781 932 2313 4263 160 4066 1853 3340 4092 3030 2608 2067 2075 1472 1622 577 3560 3347 4664 2831 2242 3830 4488 2232 791 2923 3259 4574 232 4913 1612 4337 3641 1563 3568 4930 4687 1525 1744 2463 651 455 1560 2082 2452 4292 4964 4747 3642 1547 2831 2570 81 1868 273 2828 3244 2721 4471 2299 1304 2896 4737 3427 1490 1087 2893 4086 501 1289 4179 2707 3219 3729 4366 2807 4855 1394 537 296 2489 4351 2034 3954 2115 541 1640 3538 4886 58
1221 4573 951 907 137 796 2634 3721 657 3875 2121 3621 460 1445 2689 4259 1393 1281 602 2003 636 1449 1812 2878 123 527 4455 285 2939 3917 2184 4982 3691 4295 181 3382 469 4415 1428 3479 2831 4462 1981 2436 4688 915 4620 462 1544 82 10 4832 4031 3184 518 4862 203 1855 1154 1093 3365 1043 2214 158 4105 2244 239 4595 707 4717 4902 4291 1039 4015 4791 4122 3070 470 2418 124 4137 3200 1736 4368 351 1245 1380 2345 2946 4543 3981 1385 187 4233 874 1665 4352 2990 4973 3647 2714 4283 400 2528 2932 2465 4878 2602 4292 3771 3878 3446 687 788 4282 4471 2274 4056 3483 4273 1371 4824 3270 2543 4647 508 4835 3589 2819 1530 2456 3196 4202 1323 2477 2258 79 1134 2149 3272
295 3413 4083 4181 1385 239 1696 230 609 2321 1105 4098 4632 1889 339 3896 2747 1955 1797 4700 4499 3398 3640 3980 817 651 1047 964 4206 4622 1665 140 2986 3190 721 1641 408 1646 2769 812 3066 4725 3693 4077 1845 4620 2893 1614 1709 1322 1968 3730 4006 4922 1043 1486 446 1585 21 2998 2379 4497 2505 1948 2822 3422 4357 3929 4884 4813 3129 832 3905 4910 2408 2266 4343 401 3791 948 576 3698 4020 3526 3192 3210 373 3190 4510 2500 3327 3056 4485 1816 3877 4804 3369 3631 3411 2248 1278 3435 81 220 4202 2225 4244 833 802 1985 2165 2424 3150 3374 1036 495 2064 3241 4617 4224 185 3338 4074 2849 4752 1229 4710 314 466 4362 3788 4401 4872 2376 4611 4201 1222 1578 105 2532
984 4523 415 1211 657 1407 1605 417 2957 1408 1884 2238 2436 4333 3916 4681 987 4235 4902 3201 4465 4646 1664 1164 2462 1357 120 3998 441 1849 1880 404 2810 3009 821 2929 2178 1943 1284 3344 2224 2579 1759 427 2579 462 1614 749 654 4257 4387 2734 1041 4497 4964 1961 3586 2150 1092 321 4771 4094 4489 130 2593 3639 1935 907 1726 4412 1222 2238 3102 2372 2568 3703 173 1228 4830 2763 1949 1874 1289 2038 4127 3399 3895 1972 1770 3970 4958 50 331 2965 3906 94 4399 4976 3361 1512 2868 2327 1503 2263 1801 4896 980 597 4633 210 664 232 2977 4184 3487 1666 4423 25 781 3950 3200 1033 3269 4821 735 142 587 3931 715 4011 854 3967 4676 2981 1290 233 3105 1659 4929 3533
2774 4371 3764 3455 3694 1176 1285 540 4655 1072 2699 1615 4576 610 2522 912 3421 3191 3983 791 2459 4905 1780 3397 4715 2089 3236 1491 3713 2409 1492 3921 3766 116 4909 3122 4176 1686 4676 2795 1726 2510 2190 1447 4160 1544 1709 654 2594 579 1160 1691 369 2467 486 4982 2197 4426 3542 4854 4384 1860 2355 3569 688 407 3965 3126 3020 4236 1727 1779 847 1238 2823 2254 423 1698 4788 1580 1263 4174 2159 4588 2617 3767 1505 2856 4570 3703 3318 1999 1928 2820 1819 3774 2869 394 2946 780 4624 3000 2076 651 3085 3725 1082 2322 2487 3486 711 4363 4793 291 3812 4869 2011 719 4665 2836 4183 447 1893 845 609 4055 3679 2021 923 869 1815 1721 4735 3537 1256 370 2523 4941 1902 2692
3860 200 169 368 1101 3070 3156 1930 1788 4624 4011 2505 4176 958 714 1915 1071 3250 3221 3735 3199 1781 2899 415 1560 428 2363 3239 4704 2490 1685 2808 656 1874 1319 1725 3608 1163 1498 2413 4677 1435 3059 2916 2833 82 1322 4257 579 4282 3943 1173 1235 2121 2366 99 4038 4931 4501 1774 2846 3994 4268 2492 1113 3407 2087 3889 1088 529 1257 4460 821 3139 1075 4767 2388 3352 1628 2115 4692 2566 902 2548 2913 3709 1602 1437 3209 1233 901 1563 1796 4068 2005 2604 3066 2857 1455 500 2457 3875 2282 435 4625 3551 4087 476 686 1682 2801 3615 2283 1078 4419 2083 498 3344 4902 4211 3552 3928 190 3290 3282 3699 575 4330 2347 4919 4261 2510 4940 1499 1382 2857 1350 4428 4793 1852
161 2964 4147 4745 2709 2819 3008 433 696 3985 2948 1537 1928 1387 712 3880 4345 1423 2105 2755 3660 2514 441 3564 4410 887 3605 2138 3377 2379 2277 1380 180 402 111 94 4298 4439 3371 1401 3432 200 837 3797 2781 10 1968 4387 1160 3943 633 1327 1936 18 4363 2976 4888 4362 4551 2470 2610 1315 2015 4231 3848 3543 4004 51 631 1393 1936 3945 1307 267 4692 2722 2880 1438 4875 4193 888 1371 3068 1788 958 42 4809 3753 4628 527 1269 4380 2522 3340 4025 2665 2796 3615 4630 2607 2501 4185 4307 3736 1489 4973 1887 1629 4950 4972 2782 354 1023 1518 1081 3570 3176 1550 1308 1695 469 4396 2493 3117 547 878 2326 372 2948 4391 2600 2236 3149 94 2421 3786 1540 4956 3632 141
4727 570 4418 723 304 2060 1624 4996 1798 2439 4903 4692 3481 1886 3972 2046 1344 960 885 4183 3840 849 3039 887 4654 3354 840 3485 4907 2996 1025 3834 3668 2339 3934 490 1896 3106 2010 1034 2089 254 603 3665 932 4832 3730 2734 1691 1173 1327 1755 242 853 3839 3619 3762 1740 4001 1891 2808 725 4337 2000 4016 2720 4824 2662 2203 303 3800 2412 3325 3845 3784 302 3486 2643 2763 2614 3862 619 203 4726 3301 3014 3582 4329 4749 4109 3175 203 2802 1739 3882 4246 3780 2403 4607 1452 792 2379 991 2159 795 3604 3427 2154 3880 3273 750 581 4911 4925 706 1399 671 1212 3521 1243 631 4549 2681 430 1558 779 3114 1167 1507 4497 3099 1517 80 1114 3291 3704 364 1089 417 4036
3602 2638 841 1686 3406 348 4231 595 1858 1085 3675 4761 2500 3560 3170 2917 940 4049 3332 2424 713 1527 3771 1038 3916 416 3106 4384 334 1268 4949 811 2413 271 3291 369 2038 4986 1547 3554 4619 778 3013 2051 2313 4031 4006 1041 369 1235 1936 242 3977 2160 501 4877 4630 459 2856 158 3760 3393 1832 4237 1476 4440 4069 2432 294 4822 326 4448 329 4037 594 4923 3820 2340 1010 263 1024 351 1879 4615 2327 712 4375 1281 3800 371 28 479 2208 1171 348 654 937 1676 4106 1933 122 862 3016 2442 3752 347 549 4259 2241 1897 3184 1818 2947 2841 3564 3575 4178 515 1191 4140 1192 3894 1825 2415 2250 1226 1754 4477 3075 1815 124 1885 1251 4575 1505 1706 3548 3541 2571 1869
177 2798 4756 3780 4129 3291 3991 2929 4336 1928 1803 3686 1296 1048 4298 1074 244 4592 3971 2796 4230 4677 3149 2648 4105 1310 1210 4694 1256 1156 4785 1417 1406 2550 73 2447 1355 4354 3890 3226 92 4335 3387 4234 4263 3184 4922 4497 2467 2121 18 853 2160 2669 3297 3230 4095 2020 3174 4535 4589 4972 3254 2059 1627 2840 3637 4242 134 2521 3875 1349 60 2084 74 1522 3169 1913 1866 2864 4113 1879 758 2685 4501 4608 4588 600 3469 1321 291 3719 1097 135 3005 2790 4102 1037 4505 2482 2349 1659 1677 2401 3318 1713 3219 3860 1815 1245 2830 2053 4794 3632 1783 2943 46 3136 4589 2302 3023 3928 4206 4068 3271 3555 3685 1642 478 2248 1830 4513 4826 18 557 2491 579 1716 4266 3810
873 1280 2794 3881 1035 1011 2520 1031 4420 2871 4984 4546 1085 2291 4162 1604 4310 4407 617 100 2975 521 4347 1925 3651 4192 3899 942 4650 957 3733 874 1177 2049 1100 2573 647 4877 4151 4978 1237 2139 1581 3200 160 518 1043 4964 486 2366 4363 3839 501 3297 1695 380 1793 4829 906 2401 1517 4949 1537 2250 3031 4444 3432 4744 2467 903 3912 2041 4473 4979 4057 2425 1533 911 4363 3745 4305 3765 388 4885 473 4620 506 2726 2674 303 4816 1536 3411 350 1371 4639 993 4290 2977 2887 4339 560 3934 2070 1991 1174 1155 309 1263 1462 1335 1569 3041 1518 3513 380 4272 4979 1129 3504 2462 3613 4079 609 4341 3875 406 4718 3576 3205 3521 4595 1351 2996 3333 1249 4658 3081 2503 1545
1315 1718 736 3709 1558 1661 2819 2048 3560 3702 2771 3703 3041 1517 356 945 1593 4201 300 663 2598 3941 2380 2680 1649 4048 3446 1080 4604 663 3716 452 3964 2134 4987 1204 2775 3164 3159 963 1855 1512 2261 640 4066 4862 1486 1961 4982 99 2976 3619 4877 3230 380 391 826 1171 4147 3387 875 3777 2520 810 713 4575 1547 3266 4220 179 1571 4849 3246 967 4522 475 475 4684 3800 64 881 3469 2354 2950 822 971 3442 2224 1561 592 201 2597 1320 3684 3034 612 2651 3398 2241 4213 302 3779 364 2933 3361 1255 2095 4177 495 598 3092 3432 3375 3044 4571 4856 2830 680 4659 1497 893 2599 4231 3516 662 2582 3027 1011 2567 3461 122 2501 1244 4247 3845 4589 1450 3676 3460 3317
1849 2204 386 4940 3986 140 3945 1906 4149 331 2400 3333 686 2088 4974 2527 4114 4624 1533 1272 2566 4683 683 4877 1489 2786 4618 3876 3463 2187 2916 1827 1753 4287 2909 3310 637 4023 463 1768 4589 1717 1027 3600 1853 203 446 3586 2197 4038 4888 3762 4630 4095 1793 826 3475 2552 3669 1189 4954 1401 2718 4592 393 2699 1331 1600 1660 2377 3473 2667 1424 3879 3400 19 3375 2781 4901 3392 4530 4434 3718 4282 1983 1142 833 1139 3058 4897 2167 3947 2312 4886 4354 759 3514 4196 2540 1077 716 3912 3942 4622 119 2866 2188 4303 3893 2049 4729 3731 2300 1522 4174 135 2963 4713 2740 1759 2077 45 4787 4109 4414 4695 195 1583 1649 4127 3350 1981 2127 1610 1948 4598 2869 3545 1152 4925
3696 3709 4649 2283 1468 2127 1998 4581 2085 4773 2738 4494 4095 2087 3884 3802 3027 3556 194 2950 2713 743 2414 3399 3788 583 2233 812 2009 1390 1546 4657 3304 3269 248 2924 2825 1621 661 2782 2715 1429 4709 3828 3340 1855 1585 2150 4426 4931 4362 1740 459 2020 4829 1171 2552 1568 813 2125 1919 344 28 772 3051 4455 1262 241 4519 4855 4622 2674 4680 4734 2051 80 319 3239 2634 750 349 1118 2157 4380 3406 4584 3854 4840 2141 50 2259 1900 3349 2813 3912 1480 3568 2989 4031 1694 3974 2786 2512 2441 1911 3020 3440 297 3958 3648 2368 2678 3230 612 228 3385 4671 1002 17 3409 2652 4733 4957 806 359 533 2635 2398 4445 4188 3416 4145 4894 2655 1726 4492 4358 2491 3055 861
2061 3335 3271 1234 3762 2374 4992 2219 460 4391 1258 600 1719 3321 3105 4458 2373 4416 4144 2124 2618 1455 4367 2767 380 3380 707 852 2350 647 1780 2902 2234 2311 1845 3195 3354 4686 2061 1538 4811 4630 1511 4281 4092 1154 21 1092 3542 4501 4551 4001 2856 3174 906 4147 3669 813 969 4910 2344 745 4509 3631 1359 4739 3473 152 942 922 3163 1322 814 2860 277 2218 4419 2730 151 4640 3608 4090 462 3063 4696 273 740 1653 203 2137 4755 2994 3006 3671 669 1524 4772 1065 4197 4051 4307 393 4674 2350 2536 2000 4475 1870 1275 1026 827 2795 393 918 4022 3378 3455 1405 1628 2934 4826 869 1786 4866 1012 477 2957 4667 2054 2683 3649 4552 3603 3942 1953 4634 4982 2447 2693 1915
4232 395 1158 3962 1687 3329 3389 3640 1758 2255 2610 3019 1204 2870 2708 3399 730 910 443 3281 2564 4889 1352 1752 4839 3596 562 869 1837 1652 1523 3694 4749 1478 463 1258 438 4217 1824 2626 4388 3475 3259 1553 3030 1093 2998 321 4854 1774 2470 1891 158 4535 2401 3387 1189 2125 4910 1942 2091 1587 4614 4545 4837 2867 3686 4225 3650 3458 504 2240 4858 586 4988 2334 3849 2277 864 2295 4364 292 2450 762 3001 1621 2075 4906 3479 4453 1107 1870 1188 3432 4356 1604 2080 1920 4703 2710 2727 4450 1917 4422 195 2872 1959 3730 4025 1248 712 1161 72 3436 852 2876 4826 1861 3603 3417 3243 234 1166 1795 4959 1909 2529 4047 556 2787 3876 787 1601 4539 4830 1209 1636 1069 3157 3831
920 3261 4395 2167 284 3021 2103 2881 2745 1589 2273 4410 4881 3004 3183 3653 3024 1800 535 1778 2127 1333 3742 1884 4153 1448 4804 3735 4595 3767 355 4379 4300 1254 3012 354 1762 179 1037 3685 2545 4872 2337 199 2608 3365 2379 4771 4384 2846 2610 2808 3760 4589 1517 875 4954 1919 2344 2091 4628 3908 3791 3438 1056 4899 2692 1725 1016 1284 2701 3916 350 735 3273 2945 4641 1156 4812 3261 3994 3997 930 2746 345 1070 4922 303 3098 1231 3744 728 4704 2251 2372 3354 4263 2188 3127 1371 837 2195 1800 3246 3423 1607 2833 1971 3526 4590 722 4967 1224 4334 4387 2173 793 2538 1458 3658 806 195 2181 1913 1502 3291 4276 2204 1604 2417 4912 3649 463 2634 3278 322 2136 151 2803 2461
1762 1115 4676 2515 1425 3320 1224 4457 1752 3698 1020 1360 3363 2575 3318 3296 3553 4119 4008 4052 763 3638 1974 1609 4959 2338 2384 117 792 965 2422 1198 2744 3763 4884 1947 3072 1752 1996 3145 2201 4318 3355 4790 2067 1043 4497 4094 1860 3994 1315 725 3393 4972 4949 3777 1401 344 745 1587 3908 4595 372 1413 2573 3357 1816 1635 3893 718 4255 4179 2443 1122 216 4443 4870 1961 1012 3905 4424 4360 2722 977 4021 818 3944 1120 755 4698 4994 2180 543 476 47 130 4716 684 4656 78 4346 1299 1584 3990 1873 3615 743 3230 2686 1636 1687 179 239 4963 2939 4009 648 578 3478 4474 1330 3156 336 2055 4427 199 2558 2247 3711 2513 2759 4210 127 1005 735 558 2521 3635 3096 176
4305 971 627 776 2207 3827 906 1926 1083 2349 99 3372 4713 226 3890 1396 2804 1765 3067 3427 1375 3520 1787 2629 2834 3309 889 3670 613 4236 2492 4780 4033 1315 3639 4547 1566 3134 122 3563 344 2870 2690 1900 2075 2214 2505 4489 2355 4268 2015 4337 1832 3254 1537 2520 2718 28 4509 4614 3791 372 2315 1805 1094 1149 2877 4418 499 1621 3051 2728 4096 3259 4014 2651 1257 4592 3548 3473 1308 4614 1319 4517 1816 3249 2358 1324 607 4808 2615 48 3455 4530 4512 4681 4854 4466 1477 208 4461 869 579 1058 1303 4797 2642 1515 1518 985 517 3500 1646 4818 4955 83 3241 4000 4891 347 4042 2980 784 4492 475 1446 61 1238 1540 4410 4678 4799 550 961 637 4518 2433 1430 2218 1161
274 124 3329 534 426 157 4179 1496 1079 2599 2620 4261 4591 1716 457 4963 2591 34 3036 2828 2747 2205 3469 3998 4892 925 33 4820 1873 759 799 1778 785 2461 1011 4622 3525 2860 2602 4020 3039 1569 3211 4797 1472 158 1948 130 3569 2492 4231 2000 4237 2059 2250 810 4592 772 3631 4545 3438 1413 1805 2695 79 1521 3543 2376 4222 1811 4163 385 3568 4023 1628 3637 4804 3836 4401 925 2134 1076 2434 1466 3375 4593 691 4307 2919 3804 2409 427 1580 1064 79 3893 2640 4179 3537 1597 945 3076 3105 1399 4587 3438 3997 65 959 1301 2741 3068 2707 41 3276 253 3376 4314 3021 1313 3537 244 2162 4418 2698 4453 2634 2758 2259 785 2737 1651 2310 10 4257 1779 3191 3881 4824 2486
1005 1198 1723 3344 970 3367 4297 2002 3168 1115 2220 3736 836 2034 1959 1767 3726 3443 1378 2449 3450 4011 2327 819 1174 4578 326 3964 926 4912 183 2118 4220 3850 209 3841 4218 2968 3305 2947 4443 836 2477 3058 1622 4105 2822 2593 688 1113 3848 4016 1476 1627 3031 713 393 3051 1359 4837 1056 2573 1094 79 2160 2718 4360 643 3676 2458 1237 2571 1096 1809 229 2247 4660 3259 3818 732 4202 3790 4237 451 174 4070 4365 3541 1851 1371 259 1214 4847 3111 1746 3008 2158 3258 2305 1744 1086 387 872 4878 2026 4697 521 940 361 2311 322 3176 4112 424 4575 2772 1057 3650 4403 4334 2041 2457 4228 4429 935 4737 2282 3873 4479 1081 2541 4075 3250 2750 1761 3079 1897 4273 3576 1063
2077 4423 4728 1485 1321 4234 4157 3390 2002 1180 1695 104 4466 181 3902 4879 2647 4371 4173 4826 4727 3121 3943 2068 1278 1121 1674 4149 1204 3228 3021 2868 1873 3173 2209 4516 1711 3916 1153 2868 2365 1159 330 4448 577 2244 3422 3639 407 3407 3543 2720 4440 2840 4444 4575 2699 4455 4739 2867 4899 3357 1149 1521 2718 4130 2343 4372 1657 290 2143 4869 3092 3103 643 126 1188 2271 4510 666 443 3228 2939 4613 2935 2701 738 3801 1126 1693 2298 4835 679 1022 2363 43 4884 424 4471 2084 518 4267 453 901 4992 871 2199 4646 4131 1845 1216 2676 2676 4309 2137 4258 4324 3836 1974 213 4227 1838 4688 3202 1911 3314 553 4789 4855 792 3542 2318 4126 680 2650 3660 3947 2276 2851 4829
2986 1975 4038 4398 4880 1135 2022 1729 2850 731 4112 1558 2907 4811 1689 4954 4591 3488 2418 3174 4963 2102 3297 4513 3051 2799 4865 4970 1624 4160 1809 3211 4049 4347 675 1695 4664 4812 292 4261 740 2295 3274 495 3560 239 4357 1935 3965 2087 4004 4824 4069 3637 3432 1547 1331 1262 3473 3686 2692 1816 2877 3543 4360 2343 1604 1427 3287 4726 1798 4226 3627 790 585 4146 682 3924 3882 4405 532 4624 1535 3448 2026 49 751 100 2354 3871 475 570 1365 771 2977 630 599 2369 4660 1359 1595 3206 207 2727 313 2279 2561 1459 4724 1829 1781 11 164 4100 3969 934 2569 4057 1287 781 3248 2789 1503 2834 2613 185 2253 4894 1646 140 4826 1867 2685 3113 17 28 571 3532 15 4860
89 2812 3588 1016 357 3511 33 3891 4133 2301 413 277 542 137 1858 1284 2972 1509 3010 4840 4533 2505 3225 1835 4303 4661 4203 3697 4472 2370 4717 314 2493 3905 3700 4906 3432 4751 2025 3667 4510 4796 2774 1250 3347 4595 3929 907 3126 3889 51 2662 2432 4242 4744 3266 1600 241 152 4225 1725 1635 4418 2376 643 4372 1427 3197 201 4635 3397 593 1930 4741 991 47 4628 2905 1042 4728 625 3010 4224 861 448 1189 425 4017 2985 4289 4044 2762 1729 1246 4809 3597 2194 1696 718 2739 1884 2131 4760 3075 1118 1891 2011 723 56 3866 3420 2934 1804 3550 976 3696 3673 4776 1897 1894 1718 1192 2778 3956 2662 347 3865 3361 690 3524 2074 2385 4195 1408 4606 1058 427 3436 774 4675
1912 3547 1691 998 557 4789 4341 3785 2598 2911 1591 4604 780 2288 4434 3190 4644 2075 3773 705 4491 3303 255 2613 4196 2447 22 4831 2022 569 2403 271 1641 1280 1001 1667 2786 883 4030 3886 4866 711 4932 4331 4664 707 4884 1726 3020 1088 631 2203 294 134 2467 4220 1660 4519 942 3650 1016 3893 499 4222 3676 1657 3287 201 572 1747 3973 4731 4426 4840 3838 3611 107 1477 2394 3649 692 3974 889 477 4790 4380 95 3473 2436 3927 4131 623 2728 4473 3315 704 1836 3988 495 259 1306 2091 625 1284 4823 2663 4965 4590 73 2924 212 1382 2317 1394 4678 3308 1595 245 3455 2971 3948 1009 3394 3516 145 974 1116 4728 145 3888 2871 755 3167 1858 3435 136 1871 2652 1452 4988
1821 968 1082 4555 3989 3127 2489 4846 240 2203 3639 3575 4271 1652 1178 4157 475 4005 3101 3233 3915 3723 2919 1201 3644 3632 4222 3117 777 2142 4434 3552 3137 4987 36 2831 690 2948 3271 2657 3838 3915 2844 4547 2831 4717 4813 4412 4236 529 1393 303 4822 2521 903 179 2377 4855 922 3458 1284 718 1621 1811 2458 290 4726 4635 1747 4745 4042 3066 697 2523 2529 3221 1400 2325 3705 2758 2942 3436 2302 2360 1541 3906 4716 4475 4100 4902 233 1706 2748 3759 2436 4548 3046 1311 3350 2241 3255 2607 2405 3955 3641 4081 3957 2239 1340 506 851 3034 1756 3562 154 1857 1444 4383 3777 2593 1642 689 2044 2475 3625 2693 3297 2061 921 2535 4917 3916 2556 2517 4592 2604 1643 3823 999 1948
3897 200 4245 2257 2618 4710 2820 4122 688 434 2135 3226 4214 1582 818 624 4162 1362 385 4526 1268 3989 1166 3765 131 3183 1971 32 2164 975 975 1658 1783 1416 3078 248 614 1533 435 2373 653 4855 3915 1944 2242 4902 3129 1222 1727 1257 1936 3800 326 3875 3912 1571 3473 4622 3163 504 2701 4255 3051 4163 1237 2143 1798 3397 3973 4042 4609 3807 2145 457 1582 414 458 682 1293 4246 1760 4057 4038 2272 3806 1178 1105 2809 3647 3903 1175 3075 3492 2993 308 1588 3227 4599 4229 4953 1466 2169 3640 4900 2955 1814 4300 3419 906 4367 761 24 2871 2591 448 2660 3303 3080 4208 309 185 4370 4597 4171 1174 1216 1621 73 2174 517 3175 2386 2035 2876 1911 2274 3946 4670 3526 85
4238 214 4333 1797 556 1126 4237 1849 3860 4993 1631 483 1007 1911 3822 2145 446 1164 1235 3378 2375 3250 3503 3986 729 2363 4075 3919 1573 2835 104 4363 3077 4896 3858 1120 2519 4210 410 2455 2147 2776 1003 2109 3830 4291 832 2238 1779 4460 3945 2412 4448 1349 2041 4849 2667 2674 1322 2240 3916 4179 2728 385 2571 4869 4226 593 4731 3066 3807 2052 46 3828 1096 491 470 2931 524 2960 475 3186 289 3342 1823 4295 4346 4923 301 4467 3570 1277 2210 4021 1157 3640 553 3250 225 3314 3455 2049 3849 1483 1800 3101 1975 1297 2324 623 1464 1207 3598 4032 442 4603 987 4220 4250 3400 4724 4556 2313 2321 2537 636 1268 2081 3657 1809 4247 986 1170 2090 795 1897 739 2904 4799 1583
4792 1427 3129 4158 1205 2552 2261 388 3284 4087 4799 2667 3396 236 275 4914 1358 161 1457 1717 3444 2549 321 3100 1273 696 4594 4574 1149 3320 3955 3338 1650 4138 4310 3652 1425 3196 3670 3095 3980 1453 4137 2667 4488 1039 3905 3102 847 821 1307 3325 329 60 4473 3246 1424 4680 814 4858 350 2443 4096 3568 1096 3092 3627 1930 4426 697 2145 46 1740 3671 4243 3670 3697 25 3757 3131 589 1438 1053 1235 1806 2874 1692 4120 154 960 2790 881 2591 4479 4631 57 2369 3109 2239 4048 505 446 633 1158 1708 2776 3038 4288 2313 1964 4228 2322 3429 4530 2297 1541 855 460 3180 3634 3941 388 2168 1717 4831 3413 1869 2432 4229 4356 3472 2818 1392 2545 3357 2217 1011 4274 196 2711
3440 2693 4055 3618 3617 4821 3870 2889 1939 4103 3888 566 1266 4741 3071 814 2319 2814 1066 388 2842 2547 1041 1412 2677 3736 4136 3740 4263 2497 668 1640 2005 4794 2160 4877 2968 1885 2373 3773 503 3835 2750 1659 2232 4015 4910 2372 1238 3139 267 3845 4037 2084 4979 967 3879 4734 2860 586 735 1122 3259 4023 1809 3103 790 4741 4840 2523 457 3828 3671 3753 1827 4804 4861 3164 781 1248 2468 2650 4804 4417 2195 33 1771 3656 3072 640 3066 4179 964 1195 1689 1394 4521 418 2764 4849 2965 3213 1479 2530 297 3632 3344 4826 4169 137 1006 389 2981 166 4255 1449 3868 759 354 3278 4932 366 2747 3908 1875 2386 3052 450 176 3720 2448 4172 565 2984 4966 855 218 1194 4800 3201
1447 4055 3951 2157 2820 503 846 2022 2177 4619 2384 1366 591 215 2250 4829 3826 3579 1964 2480 2393 4496 1877 4170 89 2483 684 2729 1222 1154 4094 2992 1485 4690 4539 3394 1715 3173 1491 4391 3664 2557 1365 2671 791 4791 2408 2568 2823 1075 4692 3784 594 74 4057 4522 3400 2051 277 4988 3273 216 4014 1628 229 643 585 991 3838 2529 1582 1096 4243 1827 3724 3702 2044 373 214 2888 1671 1764 2706 3233 778 2575 3613 1277 1622 558 2698 4875 3019 1479 3596 3531 3350 272 4714 3797 4483 1471 3085 1276 4240 1116 4357 4721 3060 3278 2713 3028 4115 266 1259 1468 3649 148 1105 2577 3036 2535 4280 4324 2886 4558 1122 2611 2757 1836 2858 342 2968 4521 4632 4268 412 4700 4868 4577
4850 1201 4536 2146 1649 3985 3303 193 3567 2120 2820 708 372 3343 4767 2999 2159 4018 3445 4506 1587 3143 4681 725 4621 3151 3453 1537 4475 2985 341 2540 1539 3776 4601 3585 4215 4164 3093 926 4692 4259 3680 1158 2923 4122 2266 3703 2254 4767 2722 302 4923 1522 2425 475 19 80 2218 2334 2945 4443 2651 3637 2247 126 4146 47 3611 3221 414 491 3670 4804 3702 264 2486 4999 3701 2496 4448 657 1716 1806 697 3880 4029 3735 1089 54 3906 886 4764 3046 1134 69 3111 1534 355 98 4566 1235 4967 590 4841 850 2511 420 807 1971 3963 976 2843 1658 3263 4486 309 4660 4044 390 3762 4967 2762 912 3127 283 2537 1699 2957 286 941 1964 4323 2512 4193 4590 4039 2565 4639 457
2218 3588 2311 3548 111 3740 1732 4397 2946 387 2391 3253 3104 3565 2464 987 2557 4722 2842 4356 4369 1373 3540 2751 4006 1697 2002 3330 286 3100 4278 1354 772 1549 784 3310 4237 126 720 3940 2568 3469 2937 1269 3259 3070 4343 173 423 2388 2880 3486 3820 3169 1533 475 3375 319 4419 3849 4641 4870 1257 4804 4660 1188 682 4628 107 1400 458 470 3697 4861 2044 2486 903 4769 824 128 2281 392 1308 1768 4324 670 3424 2664 1147 2888 1990 2926 2944 1313 1972 1714 3808 1391 1492 2145 2047 4162 1445 2504 3891 1854 1728 1081 379 3925 3782 1131 4441 2590 2981 1057 4632 3202 1784 4830 292 364 1663 1400 2354 4006 812 1859 2263 2086 1658 2057 16 173 59 3108 2121 2804 2120 1155
587 4053 1594 4608 4180 538 4478 958 490 2582 427 625 1371 2073 264 2513 2490 2416 2777 1836 4206 1519 2718 1713 482 2578 4654 1653 1401 1218 3515 796 4114 3897 2433 1746 1106 2481 1328 31 3764 366 4227 4660 4574 470 401 1228 1698 3352 1438 2643 2340 1913 911 4684 2781 3239 2730 2277 1156 1961 4592 3836 3259 2271 3924 2905 1477 2325 682 2931 25 3164 373 4999 4769 3234 3335 1656 2500 1934 971 1831 877 1991 3073 1642 46 4831 3056 292 1139 3971 1163 829 750 3927 1605 245 4679 2813 3969 4882 1244 211 1278 1295 2995 3967 3060 4022 1753 4335 3185 3144 3067 1967 1018 4693 2485 2483 1724 64 924 2316 2525 859 4533 3054 259 4060 12 399 2243 3935 1436 4820 1275 3710
1929 129 4286 4138 187 436 3636 1535 944 3082 2788 4324 3240 3122 913 2520 384 3341 1074 714 2644 1844 2734 3083 2429 30 394 3901 2011 261 3595 3187 3230 4665 159 2322 2600 2025 1602 2165 4695 2927 3887 2456 232 2418 3791 4830 4788 1628 4875 2763 1010 1866 4363 3800 4901 2634 151 864 4812 1012 3548 4401 3818 4510 3882 1042 2394 3705 1293 524 3757 781 214 3701 824 3335 3202 1663 4799 849 2320 4702 342 2953 286 2301 581 4075 2472 76 1511 212 2074 3001 1285 2430 1533 413 2335 2531 1930 2682 4769 2267 126 645 3512 4790 1975 820 3019 3230 4900 3629 1294 1792 400 4845 442 3051 3376 3905 545 1888 3511 3628 2660 4197 1130 3540 4663 4402 3422 1757 4076 4600 213 4814
4638 3866 2003 4899 1392 303 3954 307 1901 1785 1361 1790 3973 3153 2921 4836 1364 4383 514 3460 3718 2986 4345 2677 2743 1962 3237 4155 3491 4562 3415 949 1798 2150 4880 2991 1996 2639 410 4025 3074 4713 2084 1755 4913 124 948 2763 1580 2115 4193 2614 263 2864 3745 64 3392 750 4640 2295 3261 3905 3473 925 732 666 4405 4728 3649 2758 4246 2960 3131 1248 2888 2496 128 1656 1663 198 403 22 485 3519 1644 4931 290 4740 2818 333 4330 4633 566 4124 857 4320 3909 797 576 3530 2859 2011 1509 2606 2892 3143 2540 1733 401 2943 1811 299 1440 2092 3759 4464 1940 1157 489 1292 1113 2879 2775 2498 250 3832 4509 2997 2264 1800 58 449 1640 521 488 122 3918 3105 2504 4394
215 1244 2616 3431 3829 911 3109 4996 2167 2642 104 4452 631 2530 4834 4228 4245 4076 819 949 1406 174 3767 4481 97 445 2300 1168 1472 2712 4877 4461 1757 1236 3389 2609 4136 4913 4531 1749 845 892 2200 2860 1612 4137 576 1949 1263 4692 888 3862 1024 4113 4305 881 4530 349 3608 4364 3994 4424 1308 2134 4202 443 532 625 692 2942 1760 475 589 2468 1671 4448 2281 2500 4799 403 3487 3153 2943 4823 4414 2587 738 2700 4545 899 3196 2965 2788 4573 1833 4942 2306 1273 4317 704 897 3738 927 512 1347 3703 4133 4244 4910 1723 590 23 2310 386 3671 4763 2851 1648 2854 1037 3757 3427 286 69 1281 3573 2433 1767 1334 3068 750 3291 3031 3251 1376 1510 31 3997 1467 3353
4698 3308 1230 737 3697 2818 4278 4266 2610 2810 4203 1428 2636 1175 1207 928 84 2077 3596 4465 607 582 1903 263 4428 4977 2715 2719 1282 2642 736 3776 3954 309 3657 3088 3415 2391 1654 1052 3429 4498 4395 2697 4337 3200 3698 1874 4174 2566 1371 619 351 1879 3765 3469 4434 1118 4090 292 3997 4360 4614 1076 3790 3228 4624 3010 3974 3436 4057 3186 1438 2650 1764 657 392 1934 849 22 3153 4482 3337 918 4956 3492 4855 3505 4257 113 3380 927 3970 4098 1885 1875 4750 2861 251 2217 453 2231 1271 909 3112 1229 2813 1559 473 3206 4245 3100 2872 4115 4260 4445 337 4461 2752 2084 3874 1933 4842 2813 1497 248 3523 2204 2519 41 1584 2414 1169 3068 3743 2361 1824 4311 1017 536
2936 3475 4610 711 837 1684 1887 2146 3129 1432 735 2403 3864 4312 2368 2847 586 2413 4597 2616 227 794 3851 578 2378 4189 4151 1094 4479 3817 3453 3106 3296 111 3245 4325 4261 2309 4837 1460 846 4898 2011 3787 3641 1736 4020 1289 2159 902 3068 203 1879 758 388 2354 3718 2157 462 2450 930 2722 1319 2434 4237 2939 1535 4224 889 2302 4038 289 1053 4804 2706 1716 1308 971 2320 485 2943 3337 1439 2884 1505 322 718 3267 2550 3806 1708 4734 832 1611 644 4092 763 1886 3936 3746 2330 3636 2398 2359 313 4154 2000 3058 3343 1099 2039 1311 3657 412 10 1778 4334 680 477 1605 2463 1490 635 2701 4154 4626 3486 3426 3330 940 3128 126 3237 2889 3455 3591 2518 472 4665 4205
1083 1020 4827 3563 2304 2495 3851 4354 4141 779 3253 4576 3551 3729 1550 4673 2119 2117 100 920 3475 851 4738 3968 3538 1427 1570 794 3069 4124 4781 291 159 3632 33 1062 4366 876 1026 4203 2492 1945 3268 4082 1563 4368 3526 2038 4588 2548 1788 4726 4615 2685 4885 2950 4282 4380 3063 762 2746 977 4517 1466 451 4613 3448 861 477 2360 2272 3342 1235 4417 3233 1806 1768 1831 4702 3519 4823 918 2884 942 3312 1576 2943 3227 3857 4800 3774 3209 3275 2624 2260 2369 4566 2097 4821 1999 3234 1893 1725 4787 4687 4784 3230 2658 2255 686 4077 4466 4335 3560 4111 2858 1542 3371 180 4210 1923 3261 1739 2291 1233 3765 3048 3150 773 4720 2656 1821 4529 826 2280 1251 718 1340 2964 1589
788 4721 965 1291 1471 3824 2747 3500 1934 802 4050 4663 3169 4902 3075 1681 3827 3967 2877 546 1231 3329 3462 3765 87 415 3522 4241 4782 1829 4523 995 201 3311 2972 4457 4338 276 879 2505 1047 1626 1430 2498 3568 351 3192 4127 2617 2913 958 3301 2327 4501 473 822 1983 3406 4696 3001 345 4021 1816 3375 174 2935 2026 448 4790 1541 3806 1823 1806 2195 778 697 4324 877 342 1644 4414 4956 1505 3312 1625 1625 1528 1577 2611 3116 3209 1388 394 1253 2444 598 4445 411 2072 2132 3216 3109 1522 3895 4711 1665 4867 912 3604 1858 3798 4506 1244 781 2915 4291 576 2628 4597 3735 785 197 2441 2364 3358 107 2400 249 452 3654 2429 3922 3850 23 333 4783 3016 357 3564 4750
1943 2755 209 906 2036 3092 4858 1999 1482 1659 4586 1847 225 2581 956 1700 2639 808 2360 264 4561 99 454 1064 4091 1178 4510 4777 1541 4477 3097 1845 1985 3358 492 3867 3762 1337 1270 4678 4409 4819 4284 2542 4930 1245 3210 3399 3767 3709 42 3014 712 4608 4620 971 1142 4584 273 1621 1070 818 3249 4593 4070 2701 49 1189 4380 3906 1178 4295 2874 33 2575 3880 670 1991 2953 4931 2587 3492 322 1576 1625 1421 1998 4389 2489 1964 1886 1208 1456 1228 1807 4232 3222 3511 4971 141 2595 3865 646 3106 2380 3732 784 427 500 2682 4682 3158 3138 4351 2374 4120 4654 2491 1665 2633 4387 1924 4955 3778 4675 1391 3353 2114 3387 1354 1149 3050 3742 592 1637 4238 2258 3025 1351 4763
127 86 3766 4986 2625 1505 829 3574 4659 99 989 3056 1721 1831 3021 201 1346 3931 2316 1024 97 1770 4486 453 2310 2643 1402 1152 1499 1792 1160 762 162 1677 2598 3324 506 1285 593 904 2798 24 46 1002 4687 1380 373 3895 1505 1602 4809 3582 4375 4588 506 3442 833 3854 740 2075 4922 3944 2358 691 4365 738 751 425 95 4716 1105 4346 1692 1771 3613 4029 3424 3073 286 290 738 4855 718 2943 1528 1998 4147 1441 3630 1104 2482 3355 1653 2341 573 4839 1889 964 2109 3089 863 4771 3631 3589 200 1039 4552 14 3345 326 3749 1768 4547 1648 2705 2857 1590 2249 2269 370 3766 4309 4264 1781 318 41 199 4511 429 971 3080 526 3604 1522 1718 4050 3798 1595 4786 2927
4955 3128 4217 4509 1775 3899 762 3216 230 4645 2833 300 4889 3573 4016 4152 1847 3992 242 4287 965 842 4454 904 3269 2162 181 2741 634 2498 1781 2189 1638 1760 2161 1769 4856 3550 141 4237 4023 396 3692 2097 1525 2345 3190 1972 2856 1437 3753 4329 1281 600 2726 2224 1139 4840 1653 4906 303 1120 1324 4307 3541 3801 100 4017 3473 4475 2809 4923 4120 3656 1277 3735 2664 1642 2301 4740 2700 3505 3267 3227 1577 4389 1441 2530 4198 4298 4585 1373 4113 4635 702 4237 1246 3377 3852 4573 4761 618 4521 4988 1160 1523 225 212 529 690 1605 4681 3321 2576 4834 3927 622 2808 4895 1357 2650 816 1807 1781 3335 2765 3688 4142 4058 3946 3535 2914 10 3882 4247 2545 4179 3808 1352 2094
505 4195 1260 4385 2784 919 4926 2279 3747 257 3446 496 2999 4514 736 3051 1059 536 4665 4528 4712 3368 1986 708 4950 119 1037 273 4370 1081 4954 4851 3581 412 4741 3595 61 2497 3796 1967 325 216 1902 2525 1744 2946 4510 1770 4570 3209 4628 4749 3800 3469 2674 1561 3058 2141 203 3479 3098 755 607 2919 1851 1126 2354 2985 2436 4100 3647 301 154 3072 1622 1089 1147 46 581 2818 4545 4257 2550 3857 2611 2489 3630 4198 1099 1002 1526 607 2790 4942 2765 2813 3506 2442 4883 3465 4235 384 1525 665 3765 4141 1826 4721 3700 4662 3174 2224 1892 4572 489 2178 618 1122 4399 23 1401 409 4748 279 4852 1615 3053 2785 2864 3143 1622 4210 890 1263 4541 2971 4572 4380 2484 1431
2502 4926 443 3336 2065 3797 2968 4524 1531 4194 2884 2604 1624 4667 204 747 4258 335 1561 3466 3042 2316 2436 3314 2985 4281 1294 3823 549 1131 3967 2096 554 3754 171 1900 4720 4223 1654 2593 750 4772 4827 3837 2463 4543 2500 3970 3703 1233 527 4109 371 1321 303 592 4897 50 2137 4453 1231 4698 4808 3804 1371 1693 3871 4289 3927 4902 3903 4467 960 640 558 54 2888 4831 4075 333 899 113 3806 4800 3116 1964 1104 4298 1002 1682 449 3775 4146 1107 3059 498 1965 2669 3368 4436 1912 2344 1660 4138 4473 2350 3510 761 1377 2074 36 1754 716 1927 3228 4844 3415 1615 2198 1640 590 2413 3511 3372 4729 4940 1156 1429 3670 4629 128 2086 3182 3201 626 1699 1010 2057 4854 1344
411 1933 2333 4110 2610 3941 2089 2100 2978 512 3072 467 2129 507 1694 434 4964 4620 1989 4515 2276 356 759 997 4648 2189 3549 570 4124 4816 1825 1471 222 3371 3340 1635 1918 2148 3650 1652 3320 3998 1266 2839 651 3981 3327 4958 3318 901 1269 3175 28 291 4816 201 2167 2259 4755 1107 3744 4994 2615 2409 259 2298 475 4044 4131 233 1175 3570 2790 3066 2698 3906 1990 3056 2472 4330 3196 3380 1708 3774 3209 1886 2482 4585 1526 449 2151 1184 2304 3085 1607 3928 1382 4116 4904 3087 1282 1786 3888 4652 3265 4296 119 1161 276 3024 4496 1926 4506 1908 4846 746 1779 2635 981 3069 1889 2259 146 427 613 1196 2875 1288 2432 2602 4650 3899 864 4154 4462 2148 4653 3183 1299 319
2473 1600 1325 1821 3140 3654 1486 4044 4350 542 3885 4480 2867 2579 1987 1746 243 558 3694 4800 885 640 4644 2018 4252 249 993 2264 2263 3346 1142 1106 1803 4319 4235 25 4881 4297 1210 3351 2429 4940 19 4024 455 1385 3056 50 1999 1563 4380 203 479 3719 1536 2597 3947 1900 2994 1870 728 2180 48 427 1214 4835 570 2762 623 1706 3075 1277 881 4179 4875 886 2926 292 76 4633 2965 927 4734 3209 1388 1208 3355 1373 607 3775 1184 494 1520 2373 224 849 1379 4922 4742 1387 2647 777 2188 4879 1401 1275 3885 482 4761 777 3631 2835 1391 3728 983 3087 350 1075 3562 1903 2264 1804 4332 1644 1224 1163 4492 945 1033 4768 1166 4749 4633 3686 1165 3747 753 195 2569 795
1126 2613 95 723 3150 4433 3477 439 2094 493 1518 4287 3718 4082 3986 4572 2655 2885 3683 4022 1082 4936 3175 2082 120 2626 1626 4350 2503 902 2146 3715 211 2247 3106 4166 3889 3986 2940 165 2530 1038 3555 4475 1560 187 4485 331 1928 1796 2522 2802 2208 1097 3411 1320 2312 3349 3006 1188 4704 543 3455 1580 4847 679 1365 1729 2728 2748 3492 2210 2591 964 3019 4764 2944 1139 1511 566 2788 3970 832 3275 394 1456 1653 4113 2790 4146 2304 1520 3259 2697 3850 4337 3130 303 1736 969 2612 2269 2634 2458 2262 1042 884 4381 4488 3186 4713 1317 1902 806 3704 4396 2283 4329 4680 821 813 431 1297 696 3095 3982 4854 4220 1047 393 3653 3505 1503 3423 286 4155 4957 2042 1394 1209
4298 2264 4540 4619 2149 3114 597 1572 1318 4068 1158 2151 4688 2430 390 4613 4327 4719 3985 4813 4884 278 1595 1712 795 918 2399 4734 2834 4376 1346 1778 2018 2449 4238 3654 2431 260 2749 4649 1414 1307 2162 3956 2082 4233 1816 2965 2820 4068 3340 1739 1171 135 350 3684 4886 2813 3671 3432 2251 476 4530 1064 3111 1022 771 1246 4473 3759 2993 4021 4479 1195 1479 3046 1313 3971 212 4124 4573 4098 1611 2624 1253 1228 2341 4635 4942 1107 3085 2373 2697 1264 2717 3563 4323 4363 4873 1630 4606 3490 1670 611 2265 4891 4897 4204 2037 1897 3859 209 4171 1512 2540 4511 2864 1892 3951 2057 2433 400 3478 4350 3034 3077 2229 4833 571 1637 1649 2100 2496 2757 1219 2444 1313 4505 4552 430
1583 2714 2081 1991 2602 4232 2293 504 4378 2150 2417 152 45 3987 1259 1383 4986 1708 584 3448 4319 4570 2855 867 2547 3858 4623 531 2936 2469 2373 804 2668 3062 3625 3576 1466 283 3786 4425 160 4297 1389 3609 2452 874 3877 3906 1819 2005 4025 3882 348 3005 1371 3034 4354 3912 669 4356 2372 47 4512 79 1746 2363 2977 4809 3315 2436 308 1157 4631 1689 3596 1134 1972 1163 2074 857 1833 1885 644 2260 2444 1807 573 702 2765 3059 1607 224 3850 2717 415 3085 130 2728 4719 3110 392 1044 2845 350 1186 835 77 1305 4953 1971 3801 2631 990 3210 3372 2210 1121 1856 4381 192 3789 2717 4492 165 1377 4712 1869 258 2985 265 4141 1063 4760 2874 953 3566 815 4087 1029 4209
1672 102 4411 4120 179 570 2208 3605 2011 1379 4691 4561 2759 1397 4875 4789 361 2344 1447 1742 3506 1084 203 3047 1763 183 1128 1665 4380 4664 1773 1899 3956 224 2700 3703 4122 2829 1432 3320 2647 1656 126 3903 4292 1665 4804 94 3774 2604 2665 4246 654 2790 4639 612 759 1480 1524 1604 3354 130 4681 3893 3008 43 630 3597 704 4548 1588 3640 57 1394 3531 69 1714 829 3001 4320 4942 1875 4092 2369 598 4232 4839 4237 2813 498 3928 849 4337 3563 3085 1169 4391 3348 906 787 3583 2792 4633 1272 2393 549 1707 2519 958 4068 4211 3329 4017 1697 645 2616 4358 2745 737 3867 3273 355 2855 1328 2722 1539 1030 697 899 267 2420 4120 861 4483 1937 3615 2135 712 248 631
1266 49 188 2571 3145 344 3263 1814 2896 223 3815 1246 4456 3601 549 3867 4121 580 1395 617 3552 2039 2907 4698 331 4033 4807 3778 4379 1558 4052 1470 2948 494 152 1331 3718 4398 1343 1694 687 2790 2387 621 4964 4352 3369 4399 2869 3066 2796 3780 937 4102 993 2651 3514 3568 4772 2080 4263 4716 4854 2640 2158 4884 599 2194 1836 3046 3227 553 2369 4521 3350 3111 3808 750 1285 3909 2306 4750 763 4566 4445 3222 1889 1246 3506 1965 1382 1379 3130 4323 130 4391 2618 3694 1863 3702 1444 4173 4696 2617 1583 3521 1250 2730 4587 1407 2845 4818 3217 1528 1999 1520 4212 2965 1314 187 1311 569 2306 1416 183 2879 4356 770 1379 385 2576 2542 4961 4358 399 827 3993 116 860 360
2453 1440 795 2562 739 1465 1737 2573 3738 4558 3821 2059 571 2370 3363 3344 3176 27 3515 2966 1896 1423 2289 1191 4874 3079 4835 4328 1779 3492 1824 1179 1600 1100 403 1824 2141 1872 122 1014 4759 4431 4219 760 4747 2990 3631 4976 394 2857 3615 2403 1676 1037 4290 3398 4196 2989 1065 1920 2188 684 4466 4179 3258 424 2369 1696 3988 1311 4599 3250 3109 418 272 1534 1391 3927 2430 797 1273 2861 1886 2097 411 3511 964 3377 2442 2669 4116 4922 303 4363 2728 3348 3694 2588 2376 645 4089 4696 4676 4873 3331 2289 3824 2704 1415 4358 3250 4450 1903 2535 2048 3194 166 3410 1788 3716 2864 3451 1595 1780 977 3285 4380 3853 454 2552 4116 3996 3816 3289 303 3872 4733 4243 880 2503
368 3863 395 1733 1714 1632 4202 3302 4180 449 1861 3080 2160 950 4680 1188 2607 4689 4329 3574 240 2095 4700 3728 697 3826 3602 2784 951 344 869 594 1546 691 351 4278 2078 4345 81 3190 836 4480 4105 1838 3642 4973 3411 3361 2946 1455 4630 4607 4106 4505 2977 2241 2540 4031 4197 4703 3127 4656 1477 3537 2305 4471 4660 718 495 3350 4229 225 2239 2764 4714 355 1492 1605 1533 576 4317 251 3936 4821 2072 4971 2109 3852 4883 3368 4904 4742 1736 4873 4719 906 1863 2376 4092 4999 3776 503 82 139 249 502 4652 3864 4098 4031 70 4959 4700 2244 2701 212 4569 3273 4416 2295 329 2760 1260 4958 386 3729 3372 3280 3504 107 3820 4976 4977 3596 2775 73 4776 1635 3908 1053
1973 753 4884 4809 4079 2530 3866 3661 4879 502 1464 633 3132 2300 478 2137 2092 298 1779 3527 2173 1431 3473 2253 2558 1015 902 2229 182 3265 1282 1347 4318 4138 1377 1291 4943 3872 3432 238 4667 2548 1528 2548 1547 3647 2248 1512 780 500 2607 1452 1933 2482 2887 4213 1077 1694 4051 2710 1371 78 208 1597 1744 2084 1359 2739 259 2241 4953 3314 4048 4849 3797 98 2145 245 413 3530 704 2217 3746 1999 2132 141 3089 4573 3465 4436 3087 1387 969 1630 3110 787 3702 645 4999 1528 945 4959 381 3594 354 937 3358 4772 1528 722 1011 1848 2199 2580 2109 1353 2382 3309 3083 3150 623 750 3811 2001 4600 103 3269 1996 258 4146 2051 830 3439 1165 151 1731 1078 4357 2517 4096
902 656 1285 2657 4297 311 1814 1763 491 3614 4725 4996 1759 3677 2881 4165 2843 4668 87 3302 2061 3288 3300 4536 871 4571 1915 4673 777 2755 480 431 2513 155 4960 4799 2843 1640 3181 4583 2386 3416 1689 3316 2831 2714 1278 2868 4624 2457 2501 792 122 2349 4339 302 716 3974 4307 2727 837 4346 4461 945 1086 518 1595 1884 1306 3255 1466 3455 505 2965 4483 4566 2047 4679 2335 2859 897 453 2330 3234 3216 2595 863 4761 4235 1912 1282 2647 2612 4606 392 3583 1444 4089 3776 945 3499 357 4856 118 4226 3167 1938 1081 739 3533 1881 1934 597 1523 232 4896 4301 1341 517 4270 376 1103 2337 918 4448 4280 4715 2579 747 202 1179 514 207 3836 409 2915 1172 561 765 428
4592 3995 4928 3207 63 1048 1408 1435 164 1063 1748 3363 4297 4357 4413 2970 4190 1080 971 4850 924 2927 4526 3635 1750 1048 4409 12 1660 4020 3791 4826 293 2131 2709 3009 4949 376 4626 2528 2250 1371 807 3970 2570 4283 3435 2327 3000 3875 4185 2379 862 1659 560 3779 3912 2786 393 4450 2195 1299 869 3076 387 4267 3206 2131 2091 2607 2169 2049 446 3213 1471 1235 4162 2813 2531 2011 3738 2231 3636 1893 3109 3865 4771 618 384 2344 1786 777 2269 3490 1044 2792 4173 4696 503 4959 357 1248 1423 3625 2963 1706 2128 21 1474 3050 2648 1079 1282 1470 3261 4860 3147 4874 2955 1775 2145 1604 1243 672 3814 1460 788 2115 4300 3014 4273 4124 3816 4049 1854 836 780 1063 1768 3176
952 2359 1250 1500 4851 3484 4148 1104 3020 2856 3371 1901 51 4338 1970 2804 376 1842 2272 1663 3342 444 988 504 4447 4188 2900 586 650 3860 4758 373 303 628 1567 1858 3780 4227 518 1082 4183 794 623 3876 81 400 81 1503 2076 2282 4307 991 3016 1677 3934 364 3942 2512 4674 1917 1800 1584 579 3105 872 453 207 4760 625 2405 3640 3849 633 1479 3085 4967 1445 3969 1930 1509 927 1271 2398 1725 1522 646 3631 4521 1525 1660 3888 2188 2634 1670 2845 4633 4696 4676 82 381 4856 1423 251 736 3383 4456 1921 4866 2525 3742 672 3271 4991 560 1972 494 861 4922 4688 3021 2322 1625 2422 3605 3535 3925 4926 1272 4875 408 449 4858 1856 1701 1025 570 1706 2299 4736 4531
4814 1845 2608 3557 1789 1047 677 3220 2151 4958 1698 4720 2612 914 2821 660 1671 771 200 1179 442 1985 4746 2458 2537 2898 1041 2649 1145 4162 4701 2709 3211 299 2204 3200 4736 4735 3084 1845 1593 2710 573 4305 1868 2528 220 2263 651 435 3736 2159 2442 2401 2070 2933 4622 2441 2350 4422 3246 3990 1058 1399 4878 901 2727 3075 1284 3955 4900 1483 1158 2530 1276 590 2504 4882 2682 2606 512 909 2359 4787 3895 3106 3589 4988 665 4138 4652 4879 2458 611 350 1272 2617 4873 139 3594 118 3625 736 2405 1581 1694 131 2626 1442 2480 2243 263 2328 527 1007 3730 1923 3820 2487 21 2890 1662 4102 3830 2324 4225 4782 2494 2356 1075 4272 1830 4186 995 3799 2133 2471 3623 410 2700
1207 2972 2301 3755 3958 2630 611 4481 406 3615 1445 3742 576 874 4998 1883 2483 1793 3313 4271 644 2553 928 2277 2821 1406 2954 1080 3002 2099 2841 3048 1066 4220 264 3869 300 864 2006 2411 79 4462 1568 4493 273 2932 4202 1801 3085 4625 1489 795 3752 3318 1991 3361 119 1911 2536 195 3423 1873 1303 4587 2026 4992 313 1118 4823 3641 2955 1800 1708 297 4240 4841 3891 1244 4769 2892 1347 3112 313 4687 4711 2380 200 1160 3765 4473 3265 1401 2262 2265 1186 2393 1583 3331 249 354 4226 2963 3383 1581 1979 4481 2003 720 1955 652 737 3979 3234 3495 3916 4142 1558 3671 4695 3118 3601 1098 2260 3020 2963 3353 3684 4350 242 2299 3858 1651 1694 1507 2236 2048 1533 2369 3768 4597
1746 1700 3116 2199 4766 1784 4108 2905 1398 2690 2631 1691 4090 3937 3236 3556 1627 1459 4913 747 897 2773 901 4662 2584 2984 1681 3438 3907 3722 2756 4731 15 637 4060 2877 782 1883 4222 3523 4984 904 4282 2476 2828 2465 2225 4896 3725 3551 4973 3604 347 1713 1174 1255 2866 3020 2000 2872 1607 3615 4797 3438 4697 871 2279 1891 2663 4081 1814 3101 2776 3632 1116 850 1854 211 2267 3143 3703 1229 4154 4784 1665 3732 1039 1523 4141 2350 4296 1275 1042 4891 835 549 3521 2289 502 937 3167 1706 4456 1694 4481 1501 622 493 4899 3256 749 2765 2314 678 1414 3760 621 1076 1330 1327 3668 3008 1624 3698 1592 2304 3729 2730 3065 488 4469 2163 1005 2264 4950 2911 3395 3408 4696 2675
74 1857 337 654 2510 1087 3927 1283 1594 3232 652 237 4073 4240 3511 3986 3364 1948 2744 4294 4495 1592 4479 3377 4924 3009 538 444 3287 516 324 1047 4377 3846 794 275 1271 2776 569 2332 2640 3520 2664 4438 3244 4878 4244 980 1082 4087 1887 3427 549 3219 1155 2095 2188 3440 4475 1959 2833 743 2642 3997 521 2199 2561 2011 4965 3957 4300 1975 3038 3344 4357 2511 1728 1278 126 2540 4133 2813 2000 3230 4867 784 4552 225 1826 3510 119 3885 884 4897 77 1707 1250 3824 4652 3358 1938 2128 1921 131 2003 622 4575 2013 4759 392 1267 1081 596 566 1051 4006 3371 1995 1421 1166 424 775 4352 820 3186 1542 4691 1979 2628 939 150 1822 4069 247 816 4894 2826 2167 688 61
2446 4268 4631 3604 2139 4800 2571 2895 1614 1054 3581 2143 2545 1772 297 3205 134 1638 1751 4831 2669 402 2702 981 2452 2926 1530 4896 3392 1080 4313 3097 2265 2084 3244 1805 1896 3631 1650 3942 1318 545 2134 3973 2721 2602 833 597 2322 476 1629 2154 4259 3860 309 4177 4303 297 1870 3730 1971 3230 1515 65 940 4646 1459 723 4590 2239 3419 1297 4288 4826 4721 420 1081 1295 645 1733 4244 1559 3058 2658 912 427 14 212 4721 761 1161 482 4381 4204 1305 2519 2730 2704 3864 4772 1081 21 4866 2626 720 493 2013 2663 4814 3662 2140 4638 4083 2349 1509 2029 2392 1674 2364 4704 4361 2404 3317 149 3047 3431 1889 2462 3496 3866 4484 4258 3406 1833 197 164 3046 1061 1060 4779
1233 596 1587 2512 2886 1127 369 3028 1421 2836 615 3389 2376 3401 1355 2507 664 43 2966 3566 1152 1770 3086 576 4731 3914 4389 3960 4450 1730 3415 576 4085 327 2444 463 112 3411 4519 1742 683 4965 1625 1344 4471 4292 802 4633 2487 686 4950 3880 2241 1815 1263 495 3893 3958 1275 4025 3526 2686 1518 959 361 4131 4724 56 73 1340 906 2324 2313 4169 3060 807 379 2995 3512 401 4910 473 3343 2255 3604 500 3345 529 3700 1377 276 4761 4488 2037 4953 958 4587 1415 4098 1528 739 1474 2525 1442 1955 4899 4759 4814 903 1094 3338 1716 3260 777 395 3737 3697 1656 2471 1867 3328 3598 3334 1972 341 1045 4626 2534 3938 1726 3498 3148 1993 1015 902 1730 586 3577 1777 2742
3289 1842 278 4526 3897 2815 3254 1918 1383 267 4146 3382 297 4120 543 4895 3081 769 36 1381 544 2863 565 1287 2799 3523 4700 3168 2200 743 1228 1744 1439 2849 1573 2026 4754 2767 117 3623 2764 2063 1179 2920 2299 3771 1985 210 3486 1682 4972 3273 1897 1245 1462 598 2049 3648 1026 1248 4590 1636 985 1301 2311 1845 1829 3866 2924 506 4367 623 1964 137 3278 1971 3925 3967 4790 2943 1723 3206 1099 686 1858 2682 326 690 4662 2074 3024 777 3186 1897 1971 4068 1407 4358 4031 722 3533 3050 3742 2480 652 3256 392 3662 1094 605 1288 2453 466 42 1671 4285 1323 3154 1695 4572 2034 3768 4266 4564 3746 2850 3314 3802 4437 4919 1604 225 1541 408 2270 2841 3949 2477 2123 517
2166 3594 3386 2784 2064 3325 380 3640 4308 892 4132 1052 908 717 4435 1348 165 2137 1184 3438 3628 1008 218 964 4432 4855 1741 176 2660 4279 4268 2759 3486 1652 3264 4751 1200 3618 2393 2733 3116 4190 2058 735 1304 3878 2165 664 711 2801 2782 750 3184 2830 1335 3092 4729 2368 827 712 722 1687 517 2741 322 1216 1781 3420 212 851 761 1464 4228 1006 2713 3963 3782 3060 1975 1811 590 4245 2039 4077 3798 4682 3749 1605 3174 36 4496 3631 4713 3859 3801 4211 2845 3250 70 1011 1881 2648 672 2243 737 749 1267 2140 3338 1288 1300 4223 4320 195 94 2469 1760 3461 2590 2177 191 738 2873 109 865 1390 4907 2930 3814 3385 3478 4349 4187 1754 4071 2513 4009 834 4481 4239
186 1030 2610 4900 3009 4100 950 3653 4096 3789 3372 4108 1795 4747 1247 1553 3818 3603 3568 1804 2901 4724 3471 174 2731 4405 1559 2833 3765 2801 937 501 3601 4244 4022 1745 1757 904 4707 3801 3284 4183 1379 1254 2896 3446 2424 232 4363 3615 354 581 1818 2053 1569 3432 3731 2678 2795 1161 4967 179 3500 3068 3176 2676 11 2934 1382 3034 24 1207 2322 389 3028 976 1131 4022 820 299 23 3100 1311 4466 4506 3158 1768 4681 2224 1754 1926 2835 1317 209 2631 3329 4818 4450 4959 1848 1934 1079 3271 263 3979 2765 1081 4638 1716 2453 4223 3522 368 3555 1738 2231 4397 1432 4902 850 4809 3991 2415 2472 4618 201 2542 1137 4456 936 3720 3338 1954 4450 703 551 531 3225 2271 2850
4611 619 601 3289 2288 1092 3017 1885 3803 1615 1333 3542 3961 1063 632 176 2694 94 427 2048 4581 4077 173 1215 312 73 2833 136 1909 1574 145 4144 976 1300 437 3106 4718 848 4197 4473 3479 1815 1492 129 4737 687 3150 2977 4793 2283 1023 4911 2947 4794 3041 3375 2300 3230 393 72 1224 239 1646 2707 4112 2676 164 1804 2317 1756 2871 3598 3429 2981 4115 2843 4441 1753 3019 1440 2310 2872 3657 4335 1244 3138 4547 3321 1892 716 4506 1391 1902 4171 990 4017 3217 1903 4700 2199 597 1282 4991 2328 3234 2314 596 4083 3260 466 4320 368 1840 4138 4030 130 4106 1750 3718 2268 3478 150 1935 3719 2945 4552 2984 2933 4435 1597 719 1770 3564 3449 3748 1605 3629 1988 643 2998
4929 812 3317 2298 3968 2882 757 3951 1353 2972 2787 3317 2526 4148 251 3400 2901 4134 2816 4970 3158 4150 1898 2822 1732 1408 3420 606 3096 4412 83 3554 2303 2879 1440 102 4490 2695 2796 4059 4273 3630 1568 1683 3427 788 3374 4184 291 1078 1518 4925 2841 3632 1518 3044 1522 612 918 3436 4334 4963 4818 41 424 4309 4100 3550 1394 3562 2591 4032 4530 166 266 1658 2590 4335 3230 2092 386 4115 412 3560 781 4351 1648 2576 4572 1927 1908 3728 806 1512 3210 1697 1528 2535 2244 2580 1523 1470 560 527 3495 678 566 2349 777 42 195 3555 4138 2033 3307 1818 4836 1479 4457 3240 374 1341 2970 2111 4824 1326 2099 4330 4125 3140 4192 3472 3587 3296 846 1191 3479 2088 2497 2790
118 407 4349 414 696 4836 1369 4432 3334 201 1293 1410 3960 2205 285 1085 2839 3695 3872 1125 836 993 4800 2699 212 1439 86 4338 176 1689 864 735 1287 3262 1250 4502 4309 3066 1807 3456 3434 95 1355 1434 1490 4282 1036 3487 3812 4419 1081 706 3564 1783 3513 4571 4174 228 4022 852 4387 2939 4955 3276 4575 2137 3969 976 4678 154 448 442 2297 4255 1259 3263 2981 3185 4900 3759 3671 4260 10 4111 2915 2374 2705 4834 489 3228 4846 983 3704 2540 3372 645 1999 2048 2701 2109 232 3261 1972 1007 3916 1414 1051 1509 395 1671 94 1738 4030 3307 2114 4100 2382 3182 698 974 2658 2559 1640 4373 3318 3897 3990 4915 2452 2627 324 180 1551 1602 1670 3893 3886 91 2077 2261
1315 1552 4053 4948 1001 329 241 4382 4758 2950 939 3951 790 3294 4818 2075 4334 1240 4163 4178 3533 1342 3791 682 240 4237 4423 1533 3771 3327 1682 3619 1128 168 4628 369 1361 1074 3431 3233 3603 3449 3862 262 1087 4471 495 1666 4869 2083 3570 1399 3575 2943 380 4856 135 3385 3378 2876 2173 4009 83 253 2772 4258 934 3696 3308 1857 2660 4603 1541 1449 1468 4486 1057 3144 3629 4464 4763 4445 1778 2858 4291 4120 2857 3927 2178 4844 746 3087 4396 4511 2210 2616 1520 3194 212 1353 4896 4860 494 3730 4142 3760 4006 2029 3737 4285 2469 2231 130 1818 4100 3278 4033 1328 2701 3641 1993 619 3945 2804 4043 1587 2589 290 143 4082 873 939 2954 652 3899 1493 2794 1051 2688 3555
2295 2117 2945 685 1276 4489 3302 3042 1895 714 1315 2277 4435 4619 4156 730 122 4342 2996 3814 4980 234 626 1805 3748 1271 1017 931 1198 2017 1339 1331 1845 244 3700 873 4169 3997 1457 2227 2520 4668 3363 3473 2893 2274 2064 4423 2011 498 3176 671 4178 46 4272 2830 2963 4671 3455 4826 793 648 3241 3376 1057 4324 2569 3673 1595 1444 3303 987 855 3868 3649 309 4632 3067 1294 1940 2851 337 4334 1542 576 4654 1590 622 618 3415 1779 350 2283 2864 1121 4358 4212 166 4569 2382 4301 3147 861 1923 1558 621 3371 2392 3697 1323 1760 4397 4106 4836 2382 4033 4409 2449 3146 1982 466 2628 3944 2032 3877 2609 651 3550 1185 3472 3353 1508 624 68 2021 324 4687 557 3646 1309
4865 2653 1381 1886 4092 240 963 4321 2973 181 851 2233 194 2791 4578 2725 1999 2526 727 1655 88 1817 3637 1648 872 2559 3235 3096 4669 2536 4424 922 3059 796 3711 4837 3769 2216 4745 82 2367 3019 3893 1450 4086 4056 3241 25 719 3344 1550 1212 515 3136 4979 680 4713 1002 1405 1861 2538 578 4000 4314 3650 3836 4057 4776 245 4383 3080 4220 460 759 148 4660 3202 1967 1792 1157 1648 4461 680 3371 2628 2491 2249 2808 1122 1615 2635 1075 4329 1892 1856 2745 2965 3410 3273 3309 1341 4874 4922 3820 3671 1076 1995 1674 1656 3154 3461 1432 1750 1479 3182 1328 2449 3053 1380 2642 4295 387 3271 1267 4171 3864 4304 681 3266 536 4920 1513 1165 3629 1865 1938 2270 4497 4109 1264
1884 1194 3942 2371 4463 4233 2668 3489 2470 380 3239 3646 3192 1091 3114 584 4613 3945 2990 1099 1914 4661 2735 1301 2707 469 3954 2933 452 888 1861 2167 1829 3424 927 4303 1185 4048 3418 4284 2187 2572 880 3306 501 3483 4617 781 4665 4902 1308 3521 1191 4589 1129 4659 2740 17 1628 3603 1458 3478 4891 3021 4403 1974 1287 1897 3455 3777 4208 4250 3180 354 1105 4044 1784 1018 400 489 2854 2752 477 180 4597 1665 2269 4895 4399 2198 981 3562 4680 3951 4381 737 1314 1788 4416 3083 517 2955 4688 2487 4695 1330 1421 2364 2471 1695 2590 4902 3718 4457 698 2701 3146 1380 3424 878 2236 2212 3110 1389 2304 1630 2283 2631 370 2650 1002 3754 3661 3336 3177 2137 3013 4769 2772 4749
4536 965 1417 4348 3042 1282 1478 488 3261 3417 4796 199 2127 3614 252 2110 3495 2570 692 60 4613 1639 4748 1763 412 1908 2156 266 2182 107 4500 3652 4263 1134 4604 2608 10 3146 3982 1041 2352 3321 1125 2765 1289 4273 4224 3950 2836 4211 1695 1243 4140 2302 3504 1497 1759 3409 2934 3417 3658 4474 347 1313 4334 213 781 1894 2971 2593 309 3400 3634 3278 2577 390 4830 4693 4845 1292 1037 2084 1605 4210 3735 2633 370 1357 23 1640 3069 1903 821 2057 192 3867 187 3716 2295 3150 4270 1775 3021 21 3118 1327 1166 4704 1867 4572 2177 850 2268 3240 974 3641 1982 2642 878 3268 291 4435 2161 4776 2714 2902 4469 359 1244 4409 2453 4006 3968 2934 3252 3625 2314 4718 3810 2741
4777 1671 1405 3121 1135 233 1255 3900 3963 3596 3910 48 4090 3866 2362 4297 3891 4560 17 4093 4304 3989 3144 1788 484 596 2106 2423 353 4198 4472 2600 296 4619 3228 1238 849 4945 3775 2199 1983 3442 2163 2600 4179 1371 185 3200 4183 3552 469 631 1192 3023 2462 893 2077 2652 4826 3243 806 1330 4042 3537 2041 4227 3248 1718 3948 1642 185 4724 3941 4932 3036 3762 292 2485 442 1113 3757 3874 2463 1923 785 4387 3766 2650 1401 590 1889 2264 813 2433 3789 3273 1311 2864 329 623 376 2145 2322 2890 3601 3668 424 4361 3328 2034 191 4809 3478 374 2658 1993 466 4295 2236 291 2594 1915 2286 24 954 3652 2868 3721 1464 2317 760 342 2877 4142 2724 1831 1745 4235 2178 2349
2386 2929 4831 4982 1325 4025 2807 4647 1335 1886 4083 2185 713 1803 3486 1521 3575 3980 210 4241 3769 3021 4999 4405 4712 867 1367 1868 1989 4916 138 2290 2371 3529 4554 758 2022 3926 2728 2566 4072 4398 4980 3927 2707 4824 3338 1033 447 3928 4396 4549 3894 3928 3613 2599 45 4733 869 234 195 3156 2980 244 2457 1838 2789 1192 1009 689 4370 4556 388 366 2535 4967 364 2483 3051 2879 3427 1933 1490 3261 197 1924 4309 816 409 2413 2259 1804 431 400 2717 355 569 3451 2760 750 1103 1604 1625 1662 1098 3008 775 2404 3598 3768 738 3991 150 1341 2559 619 2628 387 2212 4435 1915 1145 3285 1089 4351 1972 1702 829 4665 2282 955 3825 2676 3189 3893 4719 1456 1728 4690 4819
2158 2759 4300 3316 2620 1429 3890 4692 241 566 3879 4303 3642 2468 1088 4388 2521 4143 4232 1129 751 3782 2242 3483 1994 2002 3509 1603 967 1618 1997 2391 3805 1174 2738 2041 1234 3738 3689 522 3082 142 4247 2014 3219 3270 4074 3269 1893 190 2493 2681 1825 4206 4079 4231 4787 4957 1786 1166 2181 336 784 2162 4228 4688 1503 2778 3394 2044 4597 2313 2168 2747 4280 2762 1663 1724 3376 2775 286 4842 635 1739 2441 4955 4264 1807 4748 3511 146 4332 1297 3478 4492 2855 2306 1595 1260 3811 2337 1243 2422 4102 2260 1624 4352 3317 3334 4266 2873 2415 1935 2970 1640 3945 3944 3271 3110 2161 2286 3285 1041 3620 3448 2113 658 3059 545 4155 4384 4004 1859 3282 78 1631 2857 3099 3140 4409
2738 1957 114 4248 4121 1388 2455 349 2867 2413 3441 2085 4275 4812 239 2200 4720 2828 2163 2560 1975 793 3072 4354 1243 259 3468 4014 3998 67 4571 3123 3866 2156 836 1916 2068 1627 966 3738 1902 3962 1333 2631 3729 2543 2849 4821 845 3290 3117 430 2415 4068 609 3516 4109 806 4866 1795 1913 2055 4492 4418 4429 3202 2834 3956 3516 2475 4171 2321 1717 3908 4324 912 1400 64 3905 2498 69 2813 2701 2291 2364 3778 1781 1781 279 3372 427 1644 696 4350 165 1328 1416 1780 4958 2001 918 672 3605 3830 3020 3698 820 149 1972 4564 109 2472 3719 2111 4373 2804 2032 1267 1389 4776 24 1089 3620 1422 1535 421 800 3366 4141 1321 586 506 2952 4355 1043 4051 1655 3417 4418 882
4475 1689 3572 95 831 2448 664 2442 989 4070 137 2894 1557 1122 4820 2352 3809 4254 2147 3243 4689 4043 2383 4248 1525 4878 2154 1731 4565 127 994 3059 4282 3491 3334 52 496 4160 4555 4226 943 1882 1822 1766 4366 4647 4752 735 609 3282 547 1558 2250 3271 4341 662 4414 359 1012 4959 1502 4427 475 2698 935 1911 2613 2662 145 3625 1174 2537 4831 1875 2886 3127 2354 924 545 250 1281 1497 4154 1233 3358 4675 318 3335 4852 4729 613 1224 3095 3034 1377 2722 183 977 386 4600 4448 3814 3535 2324 2963 1592 3186 3047 341 3746 865 4618 2945 4824 3318 4043 3877 4171 2304 2714 954 4351 3448 1535 3745 337 4120 695 1797 3937 3604 23 1072 77 3505 896 1505 3358 4396 3231
3159 2595 4967 4273 783 586 4744 590 4720 1590 1186 585 3518 4470 1878 3894 780 3870 4846 4446 3568 3421 579 4037 4174 1607 1445 348 3426 3044 4485 3063 641 1023 447 4483 1597 3611 2512 1053 2641 3907 1864 70 2807 508 1229 142 4055 3699 878 779 1226 3555 3875 2582 4695 533 477 1909 3291 199 1446 4453 4737 3314 185 347 974 2693 1216 636 3413 2386 4558 283 4006 2316 1888 3832 3573 248 4626 3765 107 1391 41 2765 1615 4940 1196 1163 3982 3077 4712 1539 2879 3285 3729 103 4280 1460 3925 4225 3353 2304 1542 3431 1045 2850 1390 201 4552 1326 3897 1587 2609 3864 1630 2902 3652 1972 2113 421 337 2730 2156 4723 3583 419 901 1671 913 2165 3973 741 2816 2982 3749 313
4678 4658 1571 3679 387 54 1226 1889 3580 1196 909 1186 29 520 4968 3524 1893 1039 1552 2881 4266 4212 1537 4111 63 2219 2834 2449 1972 118 1977 3034 1249 3835 3081 1047 3931 4189 2138 4376 2109 2202 3129 1601 4855 4835 4710 587 3679 575 2326 3114 1754 3685 406 3027 195 2635 2957 2529 4276 2558 61 2634 2282 553 2253 3865 1116 3297 1621 1268 1869 3052 1122 2537 812 2525 3511 4509 2433 3523 3486 3048 2400 3353 199 3688 3053 1156 2875 4492 4854 2229 1869 1030 4356 4380 3372 3269 4715 788 4926 4782 3684 3729 4691 1889 4626 3314 4907 2542 2984 2099 3990 2589 651 4304 2283 4469 2868 1702 658 800 4120 2156 1948 4843 3285 1122 3576 2799 2768 108 516 2182 2346 4005 601 1790
4183 2202 4616 4017 3221 3552 1654 2786 2452 527 669 2709 3199 3798 4887 1578 3703 1085 4443 64 2114 1231 1647 2796 30 928 2673 1071 456 1265 989 2424 4991 3202 1682 4532 3561 3352 2681 4192 3462 3849 4155 1127 1394 3589 314 3931 2021 4330 372 1167 4477 1642 4718 1011 1583 2398 4667 4047 2204 2247 1238 2758 3873 4789 4894 3361 4728 2061 73 2081 2432 450 2611 1699 1859 859 3628 2997 1767 2204 3426 3150 249 2114 4511 4142 2785 1429 1288 945 4220 4833 258 697 770 3853 3280 1996 2579 2115 1272 2494 4350 2730 1979 2462 2534 3802 2930 1137 2933 4330 4915 290 3550 681 2631 359 3721 829 3059 3366 695 4723 4843 2805 1057 2962 4128 3299 1374 4889 2842 2149 343 2483 1936 2778
2774 2320 628 2653 4317 2883 2485 3635 1121 4816 3047 4271 4427 2483 3193 1814 1163 456 3703 4228 3532 975 1912 2503 3843 2842 1454 954 673 325 3928 3526 1877 1455 3651 4535 507 1317 3356 4632 3416 1189 449 2040 537 2819 466 715 923 2347 2948 1507 3075 478 3576 2567 1649 4445 2054 556 1604 3711 1540 2259 4479 4855 1646 690 145 921 2174 3657 4229 176 2757 2957 2263 4533 2660 2264 1334 2519 3330 773 452 3387 429 4058 2864 3670 2432 1033 1047 571 2985 899 1379 454 3504 258 747 4300 4875 2356 242 3065 2628 3496 3938 4437 3814 4456 4435 4125 2452 143 1185 3266 370 1244 1464 4665 545 4141 1797 3583 3285 1057 999 2753 1461 3181 1011 4388 2326 3658 3806 4469 3883 4459
3723 2029 3918 870 235 1717 1166 4203 3010 3340 2615 2985 1824 3275 4864 4993 2731 1840 1808 4786 971 2234 4270 981 4174 706 810 4926 1074 175 4388 1896 1042 3161 3737 41 2513 3495 3870 3278 3257 57 2059 1553 296 1530 4362 4011 869 4919 4391 4497 1815 2248 3205 3461 4127 4188 2683 2787 2417 2513 4410 785 1081 792 140 3524 3888 2535 517 1809 4356 3720 1836 286 2086 3054 4197 1800 3068 41 940 4720 3654 1354 971 3946 3143 4629 2602 4768 393 1637 265 267 385 2552 107 4146 202 3014 408 1075 2299 488 939 3866 1726 4919 3385 936 1597 3140 2627 4082 3472 536 2650 4409 2317 2282 4155 1321 3937 419 1122 2962 2753 1083 4580 2839 1999 774 3567 983 3979 3319 1653 4591
2879 3532 3108 21 4187 4737 3151 1264 3507 3323 3647 1895 4361 92 2862 4282 2313 1132 2365 4510 28 1121 4636 1769 2453 4319 700 1445 948 359 1239 1470 4193 2101 4964 4813 2613 4473 3680 1690 1160 4751 2224 3705 2489 2456 3788 854 1815 4261 2600 3099 124 1830 3521 122 3350 3416 3649 3876 4912 2759 4678 2737 2541 3542 4826 2074 2871 4917 3175 4247 3472 2448 2858 941 1658 259 1130 58 750 1584 3128 2656 2429 1149 3080 3535 1622 128 4650 1166 3653 1649 4141 2420 2576 4116 3820 2051 1179 4273 449 4272 3858 4469 150 4484 3498 1604 3478 3720 719 4192 324 873 3353 4920 1002 2453 760 955 4384 586 3604 901 3576 4128 1461 4580 3814 2605 3223 292 2469 2441 2919 1401 1748 4243
503 2201 708 3420 1690 327 4193 4980 3990 4142 256 303 3882 375 4762 4166 503 3901 3582 3080 4988 1177 16 2901 3224 4501 3334 3454 1218 4846 4852 793 3748 149 3473 1775 281 2843 1722 1631 1159 1888 2437 401 4351 3196 4401 3967 1721 2510 2236 1517 1885 4513 4595 2501 1981 4145 4552 787 3649 4210 4799 1651 4075 2318 1867 2385 755 3916 2386 986 2818 4172 342 1964 2057 4060 3540 449 3291 2414 126 1821 3922 3050 526 2914 4210 2086 3899 4749 3505 2100 1063 4120 2542 3996 4976 830 514 4124 4858 1830 1651 2163 1822 4258 3148 225 4349 3338 1770 3472 180 939 1508 1513 3754 4006 342 3825 4004 506 23 1671 2799 3299 3181 2839 2605 1485 3501 3511 3126 3273 2030 2611 4155 3630
3682 2038 1845 3415 2962 184 639 2341 1282 2567 2822 3880 3247 4194 2131 435 1971 3877 1360 4165 863 3665 3657 4495 87 654 2850 1926 2360 4282 43 478 1571 2517 2802 1626 2890 1775 3732 3206 3533 4706 2576 3796 2034 4202 4872 4676 4735 4940 3149 80 1251 4826 1351 1244 2127 4894 3603 1601 463 127 550 2310 3250 4126 2685 4195 3167 2556 2035 1170 1392 565 2968 4323 16 12 4663 1640 3031 1169 3237 4529 3850 3742 3604 10 890 3182 864 4633 1503 2496 4760 861 4961 3816 4977 3439 207 3816 1856 4186 1694 1005 4069 3406 1993 1541 4187 1954 3564 3587 1551 2954 624 1165 3661 3968 2877 2676 1859 2952 1072 913 2768 1374 1011 1999 3223 3501 2488 2398 4184 199 3480 4313 946 3143
83 3700 1017 1347 1023 1924 2108 1132 3137 4378 2900 837 4480 913 1181 1682 1897 3643 324 1940 2094 3491 1312 4950 4095 423 3774 3378 3612 2086 2529 2645 2427 2710 3372 3213 564 857 2056 2861 1746 4566 1484 1338 3954 1323 2376 2981 3537 1499 94 1114 4575 18 2996 4247 1610 2655 3942 4539 2634 1005 961 10 2750 680 3113 1408 1858 2517 2876 2090 2545 2984 4521 2512 173 399 4402 521 3251 3068 2889 826 23 592 1522 3882 1263 3201 4154 3686 3423 2757 2874 4483 4358 3289 3596 1165 3836 4049 1701 995 1507 2264 247 1833 1015 408 1754 4450 3449 3296 1602 652 68 3629 3336 2934 4142 3189 3282 4355 77 2165 108 4889 4388 774 292 3511 2398 4403 1277 4347 2806 4013 3075 3922
4867 3626 503 2342 2828 3710 2192 1692 3452 2309 3548 391 4779 2509 809 4697 2003 4232 107 3526 2423 4160 3902 2423 4240 2559 238 3238 2349 2799 2276 2455 754 1368 1093 2412 3290 4120 2427 1952 639 3521 3002 224 2115 2477 4611 1290 1256 1382 2421 3291 1505 557 3333 3845 1948 1726 1953 4830 3278 735 637 4257 1761 2650 17 4606 3435 4592 1911 795 3357 4966 4632 4193 59 2243 3422 488 1376 3743 3455 2280 333 1637 1718 4247 4541 626 4462 1165 286 1219 953 1937 399 303 2775 151 409 1854 1025 3799 2236 4950 816 197 902 2270 4071 703 3748 846 1670 3899 2021 1865 3177 3252 2724 3893 78 1043 3505 3973 516 2842 2326 3567 2469 3126 4184 1277 4122 1787 4480 2653 3078 3149
4642 718 4483 4561 3207 4297 3949 4900 3149 4143 4190 1993 3883 2203 2647 3095 3949 2622 3371 4279 2922 404 141 1403 4138 1279 1223 981 4304 1665 2184 4489 4231 3680 4284 2955 3711 4070 2119 4712 4769 3558 2363 2872 541 2258 4201 233 370 2857 3786 3704 1706 2491 1249 4589 4598 4492 4634 1209 322 558 4518 1779 3079 3660 28 1058 136 2604 2274 1897 2217 855 4268 4590 3108 3935 1757 122 1510 2361 3591 1251 4783 4238 4050 2545 2971 1699 2148 3747 4155 2444 3566 3615 827 3872 73 1731 2915 836 570 2133 2048 2911 4894 164 1730 2841 2513 551 1605 1191 3893 1493 324 1938 2137 3625 1831 4719 1631 4051 896 741 2182 2149 3658 983 2441 3273 199 4347 1787 4103 1318 4760 897 4008
1112 3299 4156 2360 3432 2877 3910 3728 2256 1065 1919 529 4759 2823 33 1491 3454 4865 2133 3112 2127 830 941 4450 2099 1364 3501 1133 2310 3110 4433 2268 1568 4559 1025 4461 2236 607 2940 2434 3211 132 4100 1686 1640 79 1222 3105 2523 1350 1540 364 3548 579 4658 1450 2869 4358 4982 1636 2136 2521 2433 3191 1897 3947 571 427 1871 1643 3946 739 1011 218 412 4039 2121 1436 4076 3918 31 1824 2518 718 3016 2258 3798 4179 4572 1010 4653 753 4957 1313 815 2135 3993 4733 4776 1078 1172 780 1706 2471 1533 3395 2826 3046 586 3949 4009 531 3629 3479 3886 2794 4687 2270 3013 2314 1745 1456 2857 1655 1505 2816 2346 343 3806 3979 2919 2030 3480 2806 4480 1318 1635 3977 4595 1712
4484 1033 848 116 2229 4075 2118 1877 4390 3974 2082 3781 3364 3992 3724 2260 3500 3871 644 2961 4279 3369 1243 3343 1017 231 1711 3735 2789 1027 4038 4878 4522 3020 1315 4753 2845 2716 3918 2573 371 3669 1295 2245 3538 1134 1578 1659 4941 4428 4956 1089 3541 1716 3081 3676 3545 2491 2447 1069 151 3635 1430 3881 4273 2276 3532 3436 2652 3823 4670 2904 4274 1194 4700 2565 2804 4820 4600 3105 3997 4311 472 1340 357 3025 1595 3808 4380 2057 3183 195 2042 4505 4087 712 116 4243 1635 4357 561 1063 2299 3623 2369 3408 2167 1061 3577 2477 834 3225 1988 2088 91 1051 557 4497 4769 4718 4235 1728 3099 3417 3358 2982 4005 2483 4469 3319 1401 2611 4313 4013 2653 4760 3977 4223 1799 2048
1461 3985 4455 4677 1330 2709 1423 4644 4816 3017 796 1733 3584 43 4362 1289 3259 3658 3867 341 395 2564 3135 2852 1852 1215 2437 2301 4481 293 1587 1517 838 3147 1293 2897 2937 2797 4149 4384 3570 457 4021 3323 4886 2149 105 4929 1902 4793 3632 417 2571 4266 2503 3460 1152 3055 2693 3157 2803 3096 2218 4824 3576 2851 15 774 1452 999 3526 4799 196 4800 4868 4639 2120 1275 213 2504 1467 1017 4665 2964 3564 1351 4786 1352 2484 4854 1299 2569 1394 4552 1029 248 860 880 3908 2517 765 1768 4736 410 3768 4696 688 1060 1777 2123 4481 2271 643 2497 2077 2688 3646 4109 2772 3810 2178 4690 3140 4418 4396 3749 601 1936 3883 1653 1748 4155 946 3075 3078 897 4595 1799 1783 2847
3438 3208 2858 3055 1901 1911 3532 3010 2672 311 4744 3736 3928 674 422 2653 85 2618 1940 4429 4624 4218 2996 96 1233 1039 3305 1810 4821 683 1354 702 3971 2317 1980 3308 1071 1680 1062 3284 4376 1540 688 250 58 3272 2532 3533 2692 1852 141 4036 1869 3810 1545 3317 4925 861 1915 3831 2461 176 1161 2486 1063 4829 4860 4675 4988 1948 85 1583 2711 3201 4577 457 1155 3710 4814 4394 3353 536 4205 1589 4750 4763 2927 2094 1431 1344 319 795 1209 430 4209 631 360 2503 1053 4096 428 3176 4531 2700 4597 2675 61 4779 2742 517 4239 2850 2998 2790 2261 3555 1309 1264 4749 2741 2349 4819 4409 882 3231 313 1790 2778 4459 4591 4243 3630 3143 3922 3149 4008 1712 2048 2847 4610
