N: 140
M: 20
Symmetric: true
Triangle: false
10 8 71 43 60 116 106 64 97 32 63
9 5 41 45 47 134 131 19 101 12
6 46 94 139 112 108 100
8 3 53 125 68 98 127 39 92
8 31 18 1 62 25 27 128 107
9 120 118 81 113 90 28 89 80 130
5 88 99 16 84 24
3 11 55 103
8 58 77 54 38 36 140 49 44
5 115 119 7 33 61
9 91 9 117 65 21 104 121 29 93
7 69 23 78 83 110 82 132
7 135 133 13 48 79 10 66
6 86 17 4 102 50 111
7 42 67 37 105 73 114 122
3 136 22 34
5 40 35 123 129 96
4 109 20 57 14
12 2 15 6 87 56 30 52 126 76 74 26 95
9 75 85 137 72 124 51 70 59 138
271 2536 3814 2763 4427 3142 2330 2755 683 3265 1889 2662 4933 3622 4759 2182 1356 541 2242 4335 4565 2371 2716 1524 4133 2807 2985 4609 396 1998 2651 225 3555 2800 513 4882 1139 4861 632 1900 3817 1611 2635 2254 973 1744 2972 2674 3880 2620 1223 2803 2947 1386 3395 4337 2717 2126 4309 3421 2047 108 1593 45 4961 945 3200 3656 4346 3358 585 1435 2412 4112 284 4508 646 3754 4562 3575 4693 340 1075 3737 3788 3890 2019 882 2714 4624 2903 415 3548 4938 1235 1703 278 1370 4700 3935 2532 2483 3865 4447 2133 3747 3396 4976 2151 569 3341 4038 2570 2172 953 3278 1014 411 3105 2975 2218 4252 4417 4668 4630 750 1742 3494 1719 1675 252 178 379 3861 2329 4356 2168 1382 602 2910
2536 830 3662 1596 1456 612 769 3065 2400 2384 3358 2361 2791 2154 180 2336 2949 2432 1721 3800 3383 3471 1923 3885 2776 4449 1933 1375 2167 48 721 858 500 1341 2259 869 4388 2614 1330 4913 771 377 2371 111 1324 1205 3761 59 4815 1060 488 2011 3379 4380 3773 1965 3924 830 3484 1634 4898 3042 1831 972 214 1118 3234 2876 2968 2555 4990 1605 1551 711 3662 4517 3381 3091 1009 4171 2319 3186 3192 2780 507 4693 3673 839 4970 2885 4589 3150 648 3792 183 2134 1568 4385 2129 1081 3156 4406 1409 469 1323 3556 3285 1883 1318 1574 753 2292 4645 4341 2859 186 4992 1681 3343 3549 1679 946 4274 3603 4036 1310 4076 3679 2941 419 167 2694 4276 3772 18 1376 4363 4206 3109 3725
3814 3662 1842 1346 4518 2356 1936 1906 343 1549 1298 4200 4371 1827 433 2763 1312 3987 4260 2169 4980 2386 3720 1499 2412 2858 4405 3059 4534 3616 4804 2539 187 3094 4297 2607 1767 3660 4772 2138 875 3294 3539 2231 1752 3602 4833 881 1153 1225 3388 2262 3105 2168 4231 4413 1992 308 752 565 4827 3328 860 1950 4002 4940 4853 4146 2587 1838 4256 3959 2896 547 455 310 944 2079 712 4539 1220 1385 4431 1132 4709 3146 268 3431 3507 4699 3046 2844 551 198 753 3505 2508 1545 4321 2912 3202 2226 4075 4368 4024 4709 3495 4017 1966 4258 2361 1376 3945 4540 3986 1921 4929 3624 1352 1328 2996 4961 1886 2820 247 3207 132 807 3937 3441 4329 1898 2842 1550 4323 2456 120 2684 4372 3646
2763 1596 1346 3152 618 1302 2353 197 2888 4964 4089 2701 3212 3326 2023 909 310 4684 3186 2355 2731 2582 526 3529 384 2283 36 4829 3882 1670 947 4031 692 2176 4357 2742 3632 2849 2876 4959 1204 3513 4906 1011 3455 514 3263 157 4525 1690 1228 2149 1937 2728 3264 4769 1187 3687 92 3833 3935 835 2853 4713 4350 3580 4226 4954 3575 4251 1088 4297 2379 3069 4808 4568 3739 3161 2654 4681 3636 3073 3389 3224 1435 1185 4219 3077 1581 3626 3323 3113 4802 4684 2820 4027 2077 4924 2444 565 4031 1573 4273 3517 1259 1835 1765 4876 1062 2528 4753 4466 1775 959 2497 2792 1609 296 1277 4570 4449 742 2662 106 3290 2887 1861 1550 4437 2578 2942 1484 2358 4489 276 2032 991 2250 323 2353
4427 1456 4518 618 4711 3434 1171 4994 1427 2521 2121 1346 1712 755 4256 1338 2551 1746 3968 2820 1637 2878 4511 4209 441 1945 3534 2814 3308 305 1025 4810 734 2448 290 4891 958 105 426 4973 3743 772 3583 835 123 4185 4501 3542 2062 927 2865 2146 2152 3919 1551 2948 219 2320 1419 1023 3852 4606 4986 1731 1779 2788 3611 979 2784 1750 101 980 3417 3772 2365 4847 3654 550 1824 4126 3847 3289 3747 2429 1538 2717 3854 34 2574 2925 2294 4385 1203 1516 130 3797 3178 2042 705 4994 4639 501 230 3439 554 3716 2963 1138 1349 1184 1711 1629 115 4060 4814 1591 2334 4133 2777 1963 1764 4307 3787 1494 100 4021 2045 4849 1967 3121 64 1676 3148 1894 716 2428 2014 1259 4771 4232
3142 612 2356 1302 3434 3243 1495 4514 1167 3531 779 4344 2645 3826 1795 4116 473 2540 1744 1298 633 3005 3761 1836 4104 3409 1636 2867 4149 4702 2781 2836 2022 4889 20 4753 2683 1658 1464 1287 4052 1756 2836 674 4655 14 4040 431 290 641 1832 3396 1016 2135 2253 2254 3578 4208 596 4908 4118 912 861 40 4707 258 1616 2546 1271 3743 182 4883 710 4522 201 4903 954 2787 577 3439 1881 2354 1510 1673 2592 3000 2813 4000 714 63 1586 2509 4172 213 3339 2199 2994 4409 4562 4938 3131 1654 3541 1509 4484 2787 1117 3746 764 2888 274 3856 3079 2548 1851 4851 4168 97 1705 738 1093 2299 649 124 4368 1185 3278 1379 2254 3442 2746 4472 1834 216 546 3488 1857 1461 4769 2961
2330 769 1936 2353 1171 1495 1127 3177 2420 2074 2762 1924 1431 3785 1058 1618 1026 782 4576 3277 2630 3053 908 3770 4262 3679 4415 1598 3776 1152 2508 4298 3777 1844 1122 346 3761 4297 3970 2630 2697 1018 3575 2741 1645 370 3428 2393 4066 3142 2874 3739 829 172 202 3089 313 1396 1255 1093 4631 3592 3491 2660 4400 1065 4273 2980 1582 569 4249 3788 3253 4431 805 4496 1689 1563 3564 1012 2194 1117 4795 4936 738 2842 1032 3493 4326 1668 1722 4498 529 3761 997 2291 4594 3420 1103 2916 3699 4289 3097 1851 3594 2971 2814 4884 1718 1996 1689 2757 193 2557 3536 2215 2526 2197 1923 2790 2921 56 812 541 1737 152 2606 4314 2575 29 1902 499 4050 3193 575 4560 3530 4158 2948 1562
2755 3065 1906 197 4994 4514 3177 4134 280 3671 1319 1324 3192 1027 2718 2911 1242 1385 678 4961 273 1850 786 4621 3226 4012 747 4446 4567 3375 4040 189 2705 3241 4343 2737 1366 1123 213 1710 3151 2133 657 4405 4422 4680 2165 264 4126 2004 3314 3299 1799 3317 257 1830 3160 1894 898 536 3746 2391 4054 754 981 2930 585 2760 1758 11 3079 4669 3942 3829 4782 4873 634 851 442 2084 713 784 4371 1229 3571 1007 560 814 518 1906 993 1355 2578 1192 4416 2928 2572 1323 3528 1312 270 2036 2142 2477 2218 3058 4081 721 2210 3431 4646 498 3519 332 4630 1246 3047 2136 2310 3369 962 1769 369 2740 4990 1903 2666 598 3721 100 3963 1963 3161 1604 1543 155 3775 548 4691 1283
683 2400 343 2888 1427 1167 2420 280 1709 2213 1661 609 538 3464 1080 3440 774 4983 1051 2053 4083 3917 3706 1811 2322 1472 625 1112 2296 4996 4244 521 775 4997 2608 112 3434 1895 2014 3603 3826 4529 3321 1429 110 2086 2351 1770 624 2716 4748 1826 3780 4238 1552 3072 2989 639 2891 562 3112 2750 1683 1953 3140 2039 42 829 3763 4307 4738 2799 4208 1831 1075 3751 2341 2604 2708 1659 4795 255 4414 640 2525 3167 877 3245 4787 2379 3160 4061 3153 2792 3225 4383 1753 1965 3911 3970 94 1490 813 3300 4935 4917 2898 92 4691 937 3167 1994 2520 1032 2012 2094 3638 791 2847 1643 3966 749 3046 1752 81 4660 3849 1721 4869 49 4448 170 3540 338 3607 2824 359 128 2891 3203
3265 2384 1549 4964 2521 3531 2074 3671 2213 1752 3655 1937 4638 4968 777 4193 1304 4097 807 2870 1419 3270 1824 704 3483 844 3921 13 1027 577 1973 3128 4546 619 2691 4651 890 4290 1098 3570 1065 954 3835 1604 2829 3102 3550 617 1997 4313 2264 1673 1825 4373 3537 336 2192 3363 1290 2628 2573 2825 1811 2753 1436 2415 2989 3381 3117 3827 3477 149 3539 2706 4553 704 1176 413 2298 4326 4299 4427 1103 2107 4593 1944 1170 4196 3962 2228 4340 354 1461 396 2491 1270 1468 2466 4578 1511 2303 1700 719 3148 707 719 2816 471 4159 4385 3729 4459 382 4803 4796 957 3547 3805 2483 3337 4608 450 539 1667 1794 929 4767 1837 212 4378 4567 2401 258 4988 531 4591 4430 1617 3962 743
1889 3358 1298 4089 2121 779 2762 1319 1661 3655 2095 3858 237 4526 1622 454 659 4683 1453 3351 110 2718 2453 3468 2330 3682 650 3176 1122 220 2984 3739 4226 2763 3198 4068 2349 4984 3577 3261 3676 1918 2386 1747 800 4293 991 42 2409 199 4216 2400 2021 1093 3374 2961 141 4871 3290 3734 4958 1176 50 4220 3041 3854 3701 587 813 2710 618 3071 224 931 4864 4174 2986 2311 1084 921 3865 1613 238 1697 3864 40 4644 1070 1589 2082 2558 3083 231 3891 273 327 1746 269 77 1729 3757 2548 4063 1790 122 2108 341 100 119 4800 1646 2376 2830 1052 3719 408 902 3134 304 758 2621 1819 2201 1589 864 3206 1227 1721 3364 4168 4685 542 465 4604 180 2108 3885 853 1126 4683
2662 2361 4200 2701 1346 4344 1924 1324 609 1937 3858 3979 4689 2114 3022 1627 3729 1482 4720 4981 2773 4894 1100 2120 1516 1453 10 2905 1460 4797 996 2258 2175 3677 4018 1833 43 253 2685 2648 3606 2484 2221 4343 4994 4397 3855 2146 1899 1540 1768 1172 527 2054 4692 1629 3524 3616 632 872 3429 2164 1767 4108 3682 3648 4732 1098 3612 1276 1687 3018 2250 3988 1567 2353 3800 2015 4135 4950 4897 2540 2067 4277 10 3937 3343 3370 2763 2974 658 3173 402 4951 166 4444 4112 1216 718 488 1306 4860 2007 2678 2780 2513 1637 1901 4331 3161 909 26 4792 3747 4958 937 3218 4291 4945 1255 4989 567 1932 660 1948 2967 2564 4437 4478 3042 4641 2148 3944 3576 347 1852 4720 4307 3063 846
4933 2791 4371 3212 1712 2645 1431 3192 538 4638 237 4689 110 4987 3704 626 1588 1504 1827 1234 4917 2694 2652 2613 838 19 1816 329 4866 2852 3014 3061 1166 4583 1363 2394 4813 416 4812 487 880 2864 1217 4061 4041 1737 689 147 4946 3700 3114 4441 4809 949 3107 4225 2656 1029 759 1047 2901 506 789 4473 3799 2791 2475 2040 1578 1718 1734 4121 184 1075 4744 503 4503 4386 2102 175 3637 3991 3107 2303 190 190 1190 1326 2503 4633 1766 1432 301 34 429 2540 843 1754 1494 809 1081 3342 1763 1999 4261 1839 4443 1899 4481 3942 1813 3381 548 3682 1757 1392 1876 1123 1062 3149 2700 3042 3417 4469 4880 821 1693 1694 4906 2282 1245 3644 3537 2049 4026 2908 2779 357 1278 4388
3622 2154 1827 3326 755 3826 3785 1027 3464 4968 4526 2114 4987 258 3891 2864 2807 3692 4627 466 2861 2610 1231 3420 4883 4353 2033 862 2625 3358 4930 619 4389 690 4026 1219 4740 4819 4691 1723 1815 1770 4160 3818 4750 2529 1047 390 4950 1456 3514 838 3429 1110 3085 4938 3261 3086 4527 2569 4573 1164 2755 1275 1571 2985 4258 1727 4221 2580 4951 952 811 3397 503 3664 1084 3498 2461 805 604 3967 2458 1468 2188 4831 1211 891 346 2590 3145 4722 4038 918 2451 2274 1209 1435 3872 1999 662 1160 2876 888 409 3897 2260 4681 3782 961 961 2105 2549 3183 1838 4184 4624 482 3493 4070 540 1353 3294 510 3086 3174 649 2238 2370 4733 3869 4782 4735 3759 4723 4772 2311 3237 2080 2414
4759 180 433 2023 4256 1795 1058 2718 1080 777 1622 3022 3704 3891 1818 3785 884 4101 4934 1343 99 4128 2385 2302 2843 3737 4918 4886 1673 4679 4019 3516 1867 1647 2070 2321 4811 1321 2442 400 3794 1219 3126 4665 687 3351 4581 4685 766 4609 1642 4082 1673 196 1364 468 4885 1886 3351 955 3817 190 4201 1674 324 1405 4808 4335 4411 3381 1598 4905 3484 206 548 1319 1142 3834 1240 3636 4867 3109 191 2258 2904 1299 4055 602 2951 126 3488 4960 1342 4139 4410 2177 2283 4254 1298 1182 4277 2789 2855 4005 4820 2001 1849 1351 4586 3507 2344 2530 1215 3703 4893 685 4602 2547 3498 3132 3145 1229 3484 1041 4025 4111 1099 966 1617 2702 1823 2050 3718 312 2114 97 3835 4570 2572 4715
2182 2336 2763 909 1338 4116 1618 2911 3440 4193 454 1627 626 2864 3785 3891 1542 4581 1943 4866 4671 3875 3554 1236 1513 1153 790 3890 726 2882 2805 4600 2052 2063 3686 486 1279 2186 1916 482 4963 2896 18 3360 1161 1490 2302 4879 1559 4867 492 1443 2975 3066 20 76 1812 906 572 4790 3877 1654 21 3460 1898 2250 1981 3271 1446 4952 4592 4485 4759 1944 3116 2253 3718 457 4779 4154 4066 4836 1253 2654 4468 3700 3728 1419 198 616 3143 2616 2894 2123 2629 2492 1738 3614 800 1876 4823 2228 2598 2518 4874 4357 169 613 1919 4634 418 1676 4116 1241 977 3319 2551 3589 381 30 1473 2718 2075 3570 4492 1318 1220 3645 3292 270 4678 1322 4511 4682 3572 2371 627 1251 934 1246
1356 2949 1312 310 2551 473 1026 1242 774 1304 659 3729 1588 2807 884 1542 4338 3370 2616 2011 4028 2228 378 4597 3634 3712 157 1872 3974 3344 2691 1220 2395 234 4148 3984 1054 3767 3722 3110 4809 4903 2810 350 4295 567 1307 4872 2539 4429 3847 3730 3945 612 2045 4680 2654 3346 3305 4164 3473 4015 3763 4149 1930 2797 3139 3306 4123 3252 929 695 1231 4977 2161 4048 15 4257 3130 2072 1525 358 2681 753 3361 3113 4501 4176 4126 2260 1133 1814 4926 4053 1822 1859 1435 4252 165 2429 569 1829 3767 4364 2285 3285 4113 3674 3180 4795 798 1208 3784 3688 4416 2397 379 1937 3305 1708 4581 4011 4575 760 2442 4462 2855 3995 4643 987 3924 668 2218 3002 944 1211 95 3652 3272 3361
541 2432 3987 4684 1746 2540 782 1385 4983 4097 4683 1482 1504 3692 4101 4581 3370 352 4233 1834 1947 2785 4987 3035 1726 3516 4602 1499 149 296 3798 4005 3949 4426 1556 4441 3774 4934 4427 4687 2702 3171 2514 2744 4648 4280 411 1730 3646 949 1642 1574 4024 1145 1814 3256 2059 4225 3326 531 3477 4068 577 4954 1253 620 3722 3599 3703 2298 374 3120 157 996 3020 3971 233 2983 261 2950 969 1333 1619 4823 2167 3435 3658 2428 3046 4266 811 3180 1964 657 794 1077 3894 109 4382 1932 4357 2150 216 2754 1901 2938 2468 4896 2481 2355 4855 959 2311 1470 2910 735 372 2175 1187 2085 3551 1883 332 1560 459 3199 709 749 3375 3059 1196 909 2853 781 3976 2520 1574 718 1059 430
2242 1721 4260 3186 3968 1744 4576 678 1051 807 1453 4720 1827 4627 4934 1943 2616 4233 3409 1780 132 1574 1102 1565 1034 633 4361 1522 2377 4140 3620 4542 2536 4549 2645 4048 2499 3871 3793 999 638 3884 3540 851 821 3776 1402 4022 530 4360 2981 3983 829 1653 1205 2507 2240 4789 754 4284 2258 3812 2375 1284 3540 1083 16 3856 2276 3520 2136 2808 4506 1377 2179 1569 863 4588 2550 3426 717 2402 4585 1052 1470 3082 1738 3475 1660 4922 217 362 133 3432 2987 2963 2038 843 1475 1164 4379 1436 1680 3016 157 4612 4463 3277 4771 4230 4833 3546 4715 1298 4143 2537 191 1079 3895 2495 3708 2355 1076 4178 26 4652 478 1784 4693 4562 3457 3407 829 4953 1577 2631 86 2924 1184 4316
4335 3800 2169 2355 2820 1298 3277 4961 2053 2870 3351 4981 1234 466 1343 4866 2011 1834 1780 4173 4957 679 3736 4031 4272 4072 4689 584 1799 397 4381 2762 4356 954 2855 4420 1857 4134 2694 4999 4436 4099 1498 55 2739 1440 4522 1427 377 2771 3966 2773 3670 4712 3704 2856 1393 4407 981 2803 156 3302 3357 1372 1046 613 4372 3076 672 107 28 1989 3894 1190 3661 1274 3057 3422 4868 2407 2154 4003 1651 2716 345 3581 4906 1251 2520 486 1009 2133 1423 403 4117 4141 3294 4320 1470 4080 3868 907 351 1241 1726 37 2773 2538 3165 3063 1427 3228 3496 1075 1888 1296 89 3145 4623 2744 2780 3027 2651 1022 2879 499 250 93 1053 455 2616 4057 3704 3143 4447 3107 1004 1075 3712 192
4565 3383 4980 2731 1637 633 2630 273 4083 1419 110 2773 4917 2861 99 4671 4028 1947 132 4957 2885 238 4137 3599 766 4718 3534 3057 3301 4047 1536 2974 4780 3954 616 4710 3976 4115 3507 4784 1314 888 2701 1459 2226 2491 4469 2618 3432 4878 2735 4189 4793 1831 1571 3263 371 601 3655 2098 4947 618 3079 606 3973 1856 3034 2720 710 2618 2369 3905 4883 479 1091 3006 1457 2219 3310 176 3285 349 684 187 4164 2550 253 4383 3381 2804 3187 4206 4243 1545 2578 4918 712 537 3826 1076 2087 2469 2343 2169 128 3077 2028 2722 4134 1656 768 294 738 4996 636 437 2443 3451 4287 1876 2256 1491 1919 2849 4805 2027 1734 4561 2816 4594 1870 637 2232 866 4864 2989 3247 4053 2924 2600
2371 3471 2386 2582 2878 3005 3053 1850 3917 3270 2718 4894 2694 2610 4128 3875 2228 2785 1574 679 238 27 2076 2861 2291 1332 1771 169 3576 602 2726 4433 2135 4403 4495 319 4665 2052 838 2083 3121 2901 4980 577 4397 4072 3862 719 3819 3684 90 4615 3244 1057 1552 3020 882 314 618 1123 459 568 3523 229 95 3893 4862 69 1889 2665 3067 4492 4537 2258 4470 1625 3753 3504 773 3475 569 4637 2922 649 3805 4399 567 2264 3908 4912 23 4026 3511 2646 2331 3448 4927 3303 2384 3923 3240 3240 1888 2909 1853 2717 4739 853 549 4384 4543 635 185 3087 531 3850 2766 3632 1288 2160 88 119 3669 2280 3637 1927 3900 1366 3419 4131 2986 153 2803 3531 3552 4163 2507 1034 4784 1543
2716 1923 3720 526 4511 3761 908 786 3706 1824 2453 1100 2652 1231 2385 3554 378 4987 1102 3736 4137 2076 1661 4659 3506 2962 3975 3437 1885 299 1096 1794 227 1433 2068 3328 2500 4358 4445 1386 1946 4212 1373 1234 2993 2110 3825 1499 4922 903 4513 3828 138 2790 4343 1640 3990 1896 2282 3671 3628 3043 2137 2783 2083 3134 383 372 1153 1561 1832 194 3506 2335 4510 2833 4023 634 838 4831 2986 2541 3867 1878 173 3668 2805 2561 1533 2009 3320 3489 3849 492 2193 4298 4322 906 2893 1543 2142 1098 1085 4708 751 1765 96 3136 1722 3759 4913 4232 1186 4175 985 2668 4052 289 4816 1763 3408 2093 1357 2761 2814 1345 694 4393 364 948 2283 4869 225 442 4505 2402 2445 3461 2188 2633
1524 3885 1499 3529 4209 1836 3770 4621 1811 704 3468 2120 2613 3420 2302 1236 4597 3035 1565 4031 3599 2861 4659 2818 289 4229 3033 169 2164 3484 3691 4972 4623 1112 3934 3502 48 1960 3687 279 778 4178 2756 1748 4070 3071 3020 4391 3440 3750 4199 2933 4547 1561 3949 2588 2118 4039 502 1393 2511 797 2770 2494 3801 2847 2185 134 4661 4548 1990 536 3684 974 1322 2415 437 1610 2602 828 4913 4509 4826 3482 1023 2120 3353 266 2664 1029 1934 2318 265 2907 4783 2780 38 1795 4402 4530 3091 1051 1287 2641 1822 797 2328 985 207 4020 2496 1792 1114 1265 284 3721 2267 1454 4057 4767 556 4579 3763 4261 4166 1207 1962 2919 3596 4716 3632 902 725 1681 1861 2342 2774 493 3502 1995
4133 2776 2412 384 441 4104 4262 3226 2322 3483 2330 1516 838 4883 2843 1513 3634 1726 1034 4272 766 2291 3506 289 687 1490 2698 1965 1493 3355 1816 2644 594 761 1084 2427 1623 3136 889 1602 815 3257 4973 903 4442 2224 4036 532 2049 160 2060 296 183 4849 2589 1329 4276 773 1442 4445 4181 1364 2576 3783 3113 2948 4673 720 84 3249 376 1314 4215 1962 3578 4788 4737 4352 1653 801 4240 4007 1706 2317 860 1115 4955 3446 3442 2401 981 4617 4254 1256 4106 2690 3304 1564 563 4775 1899 2719 1562 103 4331 556 1154 4954 3444 908 174 360 4164 3512 2703 3740 2353 2608 4576 502 4939 1174 2969 3495 2263 4692 4514 3462 3388 129 4503 3987 4536 1279 1919 4339 4269 705 820 4385
2807 4449 2858 2283 1945 3409 3679 4012 1472 844 3682 1453 19 4353 3737 1153 3712 3516 633 4072 4718 1332 2962 4229 1490 4827 4079 3289 2925 2042 1726 483 1363 4467 2858 4488 1171 1744 2857 3016 277 2676 1025 2067 2982 4200 3268 3161 809 3565 4197 2871 4059 233 1239 3610 1635 2229 4312 2643 3560 4852 848 2501 1278 1168 4312 4355 349 15 3034 3295 2319 1323 1665 881 260 455 1843 637 3582 3091 1098 437 2089 108 502 1625 4493 2529 2137 3158 903 216 4424 939 2362 1300 4866 2955 1485 744 2322 345 1877 4973 4096 4359 3972 1797 3817 4229 1472 2744 3158 3933 4644 2180 1451 2728 3199 3821 4810 4412 3485 734 2089 3009 3435 2390 3868 2529 2707 3834 1631 3120 4558 114 3146 3554
2985 1933 4405 36 3534 1636 4415 747 625 3921 650 10 1816 2033 4918 790 157 4602 4361 4689 3534 1771 3975 3033 2698 4079 1253 4248 1717 4371 1632 1398 1246 170 2044 1375 1357 968 2394 3453 4060 3308 4298 1366 3502 2330 4478 1097 3420 2743 4724 3333 1363 3161 3616 342 1058 1447 306 1947 3338 4059 4311 4488 1549 365 3934 3588 2787 2976 1165 3257 3847 3864 3443 2208 4697 2645 707 3014 3702 1080 4376 1719 3490 4303 2194 3966 2305 1609 648 3195 3182 4554 4139 1417 3005 1176 4705 4593 3651 4682 1078 1530 2358 2339 3756 4316 3168 511 4907 2683 2307 2396 2468 2991 2297 2478 2818 2463 1416 863 1075 3550 963 4760 1525 3831 778 3143 4180 376 790 3596 1899 3999 2269 2818 1479 161
4609 1375 3059 4829 2814 2867 1598 4446 1112 13 3176 2905 329 862 4886 3890 1872 1499 1522 584 3057 169 3437 169 1965 3289 4248 578 1794 4333 2913 2088 3536 735 2439 463 4830 1292 1508 496 4059 3580 3668 1430 2119 4238 2113 2370 2284 707 3498 4417 336 4046 364 1584 2874 2618 1494 2866 1272 4208 595 326 328 2886 3729 2503 575 45 1291 1988 3114 1260 4879 1911 3388 1241 3746 509 4902 2408 3809 375 3075 2477 2864 4334 4060 4940 3498 4740 4451 489 1036 3817 1704 2978 2386 3803 164 1916 1330 1801 847 1141 691 680 1940 2490 476 3719 1651 3076 1198 3636 4088 3634 2947 4360 382 4877 4909 1925 3350 3646 190 2327 3914 325 3039 455 2165 3702 1033 3247 1443 4778 3202 4247
396 2167 4534 3882 3308 4149 3776 4567 2296 1027 1122 1460 4866 2625 1673 726 3974 149 2377 1799 3301 3576 1885 2164 1493 2925 1717 1794 442 2216 1464 1753 4242 3118 2958 2562 138 3545 4505 1276 4907 4605 3530 3882 514 807 2193 1594 3986 1344 1225 169 2627 4553 684 4309 3351 670 3026 2211 4943 1484 1780 4632 2361 815 4666 4769 1632 3946 2834 345 4368 2031 4464 2725 3068 3790 4104 2382 1684 360 2223 447 505 3417 4976 4613 3714 3441 3477 1326 3393 1024 1971 2875 1147 3273 802 970 693 3517 3419 3095 3128 1666 2020 2080 3259 285 2515 4914 3350 1359 2441 3800 1597 1725 1382 526 1191 4236 2781 1342 1108 1018 477 1568 2669 1925 19 948 3954 1779 1516 1934 2006 3438 4586 227
1998 48 3616 1670 305 4702 1152 3375 4996 577 220 4797 2852 3358 4679 2882 3344 296 4140 397 4047 602 299 3484 3355 2042 4371 4333 2216 716 268 4376 4076 1299 2994 2865 4590 4552 801 774 3026 1983 395 4669 3806 167 4634 2688 168 532 4615 4870 1276 3336 1272 1873 4841 4976 4522 2855 2728 381 3129 4367 1471 1903 4590 386 38 2180 391 1412 2374 1683 912 2807 3165 3521 2209 2770 2121 2510 2689 1807 927 1091 2132 145 2005 1072 2415 613 947 3067 1481 3196 116 874 2143 4147 2073 4905 4078 4528 1006 2383 2830 3714 318 3780 4710 1341 3546 2285 166 4369 3624 369 35 2835 1256 2392 3519 4778 936 2357 186 2080 1117 1433 1069 1069 189 2784 3835 4922 845 4612 4983 2792
2651 721 4804 947 1025 2781 2508 4040 4244 1973 2984 996 3014 4930 4019 2805 2691 3798 3620 4381 1536 2726 1096 3691 1816 1726 1632 2913 1464 268 2064 1475 3083 3982 4427 1477 2311 1792 4920 1242 1316 26 2116 2694 965 1518 97 12 2809 3974 3362 4776 2701 4505 2029 752 4097 11 937 747 1804 267 1783 222 3044 1568 705 2568 4403 2066 1509 281 830 1069 892 1130 1312 4738 968 3244 4827 3241 1785 1395 409 3772 4806 1215 1428 3813 595 1497 2992 2885 4451 1785 229 1365 193 2847 1840 3723 1744 3498 1236 2599 4221 3775 1841 3455 1495 3358 3273 661 2687 1000 3398 4026 3787 1359 4399 3758 2433 1059 2092 1194 2132 626 1982 4209 4379 1355 4742 1121 4115 2796 1810 3244 1387 4307
225 858 2539 4031 4810 2836 4298 189 521 3128 3739 2258 3061 619 3516 4600 1220 4005 4542 2762 2974 4433 1794 4972 2644 483 1398 2088 1753 4376 1475 159 3827 480 3873 3522 4892 749 2548 4274 2199 2352 3546 4981 2961 1520 1215 4864 4678 4367 2305 360 3730 4385 2297 4996 4586 811 4807 3788 1974 1485 3755 4088 3973 327 2312 3498 2740 18 2535 3668 948 2649 3662 196 3347 4417 775 4306 407 1916 1662 4541 340 1761 4818 2795 1369 4221 1103 1153 644 2111 282 501 4392 2160 2653 1394 1983 942 2019 3507 625 1669 2706 3378 2765 198 4479 4642 853 4579 1698 4533 2997 4916 3787 747 2010 2537 4269 2612 3868 1356 2017 629 4608 4655 45 3706 2941 4233 497 545 2101 2910 1168 2349
3555 500 187 692 734 2022 3777 2705 775 4546 4226 2175 1166 4389 1867 2052 2395 3949 2536 4356 4780 2135 227 4623 594 1363 1246 3536 4242 4076 3083 3827 2575 3289 4815 4889 3859 3121 1130 3199 2063 1623 3190 3328 3980 4107 931 3608 393 709 826 3833 1821 123 2767 2220 4408 2412 1970 107 2589 3236 4121 3467 4119 2739 24 3493 469 3159 4478 1253 2625 4630 1732 1389 4043 3226 4183 395 3878 2763 2925 2764 29 2053 2947 2709 4019 116 2083 4428 4254 1501 2588 1925 2831 3557 796 426 4346 1456 2982 84 1298 3884 1049 4554 3526 2571 2301 4202 2711 2612 1945 4648 269 256 3120 1686 1275 1152 4600 759 1799 2486 1347 2429 2017 2110 4362 3169 1002 4452 1123 2698 609 4402 1101 1480
2800 1341 3094 2176 2448 4889 1844 3241 4997 619 2763 3677 4583 690 1647 2063 234 4426 4549 954 3954 4403 1433 1112 761 4467 170 735 3118 1299 3982 480 3289 3336 2355 230 1950 3165 2719 4094 3597 3341 4393 787 221 361 3329 3226 3389 2570 1896 3610 1900 3471 4412 4635 2362 537 3173 15 3288 4902 368 1280 3195 316 1682 2221 4791 360 3104 3916 551 3696 1957 702 810 2956 2288 2892 602 4628 1874 3013 2381 3932 966 648 2642 3289 3692 1717 1439 4129 4687 4846 1782 2019 1802 601 650 891 1380 4408 3104 2737 400 3781 4172 1673 3996 823 157 263 2437 4203 1342 1662 2360 4036 2685 1278 887 827 4212 32 4796 2154 2070 1721 1564 4311 3506 2032 4784 4254 204 383 1636 942
513 2259 4297 4357 290 20 1122 4343 2608 2691 3198 4018 1363 4026 2070 3686 4148 1556 2645 2855 616 4495 2068 3934 1084 2858 2044 2439 2958 2994 4427 3873 4815 2355 176 3009 599 1679 3001 2342 520 2382 4967 723 1486 1478 4361 4806 3266 1760 976 4522 3719 2809 414 2376 2092 519 3317 193 3187 221 967 1798 86 705 4112 190 682 3270 407 1478 1983 715 2744 317 2496 2858 1886 369 118 3800 4655 3949 1477 4463 4207 4994 878 2895 1554 1001 3793 370 1661 4249 480 4026 2464 3162 362 2350 4109 2215 3631 4383 3478 4213 3566 800 4193 116 165 868 4076 2467 2545 4034 3515 4599 3280 2456 3310 1934 1025 2457 938 1452 3607 1866 2240 3382 95 3667 3335 2378 3036 3812 4644 4608
4882 869 2607 2742 4891 4753 346 2737 112 4651 4068 1833 2394 1219 2321 486 3984 4441 4048 4420 4710 319 3328 3502 2427 4488 1375 463 2562 2865 1477 3522 4889 230 3009 1252 495 4591 4940 2147 1454 3280 187 2704 2412 209 1697 365 1788 902 2564 1044 2404 2314 3382 3653 4024 372 4109 4237 711 4080 195 1406 2675 164 101 4188 3816 897 3146 4816 822 1123 3470 2023 2001 4139 4718 1481 31 3234 2901 2788 397 932 1136 3167 1590 3477 3544 1166 1922 2794 1872 760 741 2910 3793 2920 1461 4173 3034 4262 1521 4857 3453 702 2947 3341 2141 1217 1394 3538 115 3837 4670 1284 3749 3289 2965 2071 1754 1179 305 188 850 345 4132 4275 728 4447 1611 2575 2576 4763 4412 1131 4992 2801
1139 4388 1767 3632 958 2683 3761 1366 3434 890 2349 43 4813 4740 4811 1279 1054 3774 2499 1857 3976 4665 2500 48 1623 1171 1357 4830 138 4590 2311 4892 3859 1950 599 495 2355 3939 1801 1101 2807 3197 3034 3502 498 2098 3771 1286 4501 1901 4963 309 589 4283 801 2144 4557 666 3599 408 3911 1276 2981 4448 991 1674 4727 1890 2237 4612 4791 2963 1514 176 4826 4099 2877 954 612 3750 4869 3126 3100 921 2818 1670 4137 2408 3827 1885 2951 1767 145 2811 235 2378 3719 3714 2465 4505 1801 3023 4467 52 3049 2211 4470 3796 4042 3902 3787 4934 468 1504 1084 4980 833 729 2977 3442 3101 2002 4135 3227 4628 4923 1713 3363 4969 4274 3448 502 430 4768 3246 639 4905 2529 1402 3079
4861 2614 3660 2849 105 1658 4297 1123 1895 4290 4984 253 416 4819 1321 2186 3767 4934 3871 4134 4115 2052 4358 1960 3136 1744 968 1292 3545 4552 1792 749 3121 3165 1679 4591 3939 1283 4655 246 4976 388 4687 2236 2630 4555 4871 2784 993 3473 2494 2125 3723 3623 1816 3858 1865 3969 4701 4619 2061 2370 2436 3195 3446 2215 1514 492 546 3401 2980 21 1371 340 2982 4914 3270 3366 1735 3944 1195 236 4171 4739 17 4344 255 1288 4067 1809 4731 4337 185 2600 2950 1882 3803 712 56 2248 1445 3512 2723 3093 4023 3784 4952 1613 3295 4773 2091 3114 1211 4501 2859 1938 1303 329 3634 1553 1509 4871 300 253 3040 4917 1984 2946 274 3384 3431 2148 3888 819 2608 1040 2758 3179 2115 4721
632 1330 4772 2876 426 1464 3970 213 2014 1098 3577 2685 4812 4691 2442 1916 3722 4427 3793 2694 3507 838 4445 3687 889 2857 2394 1508 4505 801 4920 2548 1130 2719 3001 4940 1801 4655 1151 1383 4579 2946 1886 1011 1850 4493 1984 3451 1760 632 3462 2906 1556 1626 49 2832 4966 4877 1526 1154 1305 2627 3578 4809 3440 3277 2151 4014 1660 3400 4993 4703 2357 1541 843 3245 3831 2326 4927 827 4358 3573 1870 2977 553 3013 1920 145 4877 2416 4203 4122 987 475 2847 392 2557 1337 1553 2285 1459 2942 4052 3628 3338 1206 34 2831 3123 1606 4850 4797 3596 1980 1265 1271 444 3839 1698 2297 4832 2445 922 1881 3864 3591 3161 2793 1237 2982 2724 2558 2897 1358 2669 188 649 2051 4060 2296
1900 4913 2138 4959 4973 1287 2630 1710 3603 3570 3261 2648 487 1723 400 482 3110 4687 999 4999 4784 2083 1386 279 1602 3016 3453 496 1276 774 1242 4274 3199 4094 2342 2147 1101 246 1383 3568 1350 4891 2886 3748 1202 3641 3521 2718 503 4345 160 1615 808 2524 1978 2709 2930 4853 2343 3001 1193 2091 211 3612 4142 4340 2084 3218 1916 4320 4891 4222 2192 3284 4653 722 1420 1416 2792 3488 4272 1428 4134 4285 1192 4551 4950 2720 598 1953 370 198 1834 3325 3343 4587 3939 229 3259 4443 1215 2471 4454 4237 4831 2346 491 4449 1052 2882 4171 1618 2553 1243 3654 2066 2016 1847 4486 1949 324 4345 4661 2029 2246 3515 4708 3758 1856 3559 4508 3280 4606 4031 3471 2503 2976 1616 3249 2008
3817 771 875 1204 3743 4052 2697 3151 3826 1065 3676 3606 880 1815 3794 4963 4809 2702 638 4436 1314 3121 1946 778 815 277 4060 4059 4907 3026 1316 2199 2063 3597 520 1454 2807 4976 4579 1350 3838 4064 4708 933 2744 2903 1244 1798 1185 164 3510 1575 2264 2506 4575 4911 531 936 4633 4216 2893 2781 2043 3329 4203 964 1491 4952 1929 3440 2365 3073 4260 1867 3238 3706 1295 393 177 509 1868 4610 3816 709 3313 1886 4270 3031 3424 998 3739 4373 4703 1626 3267 1074 3380 3881 1064 529 1973 2244 891 4410 3455 3958 2960 2560 2622 4507 4537 1158 4178 47 3910 3273 1214 3216 2805 1257 1204 10 1798 1704 4900 3784 4315 2285 3592 724 1641 221 2446 2676 3806 2613 2615 2108 291 2439
1611 377 3294 3513 772 1756 1018 2133 4529 954 1918 2484 2864 1770 1219 2896 4903 3171 3884 4099 888 2901 4212 4178 3257 2676 3308 3580 4605 1983 26 2352 1623 3341 2382 3280 3197 388 2946 4891 4064 4217 2795 2067 759 1567 2369 1809 351 1296 4313 1761 4199 192 2310 4868 4576 4969 2940 1761 3564 1371 1224 1297 161 1112 2828 370 1541 4660 1260 3860 720 2835 4476 2634 2873 749 398 3693 2574 3595 1427 976 159 580 2518 498 4499 2103 4850 1193 3304 821 4040 2165 4771 2907 3382 1365 3649 4459 21 3119 1516 2151 987 2060 180 314 1641 840 3180 3814 4667 290 1989 4358 1305 2425 3695 1351 2897 4889 3952 3716 4071 3774 3610 213 4218 182 1924 4917 2613 1315 1938 1089 2984 994
2635 2371 3539 4906 3583 2836 3575 657 3321 3835 2386 2221 1217 4160 3126 18 2810 2514 3540 1498 2701 4980 1373 2756 4973 1025 4298 3668 3530 395 2116 3546 3190 4393 4967 187 3034 4687 1886 2886 4708 2795 669 4116 2363 1783 834 1956 1557 4830 3041 1705 1781 1839 3181 1325 1326 974 1971 4262 894 1182 3176 3553 3761 4543 2501 3258 4174 3312 3889 4036 4786 1755 3186 4721 774 4439 3681 982 3262 1217 479 4014 4833 3268 135 2487 1582 3932 4817 1480 4727 3387 1174 1415 4613 2210 4097 226 1421 1720 3833 735 3964 53 4169 1925 1324 16 1138 131 1156 3325 136 1203 4936 1227 1231 4526 2475 1826 3689 2771 4935 873 2533 632 597 4185 2899 4062 2181 2056 3327 3879 3724 3348 64 266
2254 111 2231 1011 835 674 2741 4405 1429 1604 1747 4343 4061 3818 4665 3360 350 2744 851 55 1459 577 1234 1748 903 2067 1366 1430 3882 4669 2694 4981 3328 787 723 2704 3502 2236 1011 3748 933 2067 4116 2288 2760 1344 4957 153 4790 3451 2605 3564 3394 2522 1913 1399 3857 3058 3196 568 379 3626 2983 3596 214 2967 1074 3915 4638 656 296 2797 279 2580 4798 4618 3816 4649 2246 4029 4712 526 4772 1238 600 3647 1509 346 3276 1526 3695 4564 3660 1989 4647 3965 850 3155 291 330 3632 3854 4382 3855 2660 1301 3530 3678 549 4173 4692 4232 508 3942 3453 3674 574 868 3037 4320 2401 4890 2870 1711 2996 1058 4180 1536 872 699 1331 3319 3230 3143 2082 2744 4518 2511 4517 16
973 1324 1752 3455 123 4655 1645 4422 110 2829 800 4994 4041 4750 687 1161 4295 4648 821 2739 2226 4397 2993 4070 4442 2982 3502 2119 514 3806 965 2961 3980 221 1486 2412 498 2630 1850 1202 2744 759 2363 2760 650 4365 1964 2264 646 4392 2942 3528 153 4594 3697 1541 2201 332 3355 2576 3233 2547 2233 4841 4151 3231 2461 3111 868 530 4954 4836 3126 3821 4868 1101 1614 1472 2165 236 2757 1989 4648 4974 4710 2647 4008 383 4591 4371 4772 4329 4239 2810 708 2163 2248 2759 1163 1151 3990 913 4150 3409 1632 2086 3402 483 2270 1856 4975 695 2297 666 2884 3257 1324 2246 3593 2487 4527 1531 4763 2788 4721 3819 3456 1845 2200 2815 4171 4402 3176 3966 1425 2357 706 4389 1769 727
1744 1205 3602 514 4185 14 370 4680 2086 3102 4293 4397 1737 2529 3351 1490 567 4280 3776 1440 2491 4072 2110 3071 2224 4200 2330 4238 807 167 1518 1520 4107 361 1478 209 2098 4555 4493 3641 2903 1567 1783 1344 4365 4882 4388 4579 3299 731 1283 1238 3041 3817 4252 3014 3722 537 1914 1581 2315 3599 4390 2688 532 4006 4933 3434 177 1206 651 803 3069 317 4502 1358 271 679 1295 1388 4693 4996 4799 1111 3718 4022 216 3583 2992 1701 1054 4568 328 2772 658 4586 3429 4764 2853 4760 553 1128 3090 2816 501 3012 256 3160 3319 2018 123 4445 3553 1580 2274 3533 3323 92 2041 4527 2435 2806 4241 1042 367 174 1447 272 4609 3385 3866 162 4594 3324 2536 1416 276 1683 2524 4800
2972 3761 4833 3263 4501 4040 3428 2165 2351 3550 991 3855 689 1047 4581 2302 1307 411 1402 4522 4469 3862 3825 3020 4036 3268 4478 2113 2193 4634 97 1215 931 3329 4361 1697 3771 4871 1984 3521 1244 2369 834 4957 1964 4388 2413 3047 722 639 2593 2453 762 3991 2446 858 4590 4164 1814 2783 3440 2139 77 2065 4774 4910 373 4828 3801 4410 415 515 3115 1772 1984 476 1826 543 1926 764 412 2099 2801 982 1722 4844 3198 4124 4369 1722 4717 2193 1086 1774 2566 1738 2136 4488 2824 2496 1651 1896 2723 1812 650 3444 3610 2218 3631 2404 1804 3241 3614 1496 4544 4668 3095 2385 3294 2274 1776 2800 3486 2901 923 1855 4827 2125 1867 3288 3886 3956 4582 1279 612 1279 4131 1476 2144 3746
2674 59 881 157 3542 431 2393 264 1770 617 42 2146 147 390 4685 4879 4872 1730 4022 1427 2618 719 1499 4391 532 3161 1097 2370 1594 2688 12 4864 3608 3226 4806 365 1286 2784 3451 2718 1798 1809 1956 153 2264 4579 3047 4787 3994 2543 659 4777 3372 2530 2431 1561 632 3073 4105 918 4654 3262 1332 4192 1981 2905 296 2056 2941 3295 4703 2193 3241 1046 2843 1395 3797 1166 3942 4476 3081 433 4333 4366 2490 2072 691 4315 1441 1806 803 4312 2912 2729 2735 3785 649 911 123 1009 435 3354 2289 812 3752 4598 4941 936 2377 1508 4209 783 4029 2463 4905 2911 298 517 4872 2352 3793 3133 2494 1285 3826 3679 4169 2530 1061 3621 4510 3783 29 1306 1281 566 1123 1166 4211 3588
3880 4815 1153 4525 2062 290 4066 4126 624 1997 2409 1899 4946 4950 766 1559 2539 3646 530 377 3432 3819 4922 3440 2049 809 3420 2284 3986 168 2809 4678 393 3389 3266 1788 4501 993 1760 503 1185 351 1557 4790 646 3299 722 3994 3925 1565 2861 2825 154 1804 1569 2954 1969 1911 4603 625 1128 2812 2126 830 3567 3869 3038 214 327 1526 3788 4041 2079 1754 643 3886 1460 2073 2291 3175 4203 4743 74 2296 2465 2910 3179 254 2297 1968 4276 1458 640 4411 4427 51 2089 49 1680 816 3826 556 4176 4806 2320 3273 4782 429 476 2547 4888 3844 4697 3081 2944 1463 891 1710 271 2294 2441 4159 901 353 102 3323 1327 4871 3631 3846 2681 2301 3997 2525 4897 846 1290 4960 4155 2376
2620 1060 1225 1690 927 641 3142 2004 2716 4313 199 1540 3700 1456 4609 4867 4429 949 4360 2771 4878 3684 903 3750 160 3565 2743 707 1344 532 3974 4367 709 2570 1760 902 1901 3473 632 4345 164 1296 4830 3451 4392 731 639 2543 1565 1262 1682 2011 2230 512 4592 358 2094 2903 1058 2279 2901 3835 2782 2684 3892 232 4439 1210 1081 1643 3410 257 947 523 1667 229 4838 4659 2254 3425 3032 1979 1399 308 4833 583 1270 266 2495 1544 3360 317 1014 2888 2496 1392 88 1833 4054 968 4869 3177 2835 3341 3987 349 1262 4291 4184 2780 2054 4519 3124 2862 2932 3280 4510 1277 4538 3256 3748 1117 111 4508 2200 717 1637 4740 2747 3094 760 3934 3540 1511 3197 2817 1602 4412 684 2319
1223 488 3388 1228 2865 1832 2874 3314 4748 2264 4216 1768 3114 3514 1642 492 3847 1642 2981 3966 2735 90 4513 4199 2060 4197 4724 3498 1225 4615 3362 2305 826 1896 976 2564 4963 2494 3462 160 3510 4313 3041 2605 2942 1283 2593 659 2861 1682 3108 3595 460 3715 4231 4501 201 3109 581 2105 4411 2360 2996 4870 1911 929 2334 424 807 4240 872 228 2172 3071 1720 3569 1583 4563 2546 3282 497 1245 963 2664 561 1162 1686 2072 2844 1922 1549 454 778 2545 4528 1550 1246 2627 2663 2014 4627 3068 3098 2477 1586 2131 3928 4212 1390 989 3199 180 4916 1013 1845 4653 3091 1108 3411 2924 2051 4509 3601 2994 284 773 1549 1046 3042 4221 2672 2492 3021 2711 4869 1519 4102 394 1214 2208
2803 2011 2262 2149 2146 3396 3739 3299 1826 1673 2400 1172 4441 838 4082 1443 3730 1574 3983 2773 4189 4615 3828 2933 296 2871 3333 4417 169 4870 4776 360 3833 3610 4522 1044 309 2125 2906 1615 1575 1761 1705 3564 3528 1238 2453 4777 2825 2011 3595 4851 989 3302 2480 3722 2174 1333 4733 4168 4151 685 1181 1593 1861 912 959 4287 1853 2970 3698 4076 1058 523 1246 3882 1263 1516 1233 1364 2350 355 1033 270 1695 48 4611 2738 1925 4030 1019 4785 2972 4653 4984 4648 2341 3799 3959 1189 1442 3670 2132 2876 3183 577 4547 1366 246 4800 336 3085 4293 4687 2134 1738 433 4098 1523 2767 409 457 939 1868 181 1163 926 3142 4361 4275 4140 3768 1400 4912 4092 4447 2288 3380 2355 1034
2947 3379 3105 1937 2152 1016 829 1799 3780 1825 2021 527 4809 3429 1673 2975 3945 4024 829 3670 4793 3244 138 4547 183 4059 1363 336 2627 1276 2701 3730 1821 1900 3719 2404 589 3723 1556 808 2264 4199 1781 3394 153 3041 762 3372 154 2230 460 989 3179 564 3800 2739 1743 377 86 3811 2627 2740 431 2950 701 2297 4358 4412 3068 1412 4191 3575 3960 4714 1341 4810 1082 2808 2300 3479 3791 1723 4342 4438 1240 3225 321 3912 3334 605 702 704 4938 2673 4531 1371 4593 1815 1626 3180 1495 3556 909 3213 3023 3754 1493 667 3948 2697 535 362 658 1307 2312 2404 4349 310 1069 4141 3178 1937 3732 1006 1087 16 821 4561 3028 4522 1349 3266 158 1483 305 1037 2905 2872 3260 373
1386 4380 2168 2728 3919 2135 172 3317 4238 4373 1093 2054 949 1110 196 3066 612 1145 1653 4712 1831 1057 2790 1561 4849 233 3161 4046 4553 3336 4505 4385 123 3471 2809 2314 4283 3623 1626 2524 2506 192 1839 2522 4594 3817 3991 2530 1804 512 3715 3302 564 3897 1820 693 2146 3578 4567 3546 4112 3360 4736 581 3104 3511 1737 3776 1867 1044 1138 1970 1582 159 231 1971 1312 2032 179 652 1610 2513 3843 1888 377 2724 842 4049 3423 3907 3029 3003 4349 1888 1191 2840 61 847 1057 495 2846 2872 2836 3820 4584 547 3186 2765 625 981 3471 4500 3980 3660 4720 3386 3488 2990 1811 788 134 4499 4318 746 3322 934 2557 4291 3814 3287 1259 4761 3658 3203 2299 4462 1141 2148 2363 2944
3395 3773 4231 3264 1551 2253 202 257 1552 3537 3374 4692 3107 3085 1364 20 2045 1814 1205 3704 1571 1552 4343 3949 2589 1239 3616 364 684 1272 2029 2297 2767 4412 414 3382 801 1816 49 1978 4575 2310 3181 1913 3697 4252 2446 2431 1569 4592 4231 2480 3800 1820 2687 1113 2374 3991 1768 3570 364 3876 3830 1417 4252 4857 714 4982 1965 1520 995 4637 276 4776 3526 4940 4406 3256 1104 2876 2507 1895 4678 969 1218 4688 394 543 3236 3340 2570 3903 3619 1921 123 804 3416 4858 486 1742 2835 297 3294 4478 3166 4820 3230 969 3907 2024 1044 4062 1102 4960 246 1943 3012 3076 3757 945 4054 614 104 2123 2271 1789 1559 1514 1947 4838 3683 2850 2627 2622 3999 168 497 1469 1832 64
4337 1965 4413 4769 2948 2254 3089 1830 3072 336 2961 1629 4225 4938 468 76 4680 3256 2507 2856 3263 3020 1640 2588 1329 3610 342 1584 4309 1873 752 4996 2220 4635 2376 3653 2144 3858 2832 2709 4911 4868 1325 1399 1541 3014 858 1561 2954 358 4501 3722 2739 693 1113 3447 4816 4435 996 4924 4312 3126 2537 1310 3341 1084 1749 4262 436 3014 115 284 3987 2592 2727 1946 1150 315 1301 3981 327 243 4873 1647 1701 3332 83 3198 2912 3920 4202 2484 1435 4025 4901 4623 3122 1789 2357 4921 1706 2695 4691 2866 4078 3084 4570 2656 4960 3647 4250 1808 4620 1947 4812 36 4814 3117 594 603 2738 825 4419 2712 826 3898 3154 4677 3184 2716 1890 4753 4497 1671 687 1790 2050 4753 3104 3931
2717 3924 1992 1187 219 3578 313 3160 2989 2192 141 3524 2656 3261 4885 1812 2654 2059 2240 1393 371 882 3990 2118 4276 1635 1058 2874 3351 4841 4097 4586 4408 2362 2092 4024 4557 1865 4966 2930 531 4576 1326 3857 2201 3722 4590 632 1969 2094 201 2174 1743 2146 2374 4816 161 2384 2576 2803 2432 1444 401 2319 3825 2263 3899 3146 1200 3697 4200 226 3216 1869 923 1969 927 869 2099 2547 3087 4055 675 1851 459 2218 4916 1959 2212 4519 4153 4947 2946 869 3151 2526 88 3999 1585 2654 1520 1114 1005 1174 1462 2766 3590 4682 2212 3008 1202 2526 1878 4469 72 4244 1750 1210 3377 4040 763 3309 3349 731 714 2397 1482 4826 947 3057 458 4096 2243 3661 1353 2943 3982 1679 4320 210
2126 830 308 3687 2320 4208 1396 1894 639 3363 4871 3616 1029 3086 1886 906 3346 4225 4789 4407 601 314 1896 4039 773 2229 1447 2618 670 4976 11 811 2412 537 519 372 666 3969 4877 4853 936 4969 974 3058 332 537 4164 3073 1911 2903 3109 1333 377 3578 3991 4435 2384 3734 29 1163 1166 3092 4462 2431 1875 4593 929 4608 3995 915 3909 940 3302 48 2810 1144 3599 4245 969 3249 2166 1015 775 1016 990 172 4070 3452 4526 2456 1449 4489 4692 336 3927 1873 969 2473 4207 2354 2582 1946 1693 4514 3557 3635 3751 2836 1095 2211 4441 491 484 230 3180 404 776 4648 2266 1525 650 3279 280 2693 3290 3119 4338 1778 2020 775 2087 2284 2561 2378 1891 109 3102 383 3451 3560
4309 3484 752 92 1419 596 1255 898 2891 1290 3290 632 759 4527 3351 572 3305 3326 754 981 3655 618 2282 502 1442 4312 306 1494 3026 4522 937 4807 1970 3173 3317 4109 3599 4701 1526 2343 4633 2940 1971 3196 3355 1914 1814 4105 4603 1058 581 4733 86 4567 1768 996 2576 29 2074 66 953 3643 4125 4951 2600 638 341 3111 1730 4568 257 991 2001 4385 3109 2948 1404 4253 1388 1666 3133 1147 2579 2925 3197 2119 3241 717 4955 1507 2465 685 2502 2674 3764 2863 666 1518 3395 3190 2900 2390 4047 3081 3696 4010 2750 4268 763 393 2000 3324 2359 2388 1642 2595 1136 1972 1234 3426 2695 3815 311 1624 2293 4389 3646 1389 1864 636 2407 2589 2193 3111 3289 945 4153 974 2486 1555
3421 1634 565 3833 1023 4908 1093 536 562 2628 3734 872 1047 2569 955 4790 4164 531 4284 2803 2098 1123 3671 1393 4445 2643 1947 2866 2211 2855 747 3788 107 15 193 4237 408 4619 1154 3001 4216 1761 4262 568 2576 1581 2783 918 625 2279 2105 4168 3811 3546 3570 4924 2803 1163 66 472 2172 1570 4783 1691 536 151 1239 3205 3647 3993 4056 3670 3826 1825 3343 2203 2356 4822 813 3959 1389 2293 3681 2775 3664 1870 819 4274 1373 4491 115 98 1958 3237 4208 3558 1117 1961 335 1388 3278 1591 396 2312 3749 1190 3680 3378 1067 3774 2127 559 733 3694 4457 101 4659 831 3360 4287 1967 2168 4588 2428 4101 1773 2821 1784 3337 4967 1145 2203 2170 1714 4194 1209 3260 983 1703 1848
2047 4898 4827 3935 3852 4118 4631 3746 3112 2573 4958 3429 2901 4573 3817 3877 3473 3477 2258 156 4947 459 3628 2511 4181 3560 3338 1272 4943 2728 1804 1974 2589 3288 3187 711 3911 2061 1305 1193 2893 3564 894 379 3233 2315 3440 4654 1128 2901 4411 4151 2627 4112 364 4312 2432 1166 953 2172 3525 4597 3632 579 166 3250 982 3475 4690 3273 3327 4135 1620 4003 238 2044 4715 3262 839 2091 2944 1136 4291 77 4630 4525 3429 1108 4521 3334 4266 2531 4078 794 2867 4377 1870 130 4581 1927 3272 2236 301 2576 1995 587 741 666 3008 1010 1735 361 4922 1206 4641 2853 1005 3105 762 1615 3458 1751 3271 4691 3374 3547 2057 301 4220 1481 1842 1219 3204 2424 4586 2343 711 236 842 3986
108 3042 3328 835 4606 912 3592 2391 2750 2825 1176 2164 506 1164 190 1654 4015 4068 3812 3302 618 568 3043 797 1364 4852 4059 4208 1484 381 267 1485 3236 4902 221 4080 1276 2370 2627 2091 2781 1371 1182 3626 2547 3599 2139 3262 2812 3835 2360 685 2740 3360 3876 3126 1444 3092 3643 1570 4597 4570 3094 262 3593 3222 2043 127 2665 1332 2743 2376 2407 2448 4694 4325 2556 3757 3355 37 770 2568 1058 638 659 1601 3497 2199 537 2771 831 1539 2025 2006 2731 3937 833 4907 2794 1336 4280 621 4273 709 4720 1661 2911 4760 1398 3134 2936 269 2123 3312 2035 2948 2553 4649 3492 1538 3216 3732 491 463 42 4545 2163 3836 3327 2633 2936 4771 4126 2760 3916 2967 1110 2211 2416 3608
1593 1831 860 2853 4986 861 3491 4054 1683 1811 50 1767 789 2755 4201 21 3763 577 2375 3357 3079 3523 2137 2770 2576 848 4311 595 1780 3129 1783 3755 4121 368 967 195 2981 2436 3578 211 2043 1224 3176 2983 2233 4390 77 1332 2126 2782 2996 1181 431 4736 3830 2537 401 4462 4125 4783 3632 3094 4593 2981 2548 982 464 707 2055 3171 69 1964 622 3735 3149 2942 4515 4278 3427 1319 1995 2302 3770 3253 3017 2505 1611 4575 221 3225 1522 2087 4977 4106 4639 3276 322 4962 4849 1757 1642 4565 1956 1600 4979 625 4646 2677 3220 2299 3872 2474 2096 96 1285 2284 2341 1573 13 4644 2110 3661 3070 1584 3498 3420 4004 1235 4955 2832 4080 3384 520 4257 3020 4434 1773 2888 2568 4885
45 972 1950 4713 1731 40 2660 754 1953 2753 4220 4108 4473 1275 1674 3460 4149 4954 1284 1372 606 229 2783 2494 3783 2501 4488 326 4632 4367 222 4088 3467 1280 1798 1406 4448 3195 4809 3612 3329 1297 3553 3596 4841 2688 2065 4192 830 2684 4870 1593 2950 581 1417 1310 2319 2431 4951 1691 579 262 2981 4020 3643 742 213 2419 4066 1624 3490 3874 3559 1904 2909 2841 4111 3548 1274 4521 2067 1307 3550 4631 4117 2838 457 3686 770 3480 2710 695 4021 2390 932 2120 1754 418 1292 3742 4769 4803 1744 1205 2648 2581 4532 13 3975 4067 490 1716 1237 341 1384 3211 2362 4952 2424 4203 4603 1232 3256 4047 3417 4666 2434 2121 3094 4916 133 1434 4032 2382 1130 3845 1819 2101 2820 3115
4961 214 4002 4350 1779 4707 4400 981 3140 1436 3041 3682 3799 1571 324 1898 1930 1253 3540 1046 3973 95 2083 3801 3113 1278 1549 328 2361 1471 3044 3973 4119 3195 86 2675 991 3446 3440 4142 4203 161 3761 214 4151 532 4774 1981 3567 3892 1911 1861 701 3104 4252 3341 3825 1875 2600 536 166 3593 2548 3643 1200 4541 4456 1342 3909 1325 3032 3927 3313 4528 4838 2435 2578 1372 73 1526 2701 595 2581 1065 3923 141 661 1990 2330 2283 717 339 4006 2528 1095 1885 3258 3648 2736 2618 2139 1692 3212 2103 3967 1549 2645 4127 1308 1089 3367 3877 596 1314 3966 1598 4327 1611 1564 3146 4684 1969 2313 4606 2726 1955 2492 2345 4367 1372 4882 2450 3576 1337 3289 1309 579 620 2336 871
945 1118 4940 3580 2788 258 1065 2930 2039 2415 3854 3648 2791 2985 1405 2250 2797 620 1083 613 1856 3893 3134 2847 2948 1168 365 2886 815 1903 1568 327 2739 316 705 164 1674 2215 3277 4340 964 1112 4543 2967 3231 4006 4910 2905 3869 232 929 912 2297 3511 4857 1084 2263 4593 638 151 3250 3222 982 742 4541 40 2944 3937 961 4898 1023 1054 836 3818 3582 3469 3484 136 2082 1388 4236 478 3101 3155 1601 2334 4558 1959 570 3481 147 3365 1227 3399 4033 684 671 1606 1128 3675 826 3267 2165 3705 911 945 2770 3278 1761 90 62 4500 672 3448 1104 3038 918 2052 4244 4496 3544 1265 4462 3419 1467 3651 2512 570 687 238 4876 4942 2128 1607 1110 1074 2675 1439 2851 2549
3200 3234 4853 4226 3611 1616 4273 585 42 2989 3701 4732 2475 4258 4808 1981 3139 3722 16 4372 3034 4862 383 2185 4673 4312 3934 3729 4666 4590 705 2312 24 1682 4112 101 4727 1514 2151 2084 1491 2828 2501 1074 2461 4933 373 296 3038 4439 2334 959 4358 1737 714 1749 3899 929 341 1239 982 2043 464 213 4456 2944 2883 356 2130 2173 2899 2768 841 4368 1866 3837 4204 3230 4600 895 1410 2273 1466 2324 3182 1217 4711 4905 4676 1947 2500 1829 1490 1729 2453 2186 1410 1791 473 4989 799 582 4644 795 3257 198 525 3197 3390 1238 1438 3199 1466 2592 4837 2774 1822 4654 563 1141 4063 912 2918 4799 1061 4150 3705 4528 4320 3873 887 3516 2995 4503 4492 3313 603 508 1704 1403
3656 2876 4146 4954 979 2546 2980 2760 829 3381 587 1098 2040 1727 4335 3271 3306 3599 3856 3076 2720 69 372 134 720 4355 3588 2503 4769 386 2568 3498 3493 2221 190 4188 1890 492 4014 3218 4952 370 3258 3915 3111 3434 4828 2056 214 1210 424 4287 4412 3776 4982 4262 3146 4608 3111 3205 3475 127 707 2419 1342 3937 356 3022 1343 1574 409 1447 1569 2668 419 3873 1226 3321 2936 3668 150 882 2150 2619 3285 2396 3399 449 2451 4117 1395 2104 82 825 1081 13 4713 4204 184 4591 2223 536 4163 4203 1654 1456 2477 1175 2035 4368 1085 4923 1098 4378 2522 1902 697 2976 808 2524 3173 1620 4687 4152 1846 3478 1998 3117 2691 3224 1855 4031 592 3303 2710 4566 1815 3632 412 3542
4346 2968 2587 3575 2784 1271 1582 1758 3763 3117 813 3612 1578 4221 4411 1446 4123 3703 2276 672 710 1889 1153 4661 84 349 2787 575 1632 38 4403 2740 469 4791 682 3816 2237 546 1660 1916 1929 1541 4174 4638 868 177 3801 2941 327 1081 807 1853 3068 1867 1965 436 1200 3995 1730 3647 4690 2665 2055 4066 3909 961 2130 1343 4152 2938 2308 3317 3141 2316 1718 4083 3906 1357 253 1599 1391 3603 2511 3554 2303 1524 3924 4989 1153 2574 2837 3119 2319 3544 856 3635 4229 4710 4142 1562 3777 2250 4242 2466 434 3501 2635 1955 3474 4310 2695 200 706 164 4621 3680 4310 2197 3929 3036 3409 858 92 306 3042 4367 1613 2453 2672 756 2913 3216 2510 2120 716 1837 2641 4365 1297 3437
3358 2555 1838 4251 1750 3743 569 11 4307 3827 2710 1276 1718 2580 3381 4952 3252 2298 3520 107 2618 2665 1561 4548 3249 15 2976 45 3946 2180 2066 18 3159 360 3270 897 4612 3401 3400 4320 3440 4660 3312 656 530 1206 4410 3295 1526 1643 4240 2970 1412 1044 1520 3014 3697 915 4568 3993 3273 1332 3171 1624 1325 4898 2173 1574 2938 2134 4019 3098 4208 987 4742 695 1439 1091 1917 1304 3813 1877 69 2411 3906 1306 3515 2911 1343 4516 2081 3702 1729 1116 3304 242 162 4880 3592 2523 2877 252 1830 204 528 1143 4721 3749 1238 3469 2710 4363 2836 4155 427 3482 4396 241 4579 3870 2100 4574 474 3701 1754 4792 1972 2754 4505 229 3740 1818 2675 4275 3528 1431 3431 1016 4492 3514
585 4990 4256 1088 101 182 4249 3079 4738 3477 618 1687 1734 4951 1598 4592 929 374 2136 28 2369 3067 1832 1990 376 3034 1165 1291 2834 391 1509 2535 4478 3104 407 3146 4791 2980 4993 4891 2365 1260 3889 296 4954 651 415 4703 3788 3410 872 3698 4191 1138 995 115 4200 3909 257 4056 3327 2743 69 3490 3032 1023 2899 409 2308 4019 728 640 1284 4215 2652 2716 4747 1616 828 905 3652 2706 3972 984 560 4773 2380 3739 1547 1349 4875 493 569 400 2250 2067 3205 1240 3697 1156 4529 3256 2024 2902 553 3965 445 2510 3514 3652 3714 3709 291 1423 2169 2882 1955 1772 4877 4985 4132 4799 4859 2494 1441 3003 4762 398 2126 1569 2435 3577 4178 4127 1147 603 2041 2456 263 3288
1435 1605 3959 4297 980 4883 3788 4669 2799 149 3071 3018 4121 952 4905 4485 695 3120 2808 1989 3905 4492 194 536 1314 3295 3257 1988 345 1412 281 3668 1253 3916 1478 4816 2963 21 4703 4222 3073 3860 4036 2797 4836 803 515 2193 4041 257 228 4076 3575 1970 4637 284 226 940 991 3670 4135 2376 1964 3874 3927 1054 2768 1447 3317 3098 640 4033 2367 4720 2388 1798 3672 1265 594 4042 1693 4495 1366 2316 1603 127 3454 2273 4536 2730 1110 2278 250 425 1724 3665 4101 4252 500 1269 4447 2234 523 358 3359 2375 3149 201 1121 2402 1402 643 3065 3146 2328 3126 4876 3293 3875 2658 4645 4899 1090 4708 1252 1896 2980 4428 1802 2752 1125 3940 2773 4294 4138 4766 3425 2087 4799 3554
2412 1551 2896 2379 3417 710 3253 3942 4208 3539 224 2250 184 811 3484 4759 1231 157 4506 3894 4883 4537 3506 3684 4215 2319 3847 3114 4368 2374 830 948 2625 551 1983 822 1514 1371 2357 2192 4260 720 4786 279 3126 3069 3115 3241 2079 947 2172 1058 3960 1582 276 3987 3216 3302 2001 3826 1620 2407 622 3559 3313 836 841 1569 3141 4208 1284 2367 3166 641 3182 4023 757 3742 2722 4791 3398 4095 4614 3911 2245 1743 4231 1879 514 2718 606 2830 2291 1686 3189 303 4372 2350 3474 2336 276 3286 4628 4542 2161 2130 4062 1429 1419 4636 3136 1402 3473 400 4778 211 2658 3467 794 1980 3889 2176 4863 1043 2888 4958 757 981 2936 490 1546 2460 3660 4425 1760 2046 4469 1899 2182 526
4112 711 547 3069 3772 4522 4431 3829 1831 2706 931 3988 1075 3397 206 1944 4977 996 1377 1190 479 2258 2335 974 1962 1323 3864 1260 2031 1683 1069 2649 4630 3696 715 1123 176 340 1541 3284 1867 2835 1755 2580 3821 317 1772 1046 1754 523 3071 523 4714 159 4776 2592 1869 48 4385 1825 4003 2448 3735 1904 4528 3818 4368 2668 2316 987 4215 4720 641 3646 1199 3377 4183 3258 1192 3073 1774 3101 3685 4877 3155 1829 4654 4892 355 3373 1574 2261 4566 4602 1386 3486 3171 2752 270 2489 1560 3053 680 3241 2878 872 700 4660 581 2576 4868 1881 2552 3832 2229 4821 4757 1030 451 1630 1062 4904 4994 820 1591 1025 4334 2497 2169 1920 1994 651 4345 1720 273 842 2366 2075 1977 4000
284 3662 455 4808 2365 201 805 4782 1075 4553 4864 1567 4744 503 548 3116 2161 3020 2179 3661 1091 4470 4510 1322 3578 1665 3443 4879 4464 912 892 3662 1732 1957 2744 3470 4826 2982 843 4653 3238 4476 3186 4798 4868 4502 1984 2843 643 1667 1720 1246 1341 231 3526 2727 923 2810 3109 3343 238 4694 3149 2909 4838 3582 1866 419 1718 4742 2652 2388 3182 1199 2351 3751 4869 3769 1235 3384 2794 1727 3763 2212 3979 4429 1813 1068 4137 4930 466 1307 2133 2153 2813 2088 3653 2848 2577 1380 4598 1774 3764 4883 2500 1431 308 457 4485 26 772 2907 3149 4371 3937 582 2943 677 2095 3418 2748 3389 2189 4647 4608 3996 4934 319 470 3189 4041 2828 464 2264 4531 4675 113 647 1087 1995
4508 4517 310 4568 4847 4903 4496 4873 3751 704 4174 2353 503 3664 1319 2253 4048 3971 1569 1274 3006 1625 2833 2415 4788 881 2208 1911 2725 2807 1130 196 1389 702 317 2023 4099 4914 3245 722 3706 2634 4721 4618 1101 1358 476 1395 3886 229 3569 3882 4810 1971 4940 1946 1969 1144 2948 2203 2044 4325 2942 2841 2435 3469 3837 3873 4083 695 2716 1798 4023 3377 3751 409 3287 3883 1191 3823 2988 4157 4475 4021 570 2143 1013 848 4042 2995 1087 446 1669 4681 774 3712 2531 1489 4656 3771 2680 2352 953 4771 2085 692 2261 3422 2439 4663 2111 2225 4430 2340 3749 1319 2907 145 1035 1831 844 509 2736 4415 3426 4827 4227 401 2750 4370 3172 1865 4158 1131 2855 1555 3959 4965 3033 3953
646 3381 944 3739 3654 954 1689 634 2341 1176 2986 3800 4503 1084 1142 3718 15 233 863 3057 1457 3753 4023 437 4737 260 4697 3388 3068 3165 1312 3347 4043 810 2496 2001 2877 3270 3831 1420 1295 2873 774 3816 1614 271 1826 3797 1460 4838 1583 1263 1082 1312 4406 1150 927 3599 1404 2356 4715 2556 4515 4111 2578 3484 4204 1226 3906 1439 4747 3672 757 4183 4869 3287 3816 3316 1728 4625 4206 3935 875 1133 1573 2792 4900 3557 1106 2447 1950 58 2304 2005 3981 708 941 1180 1580 266 4544 2709 1173 4980 4656 1941 4895 3460 1311 3942 3749 237 106 2011 456 4818 2172 1374 1967 3902 2569 1993 1470 1925 2533 1927 1605 545 4791 2181 563 4885 2705 2976 2929 1696 2981 4223 4603 1466
3754 3091 2079 3161 550 2787 1563 851 2604 413 2311 2015 4386 3498 3834 457 4257 2983 4588 3422 2219 3504 634 1610 4352 455 2645 1241 3790 3521 4738 4417 3226 2956 2858 4139 954 3366 2326 1416 393 749 4439 4649 1472 679 543 1166 2073 4659 4563 1516 2808 2032 3256 315 869 4245 4253 4822 3262 3757 4278 3548 1372 136 3230 3321 1357 1091 1616 1265 3742 3258 3769 3883 3316 2670 913 2455 2521 1034 4580 1560 1938 4434 2508 4145 2889 2420 197 2949 4103 4942 538 3789 3815 312 1680 1884 1858 226 2772 1196 983 4838 4904 3351 1947 2016 1835 131 3608 725 233 3950 3825 3151 123 1981 283 1614 4614 4487 4473 1957 2940 2475 1230 932 634 155 1233 1614 387 3358 827 4243 1970 924
4562 1009 712 2654 1824 577 3564 442 2708 2298 1084 4135 2102 2461 1240 4779 3130 261 2550 4868 3310 773 838 2602 1653 1843 707 3746 4104 2209 968 775 4183 2288 1886 4718 612 1735 4927 2792 177 398 3681 2246 2165 1295 1926 3942 2291 2254 2546 1233 2300 179 1104 1301 2099 969 1388 813 839 3355 3427 1274 73 2082 4600 2936 253 1917 828 594 2722 1192 1235 1191 1728 913 3907 1305 2796 1249 1590 2002 4206 2097 44 3769 701 2807 1641 988 2337 3918 2299 2477 1459 3681 1760 3441 728 2253 2235 4569 2947 3038 3169 3692 2745 361 1910 606 527 1180 2940 242 4241 3513 1294 346 3690 2972 2431 3662 3724 4356 4216 3719 1764 459 4409 3732 289 1289 4920 1350 3435 3609 368 222
3575 4171 4539 4681 4126 3439 1012 2084 1659 4326 921 4950 175 805 3636 4154 2072 2950 3426 2407 176 3475 4831 828 801 637 3014 509 2382 2770 3244 4306 395 2892 369 1481 3750 3944 827 3488 509 3693 982 4029 236 1388 764 4476 3175 3425 3282 1364 3479 652 2876 3981 2547 3249 1666 3959 2091 37 1319 4521 1526 1388 895 3668 1599 1304 905 4042 4791 3073 3384 3823 4625 2455 1305 4382 3932 1106 2882 3037 4060 2852 1390 1330 3180 3468 3670 2831 1450 3831 692 4162 4592 4509 2814 927 4068 2121 4147 92 195 3050 3655 3583 3586 4949 2088 145 623 1163 1014 160 4879 3835 84 672 614 1103 818 915 3211 1412 854 1379 1029 2498 1887 4823 3716 758 3800 3259 3865 2155 1011 4889
4693 2319 1220 3636 3847 1881 2194 713 4795 4299 3865 4897 3637 604 4867 4066 1525 969 717 2154 3285 569 2986 4913 4240 3582 3702 4902 1684 2121 4827 407 3878 602 118 31 4869 1195 4358 4272 1868 2574 3262 4712 2757 4693 412 3081 4203 3032 497 2350 3791 1610 2507 327 3087 2166 3133 1389 2944 770 1995 2067 2701 4236 1410 150 1391 3813 3652 1693 3398 1774 2794 2988 4206 2521 2796 3932 3496 3768 4790 1852 4438 2304 3124 3884 3491 1260 1602 2687 426 835 3938 2353 4916 4301 2283 2022 4776 3948 2447 825 3578 1656 1854 2925 1448 2239 1309 2822 4240 4543 1790 2223 1143 4433 2214 1262 3029 2252 3857 3153 2763 4952 4283 2343 4456 3157 3937 102 3076 952 2188 180 4289 85 1581 1090
340 3186 1385 3073 3289 2354 1117 784 255 4427 1613 2540 3991 3967 3109 4836 358 1333 2402 4003 349 4637 2541 4509 4007 3091 1080 2408 360 2510 3241 1916 2763 4628 3800 3234 3126 236 3573 1428 4610 3595 1217 526 1989 4996 2099 433 4743 1979 1245 355 1723 2513 1895 243 4055 1015 1147 2293 1136 2568 2302 1307 595 478 2273 882 3603 1877 2706 4495 4095 3101 1727 4157 3935 1034 1249 1106 3768 2366 2416 907 4518 4237 1912 4683 1993 1137 4993 3806 695 3238 1211 1317 3098 1669 368 196 2702 4835 1005 1392 1121 2864 510 166 837 580 914 1672 4850 3993 195 3012 97 593 2137 354 789 2697 4133 1951 432 3794 3630 3309 2054 3423 1983 935 3498 4788 3682 1252 2833 980 499 3819
1075 3192 4431 3389 3747 1510 4795 4371 4414 1103 238 2067 3107 2458 191 1253 2681 1619 4585 1651 684 2922 3867 4826 1706 1098 4376 3809 2223 2689 1785 1662 2925 1874 4655 2901 3100 4171 1870 4134 3816 1427 479 4772 4648 4799 2801 4333 74 1399 963 1033 4342 3843 4678 4873 675 775 2579 3681 4291 1058 3770 3550 2581 3101 1466 2150 2511 69 3972 1366 4614 3685 3763 4475 875 4580 1590 2882 4790 2416 1464 1523 2293 776 616 3080 4914 1854 2079 4631 3003 3265 3686 4518 4087 791 718 1643 240 1007 976 244 3419 2367 1507 2860 2355 4538 2191 2965 566 2030 4878 4237 2696 2415 4078 3714 3413 1319 2718 4019 3022 4819 1755 654 2353 876 4196 47 173 58 2750 2131 215 3938 1508 3100
3737 2780 1132 3224 2429 1673 4936 1229 640 2107 1697 4277 2303 1468 2258 2654 753 4823 1052 2716 187 649 1878 3482 2317 437 1719 375 447 1807 1395 4541 2764 3013 3949 2788 921 4739 2977 4285 709 976 4014 1238 4974 1111 982 4366 2296 308 2664 270 4438 1888 969 1647 1851 1016 2925 2775 77 638 3253 4631 1065 3155 2324 2619 3554 2411 984 2316 3911 4877 2212 4021 1133 1560 2002 3037 1852 907 1523 2548 626 4428 1155 2791 2566 2564 1430 2996 333 439 4886 695 4645 4864 3830 851 1724 2709 4526 4122 2214 200 3433 403 340 2435 3968 32 3523 3072 2717 1965 2973 596 1205 4298 2633 3215 4886 2104 4924 2084 4003 3693 4968 1177 4528 1630 2542 237 4169 2460 2654 4651 2071 1246
3788 507 4709 1435 1538 2592 738 3571 2525 4593 3864 10 190 2188 2904 4468 3361 2167 1470 345 4164 3805 173 1023 860 2089 3490 3075 505 927 409 340 29 2381 1477 397 2818 17 553 1192 3313 159 4833 600 4710 3718 1722 2490 2465 4833 561 1695 1240 377 1218 1701 459 990 3197 3664 4630 659 3017 4117 3923 1601 3182 3285 2303 3906 560 1603 2245 3155 3979 570 1573 1938 4206 4060 4438 4518 2293 626 3255 1371 514 1202 3827 370 4140 4551 3415 4535 2086 827 834 719 1743 2109 4770 955 3420 172 4420 4434 3597 2832 3750 2932 2980 1405 1666 1291 2208 1602 2158 2209 529 3376 2435 3382 1306 1279 1719 3162 4083 537 658 2856 1460 651 1382 1717 3533 2966 572 1518 2342 1645
3890 4693 3146 1185 2717 3000 2842 1007 3167 1944 40 3937 190 4831 1299 3700 3113 3435 3082 3581 2550 4399 3668 2120 1115 108 4303 2477 3417 1091 3772 1761 2053 3932 4463 932 1670 4344 3013 4551 1886 580 3268 3647 2647 4022 4844 2072 2910 583 1162 48 3225 2724 4688 3332 2218 172 2119 1870 4525 1601 2505 2838 141 2334 1217 2396 1524 1306 4773 127 1743 1829 4429 2143 2792 4434 2097 2852 2304 4237 776 4428 1371 3406 634 1045 68 273 1453 1099 585 4325 1406 924 136 4851 4697 2775 1655 1303 4718 2643 800 4202 2231 3761 2949 842 3770 3425 1057 989 1806 2408 2789 101 2998 3622 1321 2243 1269 24 2531 206 416 730 2641 693 2244 4389 67 3837 503 1921 4819 66 2850 3171
2019 3673 268 4219 3854 2813 1032 560 877 1170 4644 3343 1190 1211 4055 3728 4501 3658 1738 4906 253 567 2805 3353 4955 502 2194 2864 4976 2132 4806 4818 2947 966 4207 1136 4137 255 1920 4950 4270 2518 135 1509 4008 216 3198 691 3179 1270 1686 4611 321 842 394 83 4916 4070 3241 819 3429 3497 1611 457 661 4558 4711 3399 3924 3515 2380 3454 4231 4654 1813 1013 4900 2508 44 1390 3124 1912 616 1155 514 634 4114 1471 3770 2454 1866 1919 449 488 4774 4937 1800 2346 4176 1514 780 2981 586 637 2035 372 4421 2514 3561 1544 4630 1162 3066 416 464 3129 2944 744 1821 2598 1272 4267 3159 2860 2480 4005 4903 4499 711 57 3526 3234 4700 3038 4142 4020 3364 3601 2733 1532
882 839 3431 3077 34 4000 3493 814 3245 4196 1070 3370 1326 891 602 1419 4176 2428 3475 1251 4383 2264 2561 266 3446 1625 3966 4334 4613 145 1215 2795 2709 648 4994 3167 2408 1288 145 2720 3031 498 2487 346 383 3583 4124 4315 254 266 2072 2738 3912 4049 543 3198 1959 3452 717 4274 1108 2199 4575 3686 1990 1959 4905 449 4989 2911 3739 2273 1879 4892 1068 848 3557 4145 3769 1330 3884 4683 3080 2791 1202 1045 1471 4565 3840 3156 213 3488 1737 2288 4712 4730 4083 1660 2150 1823 945 3934 4813 2238 1729 2936 1533 1855 769 907 3059 1800 3884 4715 1994 1176 45 2792 4996 2641 3140 2144 4259 4947 3458 1880 4825 1983 126 1623 50 1789 469 3102 4194 3326 198 480 3421 1160
2714 4970 3507 1581 2574 714 4326 518 4787 3962 1589 2763 2503 346 2951 198 4126 3046 1660 2520 3381 3908 1533 2664 3442 4493 2305 4060 3714 2005 1428 1369 4019 2642 878 1590 3827 4067 4877 598 3424 4499 1582 3276 4591 2992 4369 1441 2297 2495 2844 1925 3334 3423 3236 2912 2212 4526 4955 1373 4521 537 221 770 2330 570 4676 2451 1153 1343 1547 4536 514 355 4137 4042 1106 2889 701 3180 3491 1993 4914 2566 3827 68 3770 3840 1724 4630 2290 1204 868 2295 4587 3919 663 3700 2278 2518 2049 109 2052 4247 4452 2156 4586 3657 506 1191 4628 631 538 4660 3544 4303 1305 1572 2536 3917 2923 1427 4936 1638 1508 3828 3916 3102 947 1745 2452 2156 915 1101 2696 3168 1466 3717 2784 2532
4624 2885 4699 3626 2925 63 1668 1906 2379 2228 2082 2974 4633 2590 126 616 2260 4266 4922 486 2804 4912 2009 1029 2401 2529 1609 4940 3441 1072 3813 4221 116 3289 2895 3477 1885 1809 2416 1953 998 2103 3932 1526 4371 1701 1722 1806 1968 1544 1922 4030 605 3907 3340 3920 4519 2456 1507 4491 3334 2771 3225 3480 2283 3481 1947 4117 2574 4516 1349 2730 2718 3373 4930 2995 2447 2420 2807 3468 1260 1137 1854 2564 370 273 2454 3156 4630 1691 2209 2758 2141 1997 2570 3080 2414 1663 4826 1357 948 3206 3382 4472 4882 4725 4086 2964 4941 965 1626 2604 4223 1436 4229 2799 394 1414 4252 2674 4554 4768 266 1583 3482 3872 2502 3191 4230 2227 1210 1082 4114 1746 2878 3988 2983 678 1371 899
2903 4589 3046 3323 2294 1586 1722 993 3160 4340 2558 658 1766 3145 3488 3143 1133 811 217 1009 3187 23 3320 1934 981 2137 648 3498 3477 2415 595 1103 2083 3692 1554 3544 2951 4731 4203 370 3739 4850 4817 3695 4772 1054 4717 803 4276 3360 1549 1019 702 3029 2570 4202 4153 1449 2465 115 4266 831 1522 2710 717 147 2500 1395 2837 2081 4875 1110 606 1574 466 1087 1950 197 1641 3670 1602 4993 2079 1430 4140 1453 1866 213 2290 2209 2214 1431 919 1805 2125 2939 412 2208 4021 1093 3287 4190 4603 3469 4601 4819 2656 1752 2104 1053 2753 2258 3778 2902 1142 1002 816 4323 318 4461 952 4808 196 4763 3066 4787 3050 185 2144 813 4283 3969 3937 3100 4567 3295 2722 3011 3271 3438
415 3150 2844 3113 4385 2509 4498 1355 4061 354 3083 3173 1432 4722 4960 2616 1814 3180 362 2133 4206 4026 3489 2318 4617 3158 3195 4740 1326 613 1497 1153 4428 1717 1001 1166 1767 4337 4122 198 4373 1193 1480 4564 4329 4568 2193 4312 1458 317 454 4785 704 3003 3903 2484 4947 4489 685 98 2531 1539 2087 695 339 3365 1829 2104 3119 3702 493 2278 2830 2261 1307 446 58 2949 988 2831 2687 3806 4631 2996 4551 1099 1919 3488 1204 2758 1431 1804 781 2850 2138 1523 266 1647 1131 2658 4414 3764 2084 1132 533 4239 4632 4434 524 3843 2071 4011 574 2234 963 3934 1764 4367 3518 1214 4354 3341 44 2479 3316 998 951 2743 3028 3279 612 2362 4434 4833 1776 980 4997 1305 2939 1051
3548 648 551 4802 1203 4172 529 2578 3153 1461 231 402 301 4038 1342 2894 4926 1964 133 1423 4243 3511 3849 265 4254 903 3182 4451 3393 947 2992 644 4254 1439 3793 1922 145 185 987 1834 4703 3304 4727 3660 4239 328 1086 2912 640 1014 778 2972 4938 4349 3619 1435 2946 4692 2502 1958 4078 2025 4977 4021 4006 1227 1490 82 2319 1729 569 250 2291 4566 2133 1669 2304 4103 2337 1450 426 695 3003 333 3415 585 449 1737 868 2141 919 781 2788 4913 4297 316 1189 4801 2403 1526 1870 143 1571 598 4482 3236 2285 1571 3549 607 814 3884 161 3768 4106 2276 3627 1689 2533 796 1844 4276 2162 3710 998 3025 4409 3981 1353 3792 1613 263 1997 2861 1614 709 2027 4698 1470 906
4938 3792 198 4684 1516 213 3761 1192 2792 396 3891 4951 34 918 4139 2123 4053 657 3432 403 1545 2646 492 2907 1256 216 4554 489 1024 3067 2885 2111 1501 4129 370 2794 2811 2600 475 3325 1626 821 3387 1989 2810 2772 1774 2729 4411 2888 2545 4653 2673 1888 1921 4025 869 336 2674 3237 794 2006 4106 2390 2528 3399 1729 825 3544 1116 400 425 1686 4602 2153 4681 2005 4942 3918 3831 835 3238 3265 439 4535 4325 488 2288 2295 1997 1805 2850 4913 1954 4918 1551 1396 4347 345 4844 625 1996 3842 1231 4212 1463 193 656 1485 1869 3034 2300 2609 3596 2923 2142 3298 3339 3269 175 4914 3675 130 2984 4233 3520 4049 1997 305 554 2994 304 2183 2738 3397 3175 1427 3090 1194 820
1235 183 753 2820 130 3339 997 4416 3225 2491 273 166 429 2451 4410 2629 1822 794 2987 4117 2578 2331 2193 4783 4106 4424 4139 1036 1971 1481 4451 282 2588 4687 1661 1872 235 2950 2847 3343 3267 4040 1174 4647 708 658 2566 2735 4427 2496 4528 4984 4531 1191 123 4901 3151 3927 3764 4208 2867 2731 4639 932 1095 4033 2453 1081 856 3304 2250 1724 3189 1386 2813 774 3981 538 2299 692 3938 1211 3686 4886 2086 1406 4774 4712 4587 2570 2125 2138 4297 4918 1891 3612 3608 4290 842 2926 4063 1552 214 3149 3592 1646 2825 3885 1631 4445 3644 3622 2529 4176 4823 676 4272 1210 1224 28 3283 212 736 3222 4766 4876 4618 15 3420 4371 4378 4704 314 481 3720 2390 4942 758 553 3461
1703 2134 3505 4027 3797 2199 2291 2928 4383 1270 327 4444 2540 2274 2177 2492 1859 1077 2963 4141 4918 3448 4298 2780 2690 939 1417 3817 2875 3196 1785 501 1925 4846 4249 760 2378 1882 392 4587 1074 2165 1415 3965 2163 4586 1738 3785 51 1392 1550 4648 1371 2840 804 4623 2526 1873 2863 3558 4377 3937 3276 2120 1885 684 2186 13 3635 242 2067 3665 303 3486 2088 3712 708 3789 2477 4162 2353 1317 4518 695 827 924 4937 4730 3919 3080 2939 1523 316 1551 3612 3562 3982 3692 75 4468 1338 3473 622 2939 501 3577 4360 335 3524 3732 4036 2132 1155 95 1024 1981 4300 269 2577 1529 2414 2631 1203 4951 1854 1476 532 4742 1052 4516 111 4656 687 3868 3924 475 946 1982 3675 227
278 1568 2508 2077 3178 2994 4594 2572 1753 1468 1746 4112 843 1209 2283 1738 1435 3894 2038 3294 712 4927 4322 38 3304 2362 3005 1704 1147 116 229 4392 2831 1782 480 741 3719 3803 2557 3939 3380 4771 4613 850 2248 3429 2136 649 2089 88 1246 2341 4593 61 3416 3122 88 969 666 1117 1870 833 322 1754 3258 671 1410 4713 4229 162 3205 4101 4372 3171 3653 2531 941 3815 1459 4592 4916 3098 4087 4645 834 136 1800 4083 663 2414 412 266 1189 1396 3608 3982 2217 93 3238 4869 2993 97 2393 4375 4887 4578 4168 112 178 1330 3008 2085 741 776 3132 1407 4652 2966 3977 4997 571 197 2574 2175 2196 1671 863 2547 2653 3381 4569 2244 4020 3280 3752 4922 3194 2520 1172 3814
1370 4385 1545 4924 2042 4409 3420 1323 1965 2466 269 1216 1754 1435 4254 3614 4252 109 843 4320 537 3303 906 1795 1564 1300 1176 2978 3273 874 1365 2160 3557 2019 4026 2910 3714 712 1337 229 3881 2907 2210 3155 2759 4764 4488 911 49 1833 2627 3799 1815 847 4858 1789 3999 2473 1518 1961 130 4907 4962 418 3648 1606 1791 4204 4710 4880 1240 4252 2350 2752 2848 1489 1180 312 3681 4509 4301 1669 791 4864 719 4851 2346 1660 3700 1663 2208 1647 4801 4347 4290 3692 93 2654 1594 2555 3423 4317 2896 1429 558 2853 1005 3416 4567 2770 2581 3829 4950 4695 3509 637 3000 2811 4059 4180 731 4092 846 3157 2646 1873 422 4838 1512 1694 3034 4138 1603 2076 3838 4545 3964 427 4412 1964
4700 2129 4321 2444 705 4562 1103 3528 3911 4578 77 718 1494 3872 1298 800 165 4382 1475 1470 3826 2384 2893 4402 563 4866 4705 2386 802 2143 193 2653 796 1802 2464 3793 2465 56 1553 3259 1064 3382 4097 291 1163 2853 2824 123 1680 4054 2663 3959 1626 1057 486 2357 1585 4207 3395 335 4581 2794 4849 1292 2736 1128 473 184 4142 3592 3697 500 3474 270 2577 4656 1580 1680 1760 2814 2283 368 718 3830 1743 4697 4176 2150 2278 4826 4021 1131 2403 345 842 75 3238 1594 187 577 1483 439 3416 390 995 3330 1941 1775 3122 1764 3206 4807 718 2260 3370 2177 2465 3262 1318 2111 3537 4852 2496 3974 622 3913 4512 3838 2278 832 1901 1336 3734 3536 1959 2630 765 3978 4288 3876
3935 1081 2912 565 4994 4938 2916 1312 3970 1511 1729 488 809 1999 1182 1876 2429 1932 1164 4080 1076 3923 1543 4530 4775 2955 4593 3803 970 4147 2847 1394 426 601 3162 2920 4505 2248 2285 4443 529 1365 226 330 1151 4760 2496 1009 816 968 2014 1189 3180 495 1742 4921 2654 2354 3190 1388 1927 1336 1757 3742 2618 3675 4989 4591 1562 2523 1156 1269 2336 2489 1380 3771 266 1884 3441 927 2022 196 1643 851 2109 2775 1514 1823 2518 1357 1093 2658 1526 4844 2926 4468 4869 2555 577 1314 3680 468 2729 1068 1922 4553 1156 3901 1053 2605 3852 1111 3776 3963 3351 739 1837 254 267 1602 3051 4786 1397 3974 308 642 4762 4727 4847 3918 1074 1629 529 1375 1926 4054 2094 1246 3333 1088
2532 3156 3202 4031 4639 3131 3699 270 94 2303 3757 1306 1081 662 4277 4823 569 4357 4379 3868 2087 3240 2142 3091 1899 1485 3651 164 693 2073 1840 1983 4346 650 362 1461 1801 1445 1459 1215 1973 3649 1421 3632 3990 553 1651 435 3826 4869 4627 1442 1495 2846 2835 1706 1520 2582 2900 3278 3272 4280 1642 4769 2139 826 799 2223 3777 2877 4529 4447 276 1560 4598 2680 4544 1858 728 4068 4776 2702 240 1724 4770 1655 780 945 2049 948 3287 4414 1870 625 4063 1338 2993 3423 1483 3680 1347 2195 99 3759 1597 2961 3682 2144 79 2036 2947 701 3493 826 3650 3109 2198 1704 2736 2404 1434 554 258 3296 614 2599 3893 1784 3342 4839 4871 343 3594 4539 1326 89 1020 3765 1113 2131
2483 4406 2226 1573 501 1654 4289 2036 1490 1700 2548 4860 3342 1160 2789 2228 1829 2150 1436 907 2469 3240 1098 1051 2719 744 4682 1916 3517 4905 3723 942 1456 891 2350 4173 3023 3512 2942 2471 2244 4459 1720 3854 913 1128 1896 3354 556 3177 3068 3670 3556 2872 297 2695 1114 1946 2390 1591 2236 621 4565 4803 1692 3267 582 536 2250 252 3256 2234 3286 3053 1774 2352 2709 226 2253 2121 3948 4835 1007 2709 955 1303 2981 3934 109 3206 4190 3764 143 1996 1552 3473 97 4317 439 468 2195 2543 2615 2487 987 3814 1116 1475 1821 4093 3368 32 1450 4692 3142 4687 1290 3360 1738 3396 3454 2203 4846 4541 4529 1121 992 2489 2175 550 743 1562 3870 3100 4872 486 1440 633 2234 4845
3865 1409 4075 4273 230 3541 3097 2142 813 719 4063 2007 1763 2876 2855 2598 3767 216 1680 351 2343 1888 1085 1287 1562 2322 1078 1330 3419 4078 1744 2019 2982 1380 4109 3034 4467 2723 4052 4454 891 21 3833 4382 4150 3090 2723 2289 4176 2835 3098 2132 909 2836 3294 4691 1005 1693 4047 396 301 4273 1956 1744 3212 2165 4644 4163 4242 1830 2024 523 4628 680 3764 953 1173 2772 2235 4147 2447 1005 976 4526 3420 4718 586 4813 2052 3382 4603 2084 1571 3842 214 622 2393 2896 3416 2729 99 2615 4447 2133 2335 2675 3462 2706 4741 2990 2273 3144 1327 4370 1592 1002 4655 2745 372 1331 203 1155 3414 50 334 4368 4276 4118 788 624 2004 1689 3331 4416 661 707 1374 1450 1085 1615
4447 469 4368 3517 3439 1509 1851 2477 3300 3148 1790 2678 1999 888 4005 2518 4364 2754 3016 1241 2169 2909 4708 2641 103 345 1530 1801 3095 4528 3498 3507 84 4408 2215 4262 52 3093 3628 4237 4410 3119 735 3855 3409 2816 1812 812 4806 3341 2477 2876 3213 3820 4478 2866 1174 4514 3081 2312 2576 709 1600 1205 2103 3705 795 4203 2466 204 2902 358 4542 3241 4883 4771 4980 1196 4569 92 825 1392 244 4122 172 2643 637 2238 4247 4472 3469 1132 598 1231 3149 2939 4375 1429 390 1068 3759 2487 2133 4492 4642 881 1691 874 3069 3029 1198 2762 1412 3002 250 805 28 34 536 1623 57 4849 2472 1968 2890 2540 1721 717 3120 1223 1472 1291 607 1939 3602 2064 3941 147 2367 1777
2133 1323 4024 1259 554 4484 3594 2218 4935 707 122 2780 4261 409 4820 4874 2285 1901 157 1726 128 1853 751 1822 4331 1877 2358 847 3128 1006 1236 625 1298 3104 3631 1521 3049 4023 3338 4831 3455 1516 3964 2660 1632 501 650 3752 2320 3987 1586 3183 3023 4584 3166 4078 1462 3557 3696 3749 1995 4720 4979 2648 3967 911 3257 1654 434 528 553 3359 2161 2878 2500 2085 4656 983 2947 195 3578 1121 3419 2214 4420 800 2035 1729 4452 4882 4601 533 4482 4212 3592 501 4887 558 995 1922 1597 987 2335 4642 1164 2779 1837 2707 2128 1579 3746 3988 4993 2622 29 1384 410 3709 3353 3656 2630 3298 4405 374 2236 2076 2631 2003 3684 2987 4989 3603 652 1079 4119 2842 1929 439 1760 1063
3747 3556 4709 1835 3716 2787 2971 3058 4917 719 2108 2513 1839 3897 2001 4357 3285 2938 4612 37 3077 2717 1765 797 556 4973 2339 1141 1666 2383 2599 1669 3884 2737 4383 4857 2211 3784 1206 2346 3958 2151 53 1301 2086 3012 3444 4598 3273 349 2131 577 3754 547 4820 3084 2766 3635 4010 1190 587 1661 625 2581 1549 945 198 1456 3501 1143 3965 2375 2130 872 1431 692 1941 4838 3038 3050 1656 2864 2367 200 4434 4202 372 2936 2156 4725 4819 4239 3236 1463 1646 3577 4578 2853 3330 4553 2961 3814 2675 881 2779 2071 3380 934 3376 3376 4973 991 1370 3416 1073 1910 4209 97 655 2087 2112 3418 63 4427 2772 971 3800 2229 1716 1371 2929 4464 3288 584 2948 4321 1554 3617 4795 176
3396 3285 3495 1765 2963 1117 2814 4081 2898 2816 341 1637 4443 2260 1849 169 4113 2468 4463 2773 2028 4739 96 2328 1154 4096 3756 691 2020 2830 4221 2706 1049 400 3478 3453 4470 4952 34 491 2960 987 4169 3530 3402 256 3610 4941 4782 1262 3928 4547 1493 3186 3230 4570 3590 3751 2750 3680 741 2911 4646 4532 2645 2770 525 2477 2635 4721 445 3149 4062 700 308 2261 4895 4904 3169 3655 1854 510 1507 3433 3597 2231 4421 1533 4586 4086 2656 4632 2285 193 2825 4360 4168 1005 1941 1156 3682 1116 3462 1691 1837 3380 3660 217 4743 156 1736 260 3659 1499 1881 4682 798 3291 2339 3524 4815 3871 691 2866 3801 531 2161 2220 1136 2945 354 4158 1650 2452 2990 3693 2937 1214 2401 3328
4976 1883 4017 4876 1138 3746 4884 721 92 471 100 1901 1899 4681 1351 613 3674 4896 3277 2538 2722 853 3136 985 4954 4359 4316 680 2080 3714 3775 3378 4554 3781 4213 702 3796 1613 2831 4449 2560 2060 1925 3678 483 3160 2218 936 429 4291 4212 1366 667 2765 969 2656 4682 2836 4268 3378 666 4760 2677 13 4127 3278 3197 1175 1955 3749 2510 201 1429 4660 457 3422 3460 3351 3692 3583 2925 166 2860 403 2832 3761 2514 1855 3657 2964 1752 4434 1571 656 3885 335 112 3416 1775 3901 2144 1475 2706 874 2707 934 217 3594 1025 2044 2610 1317 2277 3522 115 485 211 3488 1116 289 380 716 4722 1722 2205 4585 4690 84 4088 3372 2801 2693 3795 57 2284 630 3982 2945 2230 2860
2151 1318 1966 1062 1349 764 1718 2210 4691 4159 119 4331 4481 3782 4586 1919 3180 2481 4771 3165 4134 549 1722 207 3444 3972 3168 1940 3259 318 1841 2765 3526 4172 3566 2947 4042 3295 3123 1052 2622 180 1324 549 2270 3319 3631 2377 476 4184 1390 246 3948 625 3907 4960 2212 1095 763 1067 3008 1398 3220 3975 1308 1761 3390 2035 3474 1238 3514 1121 1419 581 4485 2439 1311 1947 2745 3586 1448 837 2355 340 3750 2949 3561 769 506 4941 2104 524 3549 1485 1631 3524 178 4567 3122 1053 79 1821 4741 3069 2128 3376 4743 1025 3748 3419 3784 1941 4315 4507 1528 3665 1027 1375 1635 257 1250 563 1008 3320 2418 1084 1111 4289 1467 419 755 86 1398 4429 339 2915 4519 796 1454 4699
569 1574 4258 2528 1184 2888 1996 3431 937 4385 4800 3161 3942 961 3507 4634 4795 2355 4230 3063 1656 4384 3759 4020 908 1797 511 2490 285 3780 3455 198 2571 1673 800 3341 3902 4773 1606 2882 4507 314 16 4173 1856 2018 2404 1508 2547 2780 989 4800 2697 981 2024 3647 3008 2211 393 3774 1010 3134 2299 4067 1089 90 1238 4368 4310 3469 3652 2402 4636 2576 26 4663 3942 2016 361 4949 2239 580 4538 2435 2932 842 1544 907 1191 965 1053 3843 607 1869 4445 3732 1330 2770 1764 2605 2036 4093 2990 3029 1579 3376 156 2044 3419 4495 3812 3014 2940 73 1134 3877 726 2323 1669 432 1594 1178 4452 1423 3513 2633 1268 57 2249 196 2913 51 1159 3711 4725 3533 430 880 431 4545
3341 753 2361 4753 1711 274 1689 4646 3167 3729 1646 909 1813 961 2344 418 798 4855 4833 1427 768 4543 4913 2496 174 3817 4907 476 2515 4710 1495 4479 2301 3996 4193 2141 3787 2091 4850 4171 4537 1641 1138 4692 4975 123 1804 4209 4888 2054 3199 336 535 3471 1044 4250 1202 4441 2000 2127 1735 2936 3872 490 3367 62 1438 1085 2695 2710 3714 1402 3136 4868 772 2111 3749 1835 1910 2088 1309 914 2191 3968 2980 3770 4630 3059 4628 1626 2753 2071 814 3034 3644 4036 3008 2581 3206 3852 2947 3368 2273 1198 3746 4973 1736 2610 3784 3812 4012 4175 4001 1997 3907 1738 3457 4172 4901 1215 864 1818 1731 1912 3171 1066 1138 1063 2742 3735 1599 507 1764 4063 1580 1436 2352 1748 48 4286
4038 2292 1376 4466 1629 3856 2757 498 1994 4459 2376 26 3381 2105 2530 1676 1208 959 3546 3228 294 635 4232 1792 360 4229 2683 3719 4914 1341 3358 4642 4202 823 116 1217 4934 3114 4797 1618 1158 840 131 4232 695 4445 3241 783 3844 4519 180 3085 362 4500 4062 1808 2526 491 3324 559 361 269 2474 1716 3877 4500 3199 4923 200 4363 3709 643 1402 1881 2907 2225 237 131 606 145 2822 1672 2965 32 1405 3425 1162 1800 631 2604 2258 4011 3884 2300 3622 2132 2085 3829 4807 1111 701 32 3144 2762 3988 991 260 1317 1941 3014 4175 4148 675 3340 4596 116 485 3558 1301 4317 278 1230 673 1600 192 3685 4650 397 638 232 1128 556 1578 3831 842 2864 438 807 2091 3102
2570 4645 3945 1775 115 3079 193 3519 2520 382 2830 4792 548 2549 1215 4116 3784 2311 4715 3496 738 185 1186 1114 4164 1472 2307 1651 3350 3546 3273 853 2711 157 165 1394 468 1211 3596 2553 4178 3180 1156 508 2297 3553 3614 4029 4697 3124 4916 4293 658 3980 1102 4620 1878 484 2359 733 4922 2123 2096 1237 596 672 1466 1098 706 2836 291 3065 3473 2552 3149 4430 106 3608 527 623 4240 4850 566 3523 1666 1057 3066 3884 538 4223 3778 574 161 2609 2529 1155 741 4950 718 3776 3493 1450 1327 1412 4993 1370 3659 2277 4315 2940 4001 675 3658 1755 524 2045 2389 4737 412 3425 2713 2851 859 945 2126 1612 4151 324 1514 3394 3293 4377 4098 2310 2220 2458 3804 508 3545 180
2172 4341 4540 959 4060 2548 2557 332 1032 4803 1052 3747 3682 3183 3703 1241 3688 1470 1298 1075 4996 3087 4175 1265 3512 2744 2396 3076 1359 2285 661 4579 2612 263 868 3538 1504 4501 1980 1243 47 3814 3325 3942 666 1580 1496 2463 3081 2862 1013 4687 1307 3660 4960 1947 4469 230 2388 3694 1206 3312 96 341 1314 3448 2592 4378 164 4155 1423 3146 400 3832 4371 2340 2011 725 1180 1163 4543 3993 2030 3072 1291 989 416 4715 4660 1436 2902 2234 3768 3596 4176 95 776 4695 2260 3963 826 4692 4370 3002 2622 3416 1499 3522 4507 73 1997 3340 1755 588 1194 1416 989 4822 3360 409 4357 3645 384 3722 4502 3657 4396 2298 1046 3825 3067 4761 4143 2453 2009 1401 553 2920 118 3043
953 2859 3986 2497 4814 1851 3536 4630 2012 4796 3719 4958 1757 1838 4893 977 4416 2910 4143 1888 636 531 985 284 2703 3158 2468 1198 2441 166 2687 1698 1945 2437 4076 115 1084 2859 1265 3654 3910 4667 136 3453 2884 2274 4544 4905 2944 2932 1845 2134 2312 4720 246 4812 72 3180 1642 4457 4641 2035 1285 1384 3966 1104 4837 2522 4621 427 2169 2328 4778 2229 3937 3749 456 233 2940 1014 1790 195 4878 2717 2208 1806 464 1994 3544 4229 1142 963 4106 2923 4823 1024 3132 3509 3370 3351 3650 3142 1592 250 29 1073 1881 115 1528 1134 3907 4596 524 1194 2534 1458 2377 4212 2133 2780 724 2714 3792 592 2715 2075 3141 4761 2684 351 1291 1333 4041 496 3442 4142 3102 3320 2882 3363
3278 186 1921 2792 1591 4851 2215 1246 2094 957 408 937 1392 4184 685 3319 2397 735 2537 1296 437 3850 2668 3721 3740 3933 2991 3636 3800 4369 1000 4533 4648 4203 2467 3837 4980 1938 1271 2066 3273 290 1203 3674 3257 3533 4668 2911 1463 3280 4653 1738 2404 3386 1943 36 4244 404 2595 101 2853 2948 2284 3211 1598 3038 2774 1902 3680 3482 2882 3126 211 4821 582 1319 4818 3950 242 160 2223 3012 4237 1965 1602 2408 3129 1176 4303 2799 1002 3934 2276 2142 676 1981 1407 637 2177 739 3109 4687 1002 805 1384 1910 4682 485 3665 3877 1738 116 2045 1416 1458 4753 868 1773 2432 845 3205 876 48 4396 987 1726 1718 1125 2869 553 583 4371 1852 68 3617 4402 2169 3330 3359 2507
1014 4992 4929 1609 2334 4168 2526 3047 3638 3547 902 3218 1876 4624 4602 2551 379 372 191 89 2443 2766 4052 2267 2353 4644 2297 4088 1597 3624 3398 2997 269 1342 2545 4670 833 1303 444 2016 1214 1989 4936 574 1324 3323 3095 298 891 4510 3091 433 4349 3488 3012 4814 1750 776 1136 4659 1005 2553 2341 2362 4327 918 1822 697 4310 4396 1955 4876 2658 4757 2943 2907 2172 3825 4241 4879 1143 97 2696 2973 2158 2789 2944 45 1305 394 816 1764 3627 3298 4272 4300 4652 3000 2465 1837 2198 1290 4655 28 410 4209 798 211 1027 726 3457 485 2389 989 2377 868 706 2054 4348 4624 1400 1853 3656 4292 3813 3593 3544 2260 2751 3092 4164 555 4556 3982 2671 4313 2272 1343 451 185
411 1681 3624 296 4133 97 2197 2136 791 3805 3134 4291 1123 482 2547 3589 1937 2175 1079 3145 3451 3632 289 1454 2608 2180 2478 3634 1725 369 4026 4916 256 1662 4034 1284 729 329 3839 1847 3216 4358 1227 868 2246 92 2385 517 1710 1277 1108 4098 310 2990 3076 3117 1210 4648 1972 831 3105 4649 1573 4952 1611 2052 4654 2976 2197 241 1772 3293 3467 1030 677 145 1374 3151 3513 3835 4433 593 2415 596 2209 101 744 2792 1572 1414 4323 4367 1689 3339 1210 269 2966 2811 3262 254 1704 3360 2745 34 3709 97 3291 3488 1375 2323 4172 3558 4737 4822 4212 1773 2054 948 1448 4773 2262 1124 4723 4096 4028 222 2294 3080 3914 2362 857 316 1271 573 4667 1208 942 4478 2895 1786
3105 3343 1352 1277 2777 1705 1923 2310 2847 2483 304 4945 1062 3493 3498 381 3305 1187 3895 4623 4287 1288 4816 4057 4576 1451 2818 2947 1382 35 3787 3787 3120 2360 3515 3749 2977 3634 1698 4486 2805 1305 1231 3037 3593 2041 3294 4872 271 4538 3411 1523 1069 1811 3757 594 3377 2266 1234 3360 762 3492 13 2424 1564 4244 563 808 3929 4579 4877 3875 794 451 2095 1035 1967 123 1294 84 2214 2137 4078 1205 529 2998 1821 4996 2536 4252 318 3518 2533 3269 1224 2577 3977 4059 1318 267 2736 1738 372 536 3353 655 2339 1116 1635 1669 4901 1301 412 3360 2133 2432 4348 1448 3161 2431 3879 631 1666 4601 1663 2102 585 2549 813 361 1647 1409 1876 627 2976 1453 1551 1764 333 4995
2975 3549 1328 4570 1963 738 2790 3369 1643 3337 758 1255 3149 4070 3132 30 1708 2085 2495 2744 1876 2160 1763 4767 502 2728 2463 4360 526 2835 1359 747 1686 4036 4599 3289 3442 1553 2297 1949 1257 2425 4526 4320 2487 4527 2274 2352 2294 3256 2924 2767 4141 788 945 603 4040 1525 3426 4287 1615 1538 4644 4203 3146 4496 1141 2524 3036 3870 4985 2658 1980 1630 3418 1831 3902 1981 346 672 1262 354 3714 4298 3376 3622 2598 2641 3917 2674 4461 1214 796 175 28 1529 4997 4180 2111 1602 2404 3396 1331 1623 3656 2087 3524 289 257 432 1215 4317 3425 409 2780 845 4624 4773 2431 1263 2482 2439 4002 1694 10 115 2514 1665 1573 2082 1692 2554 2938 3222 1054 1981 4385 2748 1393 2329
2218 1679 2996 4449 1764 1093 2921 962 3966 4608 2621 4989 2700 540 3145 1473 4581 3551 3708 2780 2256 88 3408 556 4939 3199 1416 382 1191 1256 4399 2010 1275 2685 3280 2965 3101 1509 4832 324 1204 3695 2475 2401 4527 2435 1776 3793 2441 3748 2051 409 3178 134 4054 2738 763 650 2695 1967 3458 3216 2110 4603 4684 3544 4063 3173 3409 2100 4132 4645 3889 1062 2748 844 2569 283 3690 614 3029 789 3413 2633 2435 1321 1272 3140 2923 4554 952 4354 1844 4914 3283 2414 571 731 3537 3051 1434 3454 203 57 2630 2112 4815 380 1250 1594 864 278 2713 4357 724 3205 1400 2262 3879 2482 2466 2660 59 1072 3436 1672 3412 3075 4873 3426 4904 4599 324 1612 4914 1986 1669 1574 232 4615
4252 946 4961 742 4307 2299 56 1769 749 450 1819 567 3042 1353 1229 2718 4011 1883 2355 3027 1491 119 2093 4579 1174 3821 863 4877 4236 2392 3758 2537 1152 1278 2456 2071 2002 4871 2445 4345 10 1351 1826 4890 1531 2806 2800 3133 4159 1117 4509 457 1937 4499 614 825 3309 3279 3815 2168 1751 3732 3661 1232 1969 1265 912 1620 858 4574 4799 4899 2176 4904 3389 509 1993 1614 2972 1103 2252 2697 1319 3215 3382 2243 4267 2144 1427 4768 4808 3341 4276 3675 212 2631 197 4092 4852 4786 554 2203 1155 4849 3298 3418 3871 716 563 1178 1818 1230 2851 3645 2714 876 1853 1124 631 2439 2660 3170 2200 4706 4671 4660 1046 2448 2500 4473 1606 259 4982 509 4104 394 2837 427 711 1477
4417 4274 1886 2662 3787 649 812 369 3046 539 2201 1932 3417 3294 3484 2075 4575 332 1076 2651 1919 3669 1357 3763 2969 4810 1075 4909 2781 3519 2433 4269 4600 887 3310 1754 4135 300 922 4661 1798 2897 3689 2870 4763 4241 3486 2494 901 111 3601 939 3732 4318 104 4419 3349 280 311 4588 3271 491 3070 3256 2313 4462 2918 4687 92 474 4859 1090 4863 4994 2189 2736 1470 4614 2431 818 3857 4133 2718 4886 1306 1269 3159 4259 4936 266 196 44 2162 130 736 1203 2574 846 2496 1397 258 4846 3414 2472 4405 63 691 4722 1008 4452 1731 673 859 384 3792 48 3656 4723 1666 4002 59 2200 622 4796 2890 4647 943 666 3862 3380 262 3662 1239 3241 4078 2455 3861 3207 2239 246
4668 3603 2820 106 1494 124 541 2740 1752 1667 1589 660 4469 510 1041 3570 760 1560 4178 1022 2849 2280 2761 4261 3495 4412 3550 1925 1342 4778 1059 2612 759 827 1934 1179 3227 253 1881 2029 1704 4889 2771 1711 2788 1042 2901 1285 353 4508 2994 1868 1006 746 2123 2712 731 2693 1624 2428 4691 463 1584 4047 4606 3419 4799 4152 306 3701 2494 4708 1043 820 4647 4415 1925 4487 3662 915 3153 1951 4019 2104 1279 24 2860 4947 1638 1583 4763 2479 3710 2984 3222 4951 2175 3157 3974 3974 3296 4541 50 1968 374 4427 2866 1722 3320 1423 1912 1600 945 3722 592 4396 4292 4096 4601 1694 1072 4706 4796 4542 4985 4599 1332 2357 4766 1970 366 1758 4579 2712 2624 4008 2764 2366 262 2247
4630 4036 247 3290 100 4368 1737 4990 81 1794 864 1948 4880 3086 4025 4492 2442 459 26 2879 4805 3637 2814 4166 2263 3485 963 3350 1108 936 2092 3868 1799 4212 1025 305 4628 3040 3864 2246 4900 3952 4935 2996 4721 367 923 3826 102 2200 284 181 1087 3322 2271 826 714 3290 2293 4101 3374 42 3498 3417 2726 1467 1061 1846 3042 1754 1441 1252 2888 1591 4608 3426 2533 4473 3724 3211 2763 432 3022 4924 1719 2531 2480 3458 1508 3482 3066 3316 998 4233 4766 1854 2196 2646 622 308 614 4529 334 2890 2236 2772 3801 2205 2418 3513 3171 192 2126 4502 2715 987 3813 4028 1663 10 3436 4671 2890 4985 2710 2885 4263 780 3443 1374 4755 3669 1749 4250 2889 2566 2347 185 1991 1277
750 1310 3207 2887 4021 1185 152 1903 4660 929 3206 2967 821 3174 4111 1318 4462 3199 4652 499 2027 1927 1345 1207 4692 734 4760 3646 1018 2357 1194 1356 2486 32 2457 188 4923 4917 3591 3515 3784 3716 873 1058 3819 174 1855 3679 3323 717 773 1163 16 934 1789 3898 2397 3119 4389 1773 3547 4545 3420 4666 1955 3651 4150 3478 4367 4792 3003 1896 4958 1025 3996 4827 1927 1957 4356 1412 4952 3794 4819 2084 3162 206 4005 1880 3828 3872 4787 998 3025 3520 4876 1476 1671 1873 3913 642 2599 1121 4368 2540 2076 971 531 4585 1084 2633 1066 3685 1612 3657 2075 1726 3593 222 2102 115 1672 4660 4647 4599 2885 139 653 2087 842 689 3969 1339 3144 3163 4220 4661 613 3228 1558 965
1742 4076 132 1861 2045 3278 2606 2666 3849 4767 1227 2564 1693 649 1099 1220 2855 709 478 250 1734 3900 694 1962 4514 2089 1525 190 477 186 2132 2017 1347 4796 938 850 1713 1984 3161 4708 4315 4071 2533 4180 3456 1447 4827 4169 1327 1637 1549 926 821 2557 1559 3154 1482 4338 3646 2821 2057 2163 4004 2434 2492 2512 3705 1998 1613 1972 4762 2980 757 4334 4934 4227 1605 2940 4216 854 4283 3630 1755 4003 4083 416 4903 4825 3916 2502 3050 951 4409 4049 4618 532 863 422 4512 4762 3893 992 4276 1721 2631 3800 2161 4690 1111 1268 1138 4650 4151 4396 3141 1718 3544 2294 585 2514 3412 1046 943 1332 4263 653 2071 438 69 3866 3848 3415 2392 4852 3072 743 1278 1521 645 4104
3494 3679 807 1550 4849 1379 4314 598 1721 1837 1721 4437 1694 2238 966 3645 3995 749 1784 93 4561 1366 4393 2919 3462 3009 3831 2327 1568 2080 626 629 2429 2154 1452 345 3363 2946 2793 3758 2285 3774 632 1536 1845 272 2125 2530 4871 4740 1046 3142 4561 4291 1514 4677 4826 1778 1389 1784 301 3836 1235 2121 2345 570 4528 3117 2453 2754 398 4428 981 2497 319 401 545 2475 3719 1379 2343 3309 654 3693 537 730 4499 1983 3102 3191 185 2743 3981 1997 15 4742 2547 4838 3838 4727 1784 2489 4118 717 2003 2229 2220 84 4289 57 1063 397 324 2298 4761 1125 2260 3080 2549 1665 3075 2448 666 2357 780 2087 438 4002 3675 1638 1044 3741 4727 4493 1273 3446 3343 3632 4626 4708
1719 2941 3937 4437 1967 2254 2575 3721 4869 212 3364 4478 4906 2370 1617 3292 4643 3375 4693 1053 2816 3419 364 3596 3388 3435 778 3914 2669 1117 1982 4608 2017 2070 3607 4132 4969 274 1237 1856 3592 3610 597 872 2200 4609 1867 1061 3631 2747 3042 4361 3028 3814 1947 3184 947 2020 1864 3337 4220 3327 4955 3094 4367 687 4320 2691 2672 4505 2126 1802 2936 2169 470 2750 4791 1230 1764 1029 4456 2054 2353 4968 658 2641 711 126 947 4230 2144 3028 1353 305 3420 1052 2653 1512 2278 4847 3342 2175 788 3120 3684 1716 1136 4088 1467 2249 2742 638 1514 1046 2684 2869 2751 3914 813 1573 4873 2500 3862 4766 3443 842 69 3675 1123 2299 1247 2138 2982 2605 2060 665 2444 3725 3728 3065
1675 419 3441 2578 3121 3442 29 100 49 4378 4168 3042 2282 4733 2702 270 987 3059 4562 455 4594 4131 948 4716 129 2390 3143 325 1925 1433 4209 4655 2110 1721 1866 4275 4274 3384 2982 3559 724 213 4185 699 2815 3385 3288 3621 3846 3094 4221 4275 4522 3287 4838 2716 3057 775 636 4967 1481 2633 2832 4916 1372 238 3873 3224 756 229 1569 2752 490 1920 3189 4370 2181 932 459 2498 3157 3423 876 1177 2856 693 57 1623 1745 2227 813 3279 3792 554 4371 4516 3381 1694 832 3918 4839 550 624 1223 2987 1371 2945 3372 419 196 3735 232 3394 3825 351 553 3092 2362 361 2082 3426 4473 3380 1970 1374 689 3866 1638 2299 3422 4908 447 518 3215 917 2926 3399 1643 4345 2723
252 167 4329 2942 64 2746 1902 3963 4448 4567 4685 4641 1245 3869 1823 4678 3924 1196 3457 2616 1870 2986 2283 3632 4503 3868 4180 3039 19 1069 4379 45 4362 1564 2240 728 3448 3431 2724 4508 1641 4218 2899 1331 4171 3866 3886 4510 2681 760 2672 4140 1349 1259 3683 1890 458 2087 2407 1145 1842 2936 4080 133 4882 4876 887 1855 2913 3740 2435 1125 1546 1994 4041 3172 563 634 4409 1887 3937 1983 4196 4528 1460 2244 3526 50 2452 1210 4283 612 1613 2994 4378 111 4569 3034 1901 1074 4871 743 2004 1472 4989 2929 354 2801 755 2913 1599 1128 3293 3067 1291 583 4164 857 1647 1692 4904 1606 262 366 4755 3969 3848 1044 1247 4908 3790 1552 2440 182 981 3286 906 2381 903 4375
178 2694 1898 1484 1676 4472 499 1963 170 2401 542 2148 3644 4782 2050 1322 668 909 3407 4057 637 153 4869 902 3987 2529 376 455 948 1069 1355 3706 3169 4311 3382 4447 502 2148 2558 3280 221 182 4062 3319 4402 162 3956 3783 2301 3934 2492 3768 3266 4761 2850 4753 4096 2284 2589 2203 1219 4771 3384 1434 2450 4942 3516 4031 3216 1818 3577 3940 2460 651 2828 1865 4885 155 3732 4823 102 935 47 1630 651 4389 3234 1789 2156 1082 3969 2362 263 304 4704 4656 2244 4138 1336 1629 343 1562 1689 1291 3603 4464 4158 2693 86 51 507 556 4377 4761 1333 4371 555 316 1409 2554 4599 259 3662 1758 3669 1339 3415 3741 2138 447 1552 1848 2140 3037 3785 4571 3671 499 2191 3920
379 4276 2842 2358 3148 1834 4050 3161 3540 258 465 3944 3537 4735 3718 4511 2218 2853 829 3704 2232 2803 225 725 4536 2707 790 2165 3954 189 4742 2941 1002 3506 95 1611 430 3888 2897 4606 2446 1924 2181 3230 3176 4594 4582 29 3997 3540 3021 1400 158 3658 2627 4497 2243 2561 2193 2170 3204 4126 520 4032 3576 2128 2995 592 2510 2675 4178 2773 3660 4345 464 4158 2705 1233 289 3716 3076 3498 173 2542 1382 67 4700 469 915 4114 3937 4434 1997 2183 314 687 4020 1603 3734 529 3594 3870 3331 607 652 3288 1650 3795 1398 1159 1764 1578 4098 4143 4041 1852 4556 1271 1876 2938 324 4982 1239 4579 1749 3144 2392 4727 2982 518 2440 2140 3589 4594 4947 865 2397 2565 323 1821
3861 3772 1550 4489 1894 216 3193 1604 338 4988 4604 3576 2049 3759 312 4682 3002 781 4953 3143 866 3531 442 1681 1279 3834 3596 3702 1779 2784 1121 4233 4452 2032 3667 2575 4768 819 1358 4031 2676 4917 2056 3143 3966 3324 1279 1306 2525 1511 2711 4912 1483 3203 2622 1671 3661 2378 3111 1714 2424 2760 4257 2382 1337 1607 4503 3303 2120 4275 4127 4294 4425 1720 2264 1131 2976 1614 1289 758 952 4788 58 237 1717 3837 3038 3102 1101 1746 3100 4833 2861 2738 481 3868 3280 2076 3536 1375 4539 3100 4416 1939 1079 584 2452 57 4429 3711 4063 3831 2310 2453 496 68 3982 573 627 3222 1612 509 3241 2712 4250 3163 4852 4493 2605 3215 182 3037 4594 4902 1284 3094 4966 3030 171 1689
2329 18 4323 276 716 546 575 1543 3607 531 180 347 4026 4723 2114 3572 944 3976 1577 4447 4864 3552 4505 1861 1919 1631 1899 1033 1516 3835 4115 497 1123 4784 3335 2576 3246 2608 2669 3471 3806 2613 3327 2082 1425 2536 612 1281 4897 3197 4869 4092 305 2299 3999 687 1353 1891 3289 4194 4586 3916 3020 1130 3289 1110 4492 2710 716 3528 1147 4138 1760 273 4531 2855 2929 387 4920 3800 2188 3682 2750 4169 3533 503 4142 4194 2696 2878 4567 1776 1614 3397 3720 3924 3752 3838 1959 1926 1326 4872 661 3602 4119 2948 2990 2284 339 4725 1580 842 2220 2009 3442 3617 2671 4667 2976 1054 4914 4104 4078 2624 2889 4220 3072 1273 2060 917 981 3785 4947 1284 3336 968 403 1623 607 4097
4356 1376 2456 2032 2428 3488 4560 155 2824 4591 2108 1852 2908 4772 97 2371 1211 2520 2631 3107 2989 4163 2402 2342 4339 3120 3999 3247 1934 4922 2796 545 2698 4254 2378 4763 639 1040 188 2503 2613 1315 3879 2744 2357 1416 1279 566 846 2817 1519 4447 1037 4462 168 1790 2943 109 945 1209 2343 2967 4434 3845 1309 1074 3313 4566 1837 1431 603 4766 2046 842 4675 1555 1696 3358 1350 3259 180 1252 2131 2460 2966 1921 4020 3326 3168 3988 3295 980 709 3175 2390 475 4922 4545 2630 4054 89 486 707 2064 2842 4321 3693 630 2915 3533 1436 2864 2458 1401 4142 4402 4313 1208 1453 1981 1986 394 2455 4008 2566 4661 743 3446 665 2926 3286 4571 865 3094 968 4475 820 2822 1703 1344
2168 4363 120 991 2014 1857 3530 3775 359 4430 3885 4720 2779 2311 3835 627 95 1574 86 1004 3247 2507 2445 2774 4269 4558 2269 1443 2006 845 1810 2101 609 204 3036 4412 4905 2758 649 2976 2615 1938 3724 4518 706 276 4131 1123 1290 1602 4102 2288 2905 1141 497 2050 3982 3102 4153 3260 711 1110 1773 1819 579 2675 603 1815 2641 3431 2041 3425 4469 2366 113 3959 2981 827 3435 3865 4289 2833 215 2654 572 4819 3364 198 1466 2983 2722 4997 2027 1427 4942 946 3194 3964 765 2094 1020 1440 1374 3941 1929 1554 2937 3982 4519 430 2352 438 3804 553 3102 2169 2272 942 1551 4385 1669 2837 3861 2764 2347 613 1278 3343 2444 3399 906 3671 2397 4966 403 820 3090 1665 2573 1216
1382 4206 2684 2250 1259 1461 4158 548 128 1617 853 4307 357 3237 4570 1251 3652 718 2924 1075 4053 1034 3461 493 705 114 2818 4778 3438 4612 3244 2910 4402 383 3812 1131 2529 3179 2051 1616 2108 1089 3348 2511 4389 1683 1476 1166 4960 4412 394 3380 2872 2148 1469 4753 1679 383 974 983 236 2211 2888 2101 620 1439 508 3632 4365 1016 2456 2087 1899 2075 647 4965 4223 4243 3609 2155 85 980 3938 4651 1518 66 3601 480 3717 678 3011 1305 4698 3090 758 1982 2520 427 3978 1246 3765 633 1450 147 439 3617 1214 2945 796 880 1748 807 508 2920 3320 3330 1343 4478 1764 2748 1574 427 3207 2366 185 3228 1521 3632 3725 1643 2381 499 2565 3030 1623 2822 1665 604 3560 3673
602 3109 4372 323 4771 4769 2948 4691 2891 3962 1126 3063 1278 2080 2572 934 3272 1059 1184 3712 2924 4784 2188 3502 820 3146 1479 3202 4586 4983 1387 1168 1101 1636 4644 4992 1402 2115 4060 3249 291 2984 64 4517 1769 2524 2144 4211 4155 684 1214 2355 3260 2363 1832 3104 4320 3451 2486 1703 842 2416 2568 2820 2336 2851 1704 412 1297 4492 263 4799 2182 1977 1087 3033 4603 1970 368 1011 1581 499 1508 2071 2342 2850 2733 3421 2784 1371 3271 2939 1470 1194 553 3675 1172 4412 4288 3333 1113 2234 1085 2367 1760 4795 2401 2230 1454 431 48 2091 3545 118 2882 3359 451 2895 333 1393 232 711 2239 262 1991 1558 645 4626 3728 4345 903 2191 323 171 607 1703 2573 3560 2114 653
2910 3725 3646 2353 4232 2961 1562 1283 3203 743 4683 846 4388 2414 4715 1246 3361 430 4316 192 2600 1543 2633 1995 4385 3554 161 4247 227 2792 4307 2349 1480 942 4608 2801 3079 4721 2296 2008 2439 994 266 16 727 4800 3746 3588 2376 2319 2208 1034 373 2944 64 3931 210 3560 1555 1848 3986 3608 4885 3115 871 2549 1403 3542 3437 3514 3288 3554 526 4000 1995 3953 1466 924 222 4889 1090 3819 3100 1246 1645 3171 1532 1160 2532 899 3438 1051 906 820 3461 227 3814 1964 3876 1088 2131 4845 1615 1777 1063 176 3328 2860 4699 4545 4286 3102 180 3043 3363 2507 185 1786 4995 2329 4615 1477 246 2247 1277 965 4104 4708 3065 2723 4375 3920 1821 1689 4097 1344 1216 3673 653 135
