N: 140
M: 20
Symmetric: true
Triangle: false
14 7 130 71 116 17 97 50 58 13 110 23 72 129 46
3 119 75 77
8 113 90 86 100 43 102 63 62
5 112 11 95 120 42
4 139 117 131 60
6 10 82 125 55 36 91
8 99 93 47 103 49 29 2 44
7 34 64 22 26 67 51 54
5 79 69 27 12 138
9 73 15 70 5 98 56 88 14 33
4 28 140 21 107
8 133 78 39 127 123 65 94 8
10 83 32 80 89 31 76 41 25 121 106
6 59 18 24 137 9 20
9 109 37 105 81 6 52 114 53 134
6 84 104 96 122 101 135
11 68 3 92 4 19 132 66 61 118 74 57
6 48 124 108 87 128 85
9 1 35 136 45 111 16 126 115 38
2 40 30
4566 3053 4620 1162 982 3036 4740 1192 2541 314 3255 4263 4435 1446 2618 491 658 3578 140 1091 2689 4517 1427 2016 4042 4067 1143 3303 3284 2039 1351 4122 1962 3272 2947 3173 4736 3173 1215 3502 569 662 2096 3249 3731 4040 3447 268 557 4961 2407 3985 857 2685 3709 1064 4624 1324 3986 3748 4599 3581 1030 3043 3833 3137 3321 4679 986 232 1109 389 2840 2434 133 4295 3686 3319 444 2641 3686 2107 2982 1014 1101 120 4654 3490 3275 2989 2490 1677 4894 2349 2081 2351 2513 3586 4109 3503 3666 82 3395 2307 1723 1157 3014 4977 2758 3900 926 3991 891 306 1640 4002 3585 3986 4244 720 2336 2150 1207 3638 3512 732 2153 4375 1581 4225 3383 4038 4861 48 3201 3370 2172 1606 1241 4772
3053 2393 469 3437 1863 4469 457 3550 1630 4792 103 2332 3576 3608 709 3333 2590 3932 26 3774 1318 3523 461 924 969 1825 1410 888 4665 1357 1129 656 995 2335 2803 4596 4781 4466 766 605 184 1937 2785 3268 3392 4536 749 709 4288 402 2805 235 4081 3483 2049 1742 3892 3148 317 537 3733 213 289 2326 359 349 433 4187 2427 4087 3372 2616 4388 667 3137 348 3702 1602 1316 189 332 3448 3265 1469 1780 4065 2818 942 488 1707 1068 1122 309 1127 3870 4543 1919 774 4932 2266 2017 1105 1019 1879 4871 3008 4486 1729 4437 4636 1654 4351 1637 232 2732 1039 3046 1148 1845 1962 1786 3971 4627 521 3441 3194 3056 3961 2901 4792 204 709 54 3641 726 3337 4961 4977 1343 3301
4620 469 4843 2818 2784 3741 4964 596 2069 2103 4098 1289 2976 2565 28 3158 3066 1542 3316 4076 4591 3552 3262 2273 3472 3264 3281 358 3601 2321 2084 2279 2283 1596 581 1191 2043 2651 1650 2401 658 908 3616 513 4409 2571 2053 3696 2527 1108 2196 2275 1966 1571 1206 1172 726 3561 1873 1137 3595 207 835 2342 4765 510 4977 813 2333 2202 238 4640 4319 980 1239 1765 4690 2094 4068 3723 4849 2121 1802 3588 3020 4077 2118 1691 1850 1091 2882 4024 4775 304 2754 1503 3044 388 462 448 4691 521 4304 3265 4279 3262 4411 1236 3099 4611 3243 2406 2897 4340 3978 4978 1487 816 2524 3367 4367 3210 4425 3394 4355 3237 4799 990 2296 4577 1819 4568 3677 4433 682 3715 703 2308 1951 1049
1162 3437 2818 412 788 1435 2356 1509 1788 592 677 934 4037 1450 71 1392 2106 4319 1949 3599 4758 1435 3021 1821 2907 2874 1451 361 3654 638 587 1827 4007 3201 3820 1726 1525 3903 4768 4002 2056 625 4796 1485 3568 1146 3890 1287 235 1148 3983 2736 992 2394 1827 1591 3087 4282 4658 574 4506 1560 4495 3741 1646 2884 2020 1476 3360 3702 78 2496 3504 4608 3033 4792 3151 2161 3194 4498 1380 713 1239 3623 2363 826 3117 2540 1066 3298 137 1115 1481 1330 488 2550 97 4688 2626 2535 4831 3132 756 4056 765 4802 4213 1357 1668 4076 1993 2931 4576 4973 4542 2556 4715 1378 215 1115 2899 4314 1083 4504 548 2131 4586 4527 2000 3567 4487 2925 456 3414 775 963 3635 3000 1938 412
982 1863 2784 788 4729 1365 1257 2902 4995 492 238 1292 4470 178 4127 1155 3081 807 4643 4530 609 337 1002 779 1341 710 2449 4981 4670 1024 4916 1860 3910 4458 3434 1070 3886 4300 3122 1469 2406 4213 4371 1265 2212 4827 1298 1017 138 1652 1227 3207 2324 34 1082 3800 3579 4871 786 980 4815 1641 1104 3790 3502 4693 779 1087 2699 3616 1263 1608 2933 1585 2487 2230 4035 4364 3051 1671 271 1214 184 4387 2905 4656 2768 1902 3516 1816 4362 622 3417 589 1402 1200 4517 1257 1595 3785 1281 2967 4057 1828 4739 1943 2926 2629 3241 3348 4409 2089 3391 4976 3492 566 3377 3726 450 315 2049 1821 1497 1316 4658 3864 1777 3200 1825 400 2935 4647 2847 1834 3663 341 1549 1775 3955 2070
3036 4469 3741 1435 1365 1479 2781 2188 2130 2166 2249 3183 31 2438 4428 2782 1284 2128 3346 4589 1419 1964 2151 3281 2673 4990 713 1867 2228 2059 1636 210 2620 1759 2753 439 4903 952 2860 2827 4979 1689 380 3235 1209 1096 1108 4107 1287 3966 1468 3021 336 4607 2514 963 2060 4141 1634 135 4694 3461 1577 596 720 943 873 2985 3129 3979 1945 4461 2818 3153 2650 2994 3215 162 833 2869 1649 107 1840 1090 205 1012 63 2146 4050 4480 3002 1227 4345 1876 4885 3051 3017 4577 199 597 1498 2541 4881 3019 3096 2559 767 1290 43 2657 2049 988 2412 4157 4640 2896 3766 943 4076 986 1529 4795 2626 2997 4760 1263 912 4322 1228 3711 3508 359 4747 4710 2228 3096 379 4728 2218 1078
4740 457 4964 2356 1257 2781 2421 2714 1179 1962 3786 1884 4908 4764 2040 2486 556 1483 2004 1044 2892 3902 4325 1309 3913 3322 1747 4876 2939 1104 3632 151 1642 1621 2115 901 3949 528 2945 1570 38 542 3891 3501 1504 668 2396 4303 842 3163 3690 2600 2698 1954 1662 4265 3461 3512 1060 536 1528 3754 1471 2536 3662 2305 3412 3949 1052 1327 870 663 1493 2280 3139 4709 1170 4671 279 3004 2036 4951 1950 2604 424 265 1546 2668 933 4015 2957 562 3506 4142 1635 3817 4080 4322 3168 3350 935 2250 1585 1104 3903 2779 4397 3809 3390 3617 489 4105 2820 4833 851 1099 1033 4607 1250 2523 534 327 257 558 2822 2395 1186 4327 1251 3926 250 526 3437 621 2495 2476 4250 849 3758 4140
1192 3550 596 1509 2902 2188 2714 2047 3023 4539 1294 4857 1419 1896 973 338 1447 191 188 1671 3970 3855 587 624 1885 1796 3521 3661 4342 4628 2002 4274 4132 2961 1367 3053 3514 2830 2211 2173 484 3812 3669 2837 1317 4873 341 4378 4805 2054 3409 1498 735 109 1720 2466 4142 3021 2230 992 2082 2932 2972 847 365 2984 2286 4721 969 3680 1339 1760 4512 201 954 518 981 2207 117 1514 14 3262 1585 1610 1540 1058 1213 2718 2682 2316 2412 1150 1150 2805 1223 3501 233 3344 1343 2358 1332 1415 3907 3395 259 604 1640 3580 384 4935 2696 288 2936 514 2166 4497 3293 4017 459 1615 3460 2273 602 3226 676 105 2747 4596 4704 3635 366 1796 4916 3382 2141 4696 3858 4782 1570 485
2541 1630 2069 1788 4995 2130 1179 3023 421 1860 1644 1116 1335 1990 17 2380 721 3241 306 4810 4276 998 203 1352 1589 918 2340 3588 3290 1670 3160 470 3864 1057 4616 3374 1476 2559 2026 3053 163 2570 3644 2688 4447 2096 1093 1211 549 1416 152 474 4278 4109 3680 2023 2607 1316 4223 2122 2699 4238 1552 2927 2913 4126 554 2151 1750 1695 2257 4761 4570 1238 4192 1325 1475 3291 4024 2431 2475 3201 605 4636 4928 4136 2982 354 54 3070 413 1678 1797 1211 4828 4160 3252 1492 4015 2401 783 3754 4772 157 2434 534 4293 887 2947 4701 1840 206 2807 1071 4192 1083 4999 4928 2259 3392 1797 126 1528 1410 3176 3082 1887 4674 4977 816 1886 1255 4844 2728 4835 363 1192 4596 4672 635
314 4792 2103 592 492 2166 1962 4539 1860 2764 3176 1470 4994 3839 4263 4566 3725 3904 2722 426 2969 2404 3882 3819 481 660 2735 1857 3862 885 3671 3214 2549 3781 2539 4567 3741 4507 3345 818 4371 865 2618 564 1004 536 3862 4147 1927 1371 3708 3606 1474 2682 2525 4378 653 3431 773 4474 3496 4792 3592 530 1346 1142 3596 1323 2539 2705 1546 3268 2561 3213 2242 1959 1118 2947 2776 3056 355 756 469 3560 4249 3126 3939 397 3671 4769 4639 2261 4292 1290 177 2957 3848 2411 2173 4192 3681 4311 2276 4109 4874 328 3807 2302 3204 3254 739 330 622 3302 4620 1796 4185 4663 327 4384 4892 3672 2998 2994 4314 2245 1172 4070 4121 2984 136 4789 523 1002 3325 2400 4146 3373 4406 3506
3255 103 4098 677 238 2249 3786 1294 1644 3176 2668 2463 3652 2321 2874 3884 1037 1019 4968 203 411 3201 904 1891 810 3225 1322 736 2039 3946 79 4560 4232 1329 1947 3251 1252 1723 573 715 4420 2709 4811 1050 127 722 3874 1416 1772 1256 4067 3547 836 4919 3642 3683 173 2438 3737 2897 1312 1896 3950 2219 4040 2982 1471 966 3773 4824 3127 4769 3483 3322 1452 3705 4673 1915 4532 1817 3925 4957 3521 1339 2095 2774 302 461 1001 1948 2568 4441 3964 4012 2353 4122 4698 3875 2145 393 244 998 537 1632 2385 3185 4758 1332 2008 4603 4433 340 4426 1637 3561 1117 2425 1845 1487 3066 4232 620 2860 2619 2784 4147 3698 3367 174 2073 2847 3545 4970 319 3954 2128 3958 2285 2413 232
4263 2332 1289 934 1292 3183 1884 4857 1116 1470 2463 1229 1324 4953 1223 3314 1084 2577 4837 2955 3540 4569 3561 4485 2491 397 2941 1510 268 4049 4341 1155 143 2388 3554 3312 4855 2905 2699 3777 528 357 1848 3529 1817 2572 4074 117 4198 2972 1463 736 2996 4200 3194 2088 4488 3619 4224 3193 4304 1148 3277 1526 3145 2378 2243 4706 3223 3445 3266 4048 4004 1348 1351 2993 4662 2762 3325 3822 4938 3560 3828 3010 4363 4401 1763 4820 1183 1100 79 4240 433 4496 233 4794 505 4238 900 1598 4626 320 3842 4901 1567 2594 4694 1357 546 1842 886 3679 1022 3630 2420 4942 3402 1976 1580 3702 4114 2132 4785 2782 4462 4277 4059 550 3025 4040 2359 4491 3324 2026 2354 2023 819 3761 4258 1966
4435 3576 2976 4037 4470 31 4908 1419 1335 4994 3652 1324 1636 921 1582 1504 2492 3808 891 815 2445 403 4590 604 2717 892 3787 1248 4869 449 519 1599 1531 4799 472 4119 3990 3560 1285 4180 4602 2425 215 37 4411 4950 2651 4768 3589 1913 4952 250 3595 1704 4911 3877 4507 2873 2400 3388 2239 821 762 3818 1962 3594 2028 2080 945 2402 2770 1239 3163 4302 1641 2281 2825 3616 4825 4282 844 2059 3602 4420 261 265 3294 3352 1939 174 2118 4309 685 893 2861 2612 4403 4840 2040 285 605 4822 4283 427 2390 2106 3657 4254 3714 3781 3372 4149 2850 3877 1505 2290 4428 4154 4388 1594 2666 3247 3391 4905 677 2578 705 4931 2036 4871 1440 2846 1813 2987 1424 4204 4186 3280 1235 1903
1446 3608 2565 1450 178 2438 4764 1896 1990 3839 2321 4953 921 175 787 1081 2365 484 1709 110 1618 970 2451 2222 2240 3353 3616 120 2848 2177 4682 3621 2924 1691 2664 4262 4585 1028 1203 4186 3563 3438 431 1169 342 333 832 4100 2438 1879 2926 1072 598 3751 3462 4885 4125 4885 1707 1392 4687 2714 3794 3275 2177 1688 1101 486 442 3322 4583 1530 1974 263 2503 1116 3874 305 4976 4876 4675 3311 3525 3955 2817 3691 1955 1563 2515 4294 2336 3988 4156 4327 4627 4436 2540 401 4441 3869 4064 4486 3629 3228 556 2409 4028 1847 3187 220 2172 678 3719 2385 4604 1761 1397 959 1932 4281 1162 3295 859 1194 4503 1017 2364 3082 3574 2946 2188 2334 1872 950 2360 3033 3519 4255 2264 479
2618 709 28 71 4127 4428 2040 973 17 4263 2874 1223 1582 787 3043 2172 3092 107 4477 175 2253 964 3822 4438 4094 4640 4856 4110 2221 3937 53 4115 2654 3982 41 1827 370 4508 66 2937 1863 659 3875 472 1656 1619 4760 1889 1647 3648 3541 1567 1407 1690 2640 2179 1849 1321 729 1741 4866 2258 490 1180 3422 3958 2876 3823 1978 4103 4064 2588 1848 2876 4375 3441 1300 1515 1813 174 976 77 1646 2342 1776 915 1682 1207 4743 1707 3008 2348 4176 455 2226 1811 3843 492 1307 793 1248 1642 555 2488 2383 1877 4564 3186 3281 3893 1741 1057 4613 704 3537 2399 1628 970 3932 2718 695 4491 2670 2510 3399 4849 2014 3773 4256 4259 1469 3922 3112 1280 4376 156 1429 4240 1669 4258
491 3333 3158 1392 1155 2782 2486 338 2380 4566 3884 3314 1504 1081 2172 2453 2467 2394 4391 4715 1034 4484 4784 823 3324 4456 1474 380 4818 4347 1458 820 3176 854 3915 1966 4509 3513 2774 2583 2362 4280 3273 3817 2870 4163 2020 727 2359 2448 4880 819 1826 4544 2396 2025 89 2855 4798 4694 2418 2907 2276 2406 166 206 1406 4628 2791 4981 261 1203 781 3638 580 3766 4114 4219 2853 935 2111 1447 3561 2844 2289 3057 4020 320 1101 2167 4543 4428 2573 2608 1981 4923 4331 3381 1777 193 2171 2930 4946 1909 4805 2962 4714 4040 3505 1258 104 765 265 3229 2706 1096 2783 2495 4951 4592 132 963 2931 2708 1683 2165 1159 823 3983 785 148 2584 630 2709 3543 81 3374 4539 4232 3512
658 2590 3066 2106 3081 1284 556 1447 721 3725 1037 1084 2492 2365 3092 2467 3554 2416 3559 2823 3607 1079 299 2265 809 4577 853 611 2409 74 2157 3017 1840 1501 3523 1154 1305 4569 3667 1114 339 1802 4742 3235 1191 1592 2271 4917 2254 4047 4308 1716 4215 819 756 4055 698 283 4694 3131 3994 2655 2910 4811 4224 4312 2134 1809 2531 2477 1387 4431 2503 4473 1236 3112 1035 4443 1634 4149 1314 4134 1192 1117 3219 4942 3820 3624 2677 4310 3991 2633 4243 1010 4551 4716 681 1177 425 233 1883 3106 4437 996 2460 4286 3088 4135 4943 3386 4596 2821 1943 3324 1640 1145 2280 4003 3026 279 1671 834 4992 4227 1927 3916 4245 4998 2745 193 3078 3592 2907 1827 3000 629 3833 2727 1712 4045
3578 3932 1542 4319 807 2128 1483 191 3241 3904 1019 2577 3808 484 107 2394 2416 3778 1760 3335 4902 4455 3730 1145 1762 4652 766 920 1708 843 1890 1570 3274 313 28 115 1142 748 2656 296 1853 2097 1463 4764 4461 2290 440 847 4289 3690 2513 2573 2776 4574 2898 4503 3076 551 564 4872 536 3912 4368 273 3046 4420 249 4031 3267 4380 3179 3909 4600 3227 166 1137 4709 2703 706 1763 2265 3577 2717 2785 299 4120 532 4723 4863 319 1036 3298 2216 3490 1564 3574 3977 1136 129 2353 3045 1224 2206 4958 4456 3392 1343 2061 3252 3913 4157 1594 4156 175 3773 107 2413 3425 4559 2022 1489 1624 4579 1796 1739 2681 2555 3546 2209 1237 455 4889 4924 3775 1972 16 4759 3745 4155 3007
140 26 3316 1949 4643 3346 2004 188 306 2722 4968 4837 891 1709 4477 4391 3559 1760 2116 3810 1013 3431 364 4101 3918 1161 2568 2622 3428 1434 677 1617 4558 103 507 3289 2508 2933 192 648 2987 2410 513 2831 343 2408 398 4303 455 3615 3789 2072 2587 3016 493 2583 3280 1581 3354 613 4782 3194 2317 2896 2230 4549 887 1456 631 1433 3666 39 510 1534 571 2566 2790 3258 115 2614 1936 1791 2636 4378 2272 486 4078 4795 1047 4314 2928 74 4777 2116 3066 3629 113 805 4919 1774 3814 334 4043 4832 3141 4831 3779 1945 4961 2619 4309 3017 2968 2202 1088 1257 1033 298 2882 4386 1439 2146 1590 1519 4319 2777 3004 763 336 4057 420 4909 4680 258 2915 4860 4764 1029 2950 2239
1091 3774 4076 3599 4530 4589 1044 1671 4810 426 203 2955 815 110 175 4715 2823 3335 3810 3373 4731 4830 2319 3903 4783 2890 145 3809 731 2561 694 1530 3666 1198 1077 1954 2231 1979 3586 980 1373 3685 1434 1734 1305 1587 2918 3382 3638 4146 2372 53 982 1977 1827 2832 4458 2973 2441 2362 3091 217 1510 798 3751 2961 3181 3481 1570 4604 2400 3946 1481 3642 3321 4439 2109 1489 4652 2388 869 3057 2499 4770 506 1926 4705 4481 4518 651 2808 2854 3500 2591 4664 4374 3231 124 790 454 51 3981 312 3964 2962 2297 2648 3990 3382 4061 1199 3654 3800 2299 4944 3111 139 550 521 4711 1182 3573 2222 2486 1455 1708 4832 4070 4880 3872 744 1011 1784 2055 2515 1411 1166 173 587 224
2689 1318 4591 4758 609 1419 2892 3970 4276 2969 411 3540 2445 1618 2253 1034 3607 4902 1013 4731 4410 1534 1939 2360 2977 4084 2441 798 1811 801 3229 2069 592 3962 3883 4407 4070 4313 724 2539 981 1995 938 2613 1192 1327 255 1361 4896 2446 2129 1317 4947 2724 2698 2440 1853 2176 1110 961 2036 3855 1560 3131 2600 4338 1967 4880 4837 3455 3005 1228 1391 920 519 1759 3853 2251 661 3825 1612 3861 2374 4331 792 4608 401 1471 4174 2412 3203 1222 764 3216 751 4174 594 3389 4245 3939 1585 3368 1898 4972 1268 1371 4117 268 2876 694 4984 3176 2916 4836 2449 872 401 2345 953 828 1399 4447 3895 1530 2544 4981 3776 1058 3829 3074 652 4732 3932 4493 3167 3151 3120 4495 1522 35
4517 3523 3552 1435 337 1964 3902 3855 998 2404 3201 4569 403 970 964 4484 1079 4455 3431 4830 1534 1073 3531 1804 669 4867 600 3414 4571 1063 1811 877 1726 1746 1729 4977 217 459 4671 4704 3335 2269 891 4300 2585 1134 3379 478 2276 3428 962 3413 1725 145 520 1149 3242 1123 4426 375 3438 4432 4146 3227 4642 63 1764 458 2194 609 4136 597 2682 2912 750 2179 1300 3947 725 1799 2097 4349 3321 323 452 1384 1249 2461 4356 2714 984 4153 3917 365 2955 3583 23 2952 3686 3883 4252 187 2842 4305 920 588 2612 3349 133 3779 1939 2147 3528 2222 3513 2293 1227 188 4690 2053 2161 2817 1570 1874 545 1869 2776 667 1729 2801 2158 1731 1148 726 2920 4075 2277 3604 1683 420
1427 461 3262 3021 1002 2151 4325 587 203 3882 904 3561 4590 2451 3822 4784 299 3730 364 2319 1939 3531 4998 476 3470 2091 2223 1465 1761 4556 2560 2159 1108 4851 2325 2541 469 1954 147 4266 4814 3648 1702 4115 4056 2281 189 3761 3363 785 791 2301 4952 3330 886 1031 3479 4041 4241 2577 4518 2797 2709 42 2063 2529 412 1910 3365 2778 482 4086 2251 2176 4050 3047 229 4479 430 2257 2330 2734 2042 4694 4014 2041 152 4577 1251 1969 4190 2324 3497 286 1726 4087 1920 2264 4386 3348 4848 2622 414 1240 2490 1259 878 4116 3810 1661 3598 259 311 2743 480 3199 3287 487 1216 3012 3865 3952 642 750 284 231 365 4599 4260 1339 3030 3518 4662 2402 390 446 1489 2875 3469 2341
2016 924 2273 1821 779 3281 1309 624 1352 3819 1891 4485 604 2222 4438 823 2265 1145 4101 3903 2360 1804 476 517 1672 1308 806 4248 2542 2576 2506 4989 4813 3956 970 3162 928 2375 3556 4371 352 2535 2453 1696 1505 1155 3513 2813 4374 1758 356 3157 1751 2428 3866 3053 1895 3819 3511 2932 2633 1423 3398 4736 1268 4070 4804 3969 733 3569 874 4922 3775 4949 3178 27 3551 1616 3830 795 151 555 537 2354 3061 504 3853 1514 2799 914 3211 3544 3723 3421 4628 777 3718 4595 4034 2546 1454 4576 2192 3773 4967 3840 2096 4244 4005 637 1634 2104 1942 3857 822 1935 1660 1676 192 2477 4338 2442 4797 1969 1327 1303 724 1665 378 132 2892 1777 3648 3891 1011 4823 2563 1764 4979 2439
4042 969 3472 2907 1341 2673 3913 1885 1589 481 810 2491 2717 2240 4094 3324 809 1762 3918 4783 2977 669 3470 1672 4722 3401 4752 1662 1273 3099 1847 942 386 4745 3641 699 2737 3135 1283 956 606 2880 2912 2250 4855 4624 4527 1065 656 1783 2659 2777 696 2887 843 1375 314 1096 1193 2891 657 504 3162 387 4475 1002 3869 377 2283 1183 230 4449 3611 1275 4866 4494 2527 1736 1982 2298 4566 4738 2885 1648 1103 4316 2783 1874 3757 2431 4120 1423 4097 3512 4731 4084 3530 1229 3276 1244 1337 644 3011 4510 4246 2828 2586 2102 1276 3852 698 3456 3368 1328 4373 4631 4365 88 915 4435 2664 2421 1312 4748 1351 452 1996 84 635 1526 2536 2968 37 4268 4491 2813 3219 4726 4116 3878
4067 1825 3264 2874 710 4990 3322 1796 918 660 3225 397 892 3353 4640 4456 4577 4652 1161 2890 4084 4867 2091 1308 3401 3740 3424 350 3167 4448 4737 4506 1978 2258 4405 3283 3144 1453 3429 298 2098 2369 574 1759 4182 1029 4493 275 4312 103 2540 2976 1516 4739 4765 660 4733 3124 1997 4163 3503 3065 1827 4410 2946 3050 2801 2054 1148 1200 3224 715 1684 1639 4766 219 3141 3276 635 2714 3922 2073 2087 1437 3819 1512 4444 4829 946 1941 2789 4619 4324 2659 3942 4288 2342 3761 444 810 656 4540 4088 4027 2114 2292 714 4906 3071 3110 1749 2945 4037 1504 1543 4912 3883 3476 1692 3087 2275 2855 1292 391 2886 1300 3270 10 3903 4107 3846 1033 1048 4695 4201 3730 2544 4909 2500 347
1143 1410 3281 1451 2449 713 1747 3521 2340 2735 1322 2941 3787 3616 4856 1474 853 766 2568 145 2441 600 2223 806 4752 3424 605 2372 1208 3802 2097 700 369 2885 3830 2956 637 4510 225 2173 2230 3476 4032 4046 2647 1561 3412 3761 4310 3134 4298 783 2643 1924 3690 1767 4320 17 4211 1161 753 3066 3453 1298 3181 4013 4057 358 1264 2534 739 2559 2200 2117 552 1447 4411 2631 2970 1643 3552 1822 2527 760 958 2893 3718 1304 747 1024 3136 3470 3839 4452 2084 1124 3781 2034 585 1620 61 1473 2931 4234 4172 3886 3716 786 1827 244 1049 2689 1221 4344 237 4661 936 4208 1462 1403 1083 2013 1879 144 1559 3962 130 2715 2652 1295 1544 1494 2050 3669 1679 4127 2897 3810 1726 2948
3303 888 358 361 4981 1867 4876 3661 3588 1857 736 1510 1248 120 4110 380 611 920 2622 3809 798 3414 1465 4248 1662 350 2372 2476 2253 1441 4517 460 661 819 2341 4693 3407 4031 3766 2989 4637 38 929 4316 1625 3147 2053 3870 3350 4973 1113 2986 4173 3203 332 2594 1070 2802 4345 3341 3523 2195 941 3650 4712 3945 2648 3460 1633 3243 4932 3895 243 4246 3998 2170 1154 455 1668 1887 2154 959 2089 4659 588 588 780 1276 2430 4879 2410 4259 4992 2422 4278 3046 1459 3594 2797 4340 213 2104 2946 3741 1562 2863 1379 958 4024 2115 246 3546 1123 1203 3118 1900 2274 3298 4032 1173 3335 2064 2211 120 397 405 3332 1273 3052 4606 3967 247 3459 1776 4820 2408 4944 849 4708 4540
3284 4665 3601 3654 4670 2228 2939 4342 3290 3862 2039 268 4869 2848 2221 4818 2409 1708 3428 731 1811 4571 1761 2542 1273 3167 1208 2253 4280 1481 2992 1562 233 1546 3625 872 2200 1204 4771 2799 1837 2072 1029 4753 1192 4260 442 1430 4067 1781 4623 372 2734 4473 3418 2252 1525 353 2271 2137 2020 4073 4901 3513 4413 2607 636 4863 3057 4589 2585 1066 3763 2939 3088 2014 578 4379 3497 3467 862 4368 3303 2549 4168 4191 4262 161 1080 1464 4070 4407 4639 4740 4305 2691 4599 2380 3474 266 4091 1629 2497 4022 3258 4006 4364 4948 4307 3324 4490 4387 1738 3618 1312 4228 2050 4485 2178 2167 1714 569 3115 4510 3739 4451 2928 3475 1690 1865 151 3534 3735 1731 397 2886 4226 3458 123 4801
2039 1357 2321 638 1024 2059 1104 4628 1670 885 3946 4049 449 2177 3937 4347 74 843 1434 2561 801 1063 4556 2576 3099 4448 3802 1441 1481 4627 3390 3823 2176 2251 3788 1960 586 1491 2691 2759 3996 727 120 3044 1734 3580 1216 1666 3749 4735 2203 2184 3418 1473 3810 1431 1764 1281 3998 4500 280 607 874 753 2270 4625 1790 2897 2035 3868 3579 493 3085 372 4412 3516 2132 2190 1089 3685 2069 148 1397 4478 737 4402 2270 540 1297 867 4363 3594 1472 3670 1892 4616 129 656 2651 4304 4459 2338 4173 1121 3101 2875 1245 4448 2950 3641 4703 537 1073 57 4785 1683 3152 607 1478 1336 3629 1020 2499 1075 2823 3199 3681 3044 4233 2562 419 62 1290 1617 1138 3464 2547 2560 4126 2953
1351 1129 2084 587 4916 1636 3632 2002 3160 3671 79 4341 519 4682 53 1458 2157 1890 677 694 3229 1811 2560 2506 1847 4737 2097 4517 2992 3390 2553 1213 2017 3803 1283 4125 3572 4530 3690 1592 3855 3325 618 1127 4494 444 4245 800 2928 2082 2664 2251 1333 3623 985 428 2326 3102 3619 4909 2092 2296 436 3302 4425 4928 3082 4207 411 4958 4672 104 4557 2296 4294 593 4868 949 1046 1067 3204 4948 4564 4435 2457 4528 2002 550 4166 3365 1767 1983 4385 3453 769 3202 193 3486 2564 4824 4076 849 2412 818 770 3377 2491 540 4999 1143 2328 1579 1450 533 2190 1038 4048 4827 4293 1761 3599 1934 3765 1273 87 3636 148 4734 3164 1030 4599 2489 482 3721 3651 1266 4784 2864 4760 78
4122 656 2279 1827 1860 210 151 4274 470 3214 4560 1155 1599 3621 4115 820 3017 1570 1617 1530 2069 877 2159 4989 942 4506 700 460 1562 3823 1213 2746 675 2652 1994 2374 4350 4463 2643 4195 4783 942 315 953 3504 3277 2956 2439 1294 1188 4856 2049 2417 1501 2715 760 3454 2737 3661 3141 2491 2724 1516 3690 3396 2412 3534 2920 1037 1631 4452 897 4874 204 935 2418 850 4316 849 3977 367 911 2815 1228 1707 2698 3448 4133 1572 2202 1300 721 2503 4395 3795 3579 1686 4302 3107 3912 3526 3751 16 3123 4918 1014 530 310 2966 1646 3674 681 3063 4321 1684 1353 2568 1866 1064 889 3583 42 171 541 3175 720 4802 38 1523 3609 1214 1390 1420 1110 2228 3017 4433 2619 1099 3680
1962 995 2283 4007 3910 2620 1642 4132 3864 2549 4232 143 1531 2924 2654 3176 1840 3274 4558 3666 592 1726 1108 4813 386 1978 369 661 233 2176 2017 675 3864 4027 4252 3026 2870 1259 70 1703 3947 2861 2236 2801 1673 1794 2082 4336 3122 895 938 4016 2465 806 4497 978 1937 2323 4854 2086 3402 3574 1897 2152 3115 4761 2269 3494 607 4086 821 2258 98 1346 1277 4581 1090 3993 4953 1029 1428 3556 1167 4346 4776 3932 4929 4990 3662 747 3070 3480 1594 2647 4520 4463 1698 983 2605 1372 1402 263 866 4315 2531 2293 4246 1153 1678 3946 771 4963 584 1955 957 1846 2011 2396 155 4125 2670 4048 3049 1328 3700 1116 2198 3093 3424 2010 1690 742 3368 140 2520 1085 4996 1873 3790 3822
3272 2335 1596 3201 4458 1759 1621 2961 1057 3781 1329 2388 4799 1691 3982 854 1501 313 103 1198 3962 1746 4851 3956 4745 2258 2885 819 1546 2251 3803 2652 4027 404 4708 4066 362 1035 1958 1444 798 2512 2286 4982 252 3869 2811 3181 4701 79 953 2670 2659 4811 1209 635 4922 3476 2983 3814 1966 77 2304 978 2697 2886 81 2290 1495 3276 2923 3474 2201 1052 3135 2779 4380 919 3540 2873 4443 3339 843 2955 1234 2239 3625 2848 2261 4032 2860 4850 2297 4896 986 2216 4310 124 402 2100 1935 2864 3304 1695 2005 2000 3196 4984 3032 4291 67 42 4185 2226 2468 1113 2628 1220 1648 196 2183 1462 750 657 1561 1775 4269 1650 2500 384 2491 807 4040 1901 1458 925 890 628 3479 2797
2947 2803 581 3820 3434 2753 2115 1367 4616 2539 1947 3554 472 2664 41 3915 3523 28 507 1077 3883 1729 2325 970 3641 4405 3830 2341 3625 3788 1283 1994 4252 4708 1531 2547 133 3194 1310 3359 1561 305 852 4207 312 4843 4897 3295 1115 2786 3589 981 330 2221 1972 1791 1331 1696 446 4757 4834 2109 4453 471 188 4588 2860 4016 1277 1553 4410 3179 144 1313 3366 2994 4626 3222 502 3025 3401 2609 2418 280 4826 3572 3481 1211 3743 640 970 3540 3557 1199 1575 246 1544 1036 3820 4202 3958 3566 643 579 2948 4970 3037 4225 2700 2309 3016 3001 1880 3320 4733 1798 4236 3176 4297 1302 751 1443 3968 960 3271 1197 252 4826 3142 4501 3612 2498 3188 4576 217 2619 707 888 2666 2307
3173 4596 1191 1726 1070 439 901 3053 3374 4567 3251 3312 4119 4262 1827 1966 1154 115 3289 1954 4407 4977 2541 3162 699 3283 2956 4693 872 1960 4125 2374 3026 4066 2547 2660 735 4391 2308 238 660 851 1695 121 1034 1946 891 4318 4856 3927 3347 4762 1961 3746 2851 2368 4950 1257 866 4745 2067 3734 4616 3017 4195 1470 3483 121 4460 4722 1284 4875 4608 3458 1347 313 4995 3638 2487 1389 1681 4426 3831 2149 4525 3308 1946 1567 748 4938 3127 3281 1724 1644 463 2218 3349 1674 588 3689 295 548 977 608 2223 4744 1044 3319 3314 3818 3734 1884 1239 3516 3121 140 4254 2087 3960 3732 4658 3770 1296 1064 3454 1522 4720 3591 1150 4168 2744 1012 2723 4305 2784 401 4166 3545 2984 3254
4736 4781 2043 1525 3886 4903 3949 3514 1476 3741 1252 4855 3990 4585 370 4509 1305 1142 2508 2231 4070 217 469 928 2737 3144 637 3407 2200 586 3572 4350 2870 362 133 735 1838 799 2920 1281 143 4938 2144 325 1440 75 1216 827 4074 1646 1723 1665 1301 2501 2913 1604 3694 186 3843 3996 1625 4535 2271 2244 3580 3553 2729 4211 172 893 4797 4506 2221 1465 4462 3483 902 4852 4743 349 3169 4986 577 1611 2008 3876 3243 3077 1706 3101 4002 1407 1775 184 1291 4459 1575 4512 4680 1041 535 3114 786 3202 2854 1987 3751 1962 1565 115 791 4093 2790 3607 1133 2802 2309 1809 169 848 1610 822 1338 3025 4023 2213 1454 886 3254 3589 4088 2348 2733 1492 3449 242 93 444 1615 1263
3173 4466 2651 3903 4300 952 528 2830 2559 4507 1723 2905 3560 1028 4508 3513 4569 748 2933 1979 4313 459 1954 2375 3135 1453 4510 4031 1204 1491 4530 4463 1259 1035 3194 4391 799 2612 183 241 1795 1530 3527 1631 323 4366 4510 1420 4977 2291 4309 755 549 3119 193 300 1811 4255 3478 4709 3655 1734 4580 4952 1393 3062 4987 3459 596 1892 603 172 2008 3149 1694 216 3762 93 3419 2351 3530 4726 2941 4940 4123 1563 1081 2837 2921 193 3909 1774 4833 2362 3971 4668 4201 2363 591 4933 3487 850 1235 255 1474 2355 1961 2642 2657 525 190 3816 1139 3244 2732 2511 16 4253 4380 577 696 181 3747 1332 3156 2599 4839 1167 4513 171 4376 957 892 4644 128 2216 4270 1820 370 3218
1215 766 1650 4768 3122 2860 2945 2211 2026 3345 573 2699 1285 1203 66 2774 3667 2656 192 3586 724 4671 147 3556 1283 3429 225 3766 4771 2691 3690 2643 70 1958 1310 2308 2920 183 2252 3504 2440 4632 3899 3082 1464 4596 3305 2194 3315 3238 2338 553 2226 3307 1631 868 3083 1142 1982 3624 1640 2395 1314 2579 2175 2469 4858 3239 132 1138 4761 1932 2289 179 1836 1854 1388 3377 185 519 1117 1268 4104 3966 2078 47 641 3349 4338 3224 61 2663 4086 1258 3557 4883 4385 2212 2830 4925 4145 470 1766 2506 4848 4434 2559 4560 2720 3503 3877 4814 1740 4751 474 3069 2019 3084 1026 4449 4970 1675 2391 1961 1359 2181 1982 3184 1920 2300 1385 1615 3654 392 2341 3733 1404 1754 3655 2306
3502 605 2401 4002 1469 2827 1570 2173 3053 818 715 3777 4180 4186 2937 2583 1114 296 648 980 2539 4704 4266 4371 956 298 2173 2989 2799 2759 1592 4195 1703 1444 3359 238 1281 241 3504 3567 326 1262 1279 2024 1248 4332 1187 1817 1895 1664 2057 4804 3693 1762 1485 4326 574 3297 1626 1852 527 4638 4921 370 1483 888 4745 1944 2986 620 3413 1515 1307 4386 4649 3433 4847 1190 450 2728 3322 2898 905 4649 1737 3567 145 3085 296 2654 1052 4416 3206 3027 3838 2074 375 2850 2128 3872 2276 707 3038 2889 2037 4920 3446 2751 1611 2912 3761 2428 4280 2408 4405 3364 1544 3990 421 1661 3226 1192 4521 4718 3966 4119 3580 582 4310 4684 1375 4509 350 4533 2110 4930 1545 2802 2057 2239
569 184 658 2056 2406 4979 38 484 163 4371 4420 528 4602 3563 1863 2362 339 1853 2987 1373 981 3335 4814 352 606 2098 2230 4637 1837 3996 3855 4783 3947 798 1561 660 143 1795 2440 326 3127 1025 4022 2120 2030 2290 2101 4156 3864 528 2613 1527 1969 1071 3017 272 1642 577 1055 3663 2377 4960 4647 2699 4825 4467 3323 4410 4802 1595 4650 135 2763 2693 3736 1606 4010 627 4470 3857 4411 3152 2914 3458 429 4771 3694 4563 460 3488 4974 2798 469 3901 2520 1488 3426 769 4011 891 786 133 2488 4792 3320 3523 2224 3778 852 3556 504 2784 701 495 4410 2514 4491 793 4383 4743 3480 1772 511 508 4649 2790 2333 2541 4999 1950 4027 369 592 3613 2031 1340 442 413 1369 3179
662 1937 908 625 4213 1689 542 3812 2570 865 2709 357 2425 3438 659 4280 1802 2097 2410 3685 1995 2269 3648 2535 2880 2369 3476 38 2072 727 3325 942 2861 2512 305 851 4938 1530 4632 1262 1025 4229 718 1386 3414 4152 1799 3229 2249 2409 4123 1814 416 568 4355 136 4912 3616 4088 343 2958 325 2734 406 2700 1929 434 2244 2004 4358 3825 4323 4433 1836 193 3386 4811 4603 2945 2117 4253 563 2662 3619 3746 3130 3977 2497 4925 2887 2117 688 4473 1137 4402 1822 2207 4775 1020 4292 175 2105 4869 1270 1891 4580 3237 3316 26 257 2879 3314 238 497 3220 2393 407 2028 809 3349 2102 2425 2573 1219 2232 1980 3685 79 2605 3893 2455 2028 2394 3908 1420 1553 844 2555 3107 3664
2096 2785 3616 4796 4371 380 3891 3669 3644 2618 4811 1848 215 431 3875 3273 4742 1463 513 1434 938 891 1702 2453 2912 574 4032 929 1029 120 618 315 2236 2286 852 1695 2144 3527 3899 1279 4022 718 1539 4980 4257 1641 3062 284 1536 411 3445 1191 974 1365 2144 4828 2192 3684 2492 2618 2574 4097 4135 3427 141 175 995 200 4729 4158 4282 4262 3321 4607 4825 3734 1985 972 572 2954 3779 1407 4288 452 1651 4820 1688 2696 2011 1476 1844 640 1428 2529 3488 1855 819 3394 2300 4300 1187 561 3965 2899 4149 40 2934 4711 2607 4555 4805 2101 3921 3262 467 3199 146 38 1657 4322 3300 3462 3129 474 3004 1818 3375 2128 850 3847 1294 4571 4930 1536 2599 2136 3144 1969 1051 828
3249 3268 513 1485 1265 3235 3501 2837 2688 564 1050 3529 37 1169 472 3817 3235 4764 2831 1734 2613 4300 4115 1696 2250 1759 4046 4316 4753 3044 1127 953 2801 4982 4207 121 325 1631 3082 2024 2120 1386 4980 4579 2353 1367 1156 2070 1489 1125 3710 4170 2123 1053 230 3925 2587 1374 230 3253 2800 2165 1413 4241 1045 2053 4166 3663 1063 1475 4559 3203 4823 1835 4298 4271 2678 1190 4171 3802 3922 4578 4257 4533 4579 4730 3634 3714 3973 1021 3207 356 4897 3792 1748 2805 207 4816 1080 2004 2980 3290 4760 647 1935 4992 311 2139 4937 2643 886 2250 4258 3168 797 3154 800 643 251 818 1330 1302 1272 473 1018 3695 2408 554 1836 1808 2059 1907 763 3328 1207 1155 893 2859 4892 724
3731 3392 4409 3568 2212 1209 1504 1317 4447 1004 127 1817 4411 342 1656 2870 1191 4461 343 1305 1192 2585 4056 1505 4855 4182 2647 1625 1192 1734 4494 3504 1673 252 312 1034 1440 323 1464 1248 2030 3414 4257 2353 70 49 1175 3694 374 321 1440 4038 1952 2741 1494 2313 564 4430 2360 4770 657 1192 2485 1368 640 1927 2863 2952 2016 4436 4884 897 4115 817 1288 1868 4860 2875 3540 2798 2938 2027 489 872 1119 1031 2217 1781 4433 204 1878 2738 1952 2331 2269 2408 4767 4987 2618 2687 1430 812 2309 1177 2270 2634 2963 4170 4213 991 520 1581 989 2507 3438 1989 3792 384 3233 318 601 571 720 2356 765 3586 1304 2174 900 4589 763 1956 1776 1649 3889 2055 521 605 702 4236
4040 4536 2571 1146 4827 1096 668 4873 2096 536 722 2572 4950 333 1619 4163 1592 2290 2408 1587 1327 1134 2281 1155 4624 1029 1561 3147 4260 3580 444 3277 1794 3869 4843 1946 75 4366 4596 4332 2290 4152 1641 1367 49 2198 3856 760 4449 1555 2614 1021 4236 100 4201 2208 596 4504 2562 2830 2162 3135 389 495 479 119 4703 2745 3479 2520 448 4773 219 1262 1957 516 3502 3603 2662 1105 4575 299 630 451 1441 4729 3979 3108 3911 123 4909 119 1052 614 3645 3705 380 4345 1050 82 4934 3673 3212 2250 2816 724 3208 2776 3473 204 3344 1362 4960 3769 401 2405 2202 4193 3384 379 1078 3622 1970 3218 1004 1554 891 888 2302 109 1757 4869 4985 4639 1961 656 2473 857 2665 2590
3447 749 2053 3890 1298 1108 2396 341 1093 3862 3874 4074 2651 832 4760 2020 2271 440 398 2918 255 3379 189 3513 4527 4493 3412 2053 442 1216 4245 2956 2082 2811 4897 891 1216 4510 3305 1187 2101 1799 3062 1156 1175 3856 4163 583 1811 1697 1953 1774 3936 114 2123 1744 3021 352 274 2805 1626 124 2448 3319 2159 1420 80 454 2815 2351 616 4890 4926 1898 164 4906 3144 1966 4548 3272 606 245 1931 1741 1555 2460 3734 4075 1442 3433 2757 3211 951 1862 486 2457 4811 480 431 2769 1017 4409 3421 3039 1857 4517 2641 4591 17 1433 4875 3473 3676 3546 2000 2259 2761 2547 2261 3508 3100 331 3209 1714 3621 682 4647 669 1210 3642 3619 402 4432 530 716 2336 1178 1164 827 1113
268 709 3696 1287 1017 4107 4303 4378 1211 4147 1416 117 4768 4100 1889 727 4917 847 4303 3382 1361 478 3761 2813 1065 275 3761 3870 1430 1666 800 2439 4336 3181 3295 4318 827 1420 2194 1817 4156 3229 284 2070 3694 760 583 2447 3415 3552 3849 977 3987 890 3829 2222 157 1192 1790 2001 3627 829 3206 4923 4066 3543 1837 489 1186 3352 2453 4253 3375 2041 846 713 4442 4420 2594 2303 4075 1851 328 3629 4919 1443 2628 2018 4856 1741 3213 4307 2925 1635 1481 3538 1760 3137 4779 3826 4890 621 571 2596 4299 4858 987 1621 453 4788 1972 4494 3209 4144 2009 1059 253 1965 3387 454 45 3449 1841 2961 3575 1491 4621 3887 3990 1919 2230 2255 2498 776 3839 2984 3459 4703 4045 3152
557 4288 2527 235 138 1287 842 4805 549 1927 1772 4198 3589 2438 1647 2359 2254 4289 455 3638 4896 2276 3363 4374 656 4312 4310 3350 4067 3749 2928 1294 3122 4701 1115 4856 4074 4977 3315 1895 3864 2249 1536 1489 374 4449 1811 3415 4182 3631 3415 3013 199 3436 3669 1595 2894 3708 2985 1076 2130 1672 3319 2331 1412 4758 4499 2561 3876 1326 1222 3736 3939 927 1880 381 3366 4027 1149 4578 4005 2455 3257 3672 1347 3713 3172 1236 2627 2907 2958 2444 3549 195 2456 645 4305 2971 2421 4353 3138 2704 2005 3041 118 2288 4180 2192 2315 4359 2974 4262 2662 126 3315 3156 3539 4431 3285 1704 1294 885 1363 3471 2027 3774 443 19 3122 4202 461 334 1952 198 1178 2889 4926 2089 800 1193
4961 402 1108 1148 1652 3966 3163 2054 1416 1371 1256 2972 1913 1879 3648 2448 4047 3690 3615 4146 2446 3428 785 1758 1783 103 3134 4973 1781 4735 2082 1188 895 79 2786 3927 1646 2291 3238 1664 528 2409 411 1125 321 1555 1697 3552 3631 4260 2785 1538 1447 4903 1297 4456 1713 3034 1512 1424 1364 3195 2078 902 436 921 3730 3446 3226 797 288 1338 1076 2809 621 2649 4999 3750 2727 514 506 3661 1456 2861 4119 3257 2220 4852 1683 3238 2846 742 3266 3733 2803 4219 4717 721 131 3004 2422 1401 4947 2070 2425 2649 2267 4548 2128 3703 1517 4998 3170 2760 1043 1992 1874 3372 1851 3422 4557 3232 4874 1527 2711 3450 4411 3280 333 843 3392 3648 2415 4684 4186 4468 1568 3000 2512 4249
2407 2805 2196 3983 1227 1468 3690 3409 152 3708 4067 1463 4952 2926 3541 4880 4308 2513 3789 2372 2129 962 791 356 2659 2540 4298 1113 4623 2203 2664 4856 938 953 3589 3347 1723 4309 2338 2057 2613 4123 3445 3710 1440 2614 1953 3849 3415 2785 387 50 4150 1980 2976 2800 136 32 1079 3380 3338 4676 2318 2469 3387 4690 1840 652 2200 463 3864 4727 990 478 2386 861 4212 4264 1839 2652 2172 1864 4436 1192 3482 2740 1130 4223 1955 721 1493 2148 153 2496 3187 4675 3739 4655 730 2061 441 2924 1919 716 2513 3315 3818 3523 2920 4940 3919 4410 807 310 1773 3204 528 3142 3428 1117 3391 166 4939 4212 4126 452 4045 866 4986 2200 3231 4670 380 2071 2294 812 3290 4484 2559 2776
3985 235 2275 2736 3207 3021 2600 1498 474 3606 3547 736 250 1072 1567 819 1716 2573 2072 53 1317 3413 2301 3157 2777 2976 783 2986 372 2184 2251 2049 4016 2670 981 4762 1665 755 553 4804 1527 1814 1191 4170 4038 1021 1774 977 3013 1538 50 2790 4887 3249 3513 4917 2102 451 4655 4026 2009 1995 703 1901 4697 278 3804 1467 4989 90 2665 4164 3773 37 381 2536 3238 2958 3494 1120 306 3807 2927 2923 3822 814 2919 3232 4542 3304 2904 4557 1633 638 2222 3599 2402 4051 1865 89 2943 2381 1190 4511 157 743 3267 2339 3415 2083 3252 2073 4859 2617 3842 2400 4265 4010 907 4707 3676 1501 4371 1613 4349 4358 4488 3647 3513 4067 103 4140 1175 2523 38 4691 2870 1591 4707 951
857 4081 1966 992 2324 336 2698 735 4278 1474 836 2996 3595 598 1407 1826 4215 2776 2587 982 4947 1725 4952 1751 696 1516 2643 4173 2734 3418 1333 2417 2465 2659 330 1961 1301 549 2226 3693 1969 416 974 2123 1952 4236 3936 3987 199 1447 4150 4887 1424 2138 3759 2016 1671 1322 4934 2154 4718 3818 3231 4783 662 93 1904 1443 865 1808 125 331 1554 722 1892 4084 4302 4635 4716 2733 4967 3684 1270 1835 2824 4874 3038 118 896 3544 3661 4564 827 195 3778 2974 271 3617 4078 2221 2814 4992 1146 555 2011 783 1727 2110 4674 1082 3517 864 1417 4258 2281 2333 3522 650 1929 4882 1350 4744 2387 4229 3656 508 419 1627 416 4127 1837 1111 3828 1547 3796 4903 3475 1089 1097 2168
2685 3483 1571 2394 34 4607 1954 109 4109 2682 4919 4200 1704 3751 1690 4544 819 4574 3016 1977 2724 145 3330 2428 2887 4739 1924 3203 4473 1473 3623 1501 806 4811 2221 3746 2501 3119 3307 1762 1071 568 1365 1053 2741 100 114 890 3436 4903 1980 3249 2138 1861 4666 401 773 4052 857 750 1088 2260 199 167 1701 2706 3320 4396 4938 828 1375 3162 1196 4116 3046 3584 1792 706 3111 1007 4838 4551 3387 3564 1114 1249 1022 4800 1622 1861 1945 4703 1492 2986 1537 1950 503 419 1597 246 1022 4437 1075 2451 599 4342 2539 3683 1902 1887 3022 1945 4315 4900 917 586 2345 1087 2634 2383 134 51 679 1390 4203 704 478 1191 46 2591 3807 2258 3681 2466 2026 1979 1559 4264 4117 4384
3709 2049 1206 1827 1082 2514 1662 1720 3680 2525 3642 3194 4911 3462 2640 2396 756 2898 493 1827 2698 520 886 3866 843 4765 3690 332 3418 3810 985 2715 4497 1209 1972 2851 2913 193 1631 1485 3017 4355 2144 230 1494 4201 2123 3829 3669 1297 2976 3513 3759 4666 4956 2162 4100 3694 3205 2979 1353 1706 1748 3009 4503 3769 2940 674 3605 1365 650 1413 3089 2638 3188 128 3626 1980 2338 1821 2035 2556 2005 4349 3365 470 70 2909 3920 308 4455 887 726 4728 1227 1418 4887 3888 4763 3333 638 3239 185 3629 3459 795 3178 2240 1096 3209 1292 4067 823 4925 291 94 3211 3584 2624 3457 794 4291 2697 1372 4816 859 224 4791 2175 3973 1463 2365 4681 3236 1340 1004 3194 1542 320 480
1064 1742 1172 1591 3800 963 4265 2466 2023 4378 3683 2088 3877 4885 2179 2025 4055 4503 2583 2832 2440 1149 1031 3053 1375 660 1767 2594 2252 1431 428 760 978 635 1791 2368 1604 300 868 4326 272 136 4828 3925 2313 2208 1744 2222 1595 4456 2800 4917 2016 401 2162 2010 181 3566 661 193 4454 2006 1227 358 1017 3008 748 3877 4929 3979 733 1314 1874 228 3697 3204 3336 2953 2525 1769 1849 4553 2682 1135 2352 4943 23 4725 1820 4860 978 49 2632 236 438 2350 1049 3593 796 4239 2013 3239 1870 735 933 1481 4664 1067 2810 1867 2439 271 4682 3352 3393 4501 871 649 1918 3294 2911 459 1735 4881 3475 3592 1186 4987 649 4444 2331 3280 3014 85 4300 276 2653 1753 3306 3255
4624 3892 726 3087 3579 2060 3461 4142 2607 653 173 4488 4507 4125 1849 89 698 3076 3280 4458 1853 3242 3479 1895 314 4733 4320 1070 1525 1764 2326 3454 1937 4922 1331 4950 3694 1811 3083 574 1642 4912 2192 2587 564 596 3021 157 2894 1713 136 2102 1671 773 4100 181 2150 3724 445 1176 1937 361 2092 3549 4081 1335 2339 2052 989 3004 1612 613 2460 4725 3068 290 4936 4265 4059 2851 3502 3506 2265 869 719 4015 4949 2374 4763 3178 3689 4065 3779 2065 1399 2462 3024 1390 2225 3028 4731 2283 3928 4878 2684 606 4546 1660 2963 364 2695 1338 1149 3562 3665 4667 2999 3556 1924 2920 1168 2371 1867 3882 3199 4903 3271 3876 4299 3924 4632 3106 4537 4726 2302 94 3037 4768 1478 2399
1324 3148 3561 4282 4871 4141 3512 3021 1316 3431 2438 3619 2873 4885 1321 2855 283 551 1581 2973 2176 1123 4041 3819 1096 3124 17 2802 353 1281 3102 2737 2323 3476 1696 1257 186 4255 1142 3297 577 3616 3684 1374 4430 4504 352 1192 3708 3034 32 451 1322 4052 3694 3566 3724 498 4124 1054 2208 3165 4848 2594 1688 3487 3171 3850 4404 143 111 1469 2325 4000 826 3621 3654 1535 3385 3329 1453 4925 3394 1619 3510 1257 3462 3164 3387 1232 162 2695 824 514 3251 3271 4977 3661 889 1827 1449 170 982 3191 3381 1511 2777 908 36 3371 312 1212 2492 3699 1469 37 3907 964 3514 1803 3013 3635 2078 2790 642 4019 2094 4615 3089 2058 358 2674 3859 2722 843 3292 3846 3275 2621 2020
3986 317 1873 4658 786 1634 1060 2230 4223 773 3737 4224 2400 1707 729 4798 4694 564 3354 2441 1110 4426 4241 3511 1193 1997 4211 4345 2271 3998 3619 3661 4854 2983 446 866 3843 3478 1982 1626 1055 4088 2492 230 2360 2562 274 1790 2985 1512 1079 4655 4934 857 3205 661 445 4124 2305 1058 1011 2995 287 2148 2254 2879 2186 4069 4796 3391 2441 4548 4690 1100 3697 958 405 239 530 1449 2662 2205 4792 1654 889 109 39 2134 4958 3959 191 3333 4506 1322 4333 3305 734 1173 1813 4977 1967 4982 83 3162 179 568 3813 2748 3892 3702 2620 1207 1104 2786 3419 3542 1896 4873 3451 1726 4663 4078 937 4535 512 1096 1352 3776 4952 3510 80 204 2255 4148 3545 2416 4219 1649 3391 1089
3748 537 1137 574 980 135 536 992 2122 4474 2897 3193 3388 1392 1741 4694 3131 4872 613 2362 961 375 2577 2932 2891 4163 1161 3341 2137 4500 4909 3141 2086 3814 4757 4745 3996 4709 3624 1852 3663 343 2618 3253 4770 2830 2805 2001 1076 1424 3380 4026 2154 750 2979 193 1176 1054 1058 874 1096 4225 1872 3140 4948 917 1360 1045 4990 4069 3277 3487 376 326 4102 4293 4415 1637 2702 4421 2782 4994 4806 1007 2264 3460 4079 4334 3191 4240 630 4209 981 4039 4438 3999 1886 1027 3488 4818 2364 2718 4018 1784 4302 4752 844 1786 1730 353 4957 2342 3545 3979 200 338 2369 1485 4520 2419 715 2657 2755 1375 3352 52 1499 1800 4215 4033 3678 1927 3472 4351 4008 2400 320 2960 2512 588
4599 3733 3595 4506 4815 4694 1528 2082 2699 3496 1312 4304 2239 4687 4866 2418 3994 536 4782 3091 2036 3438 4518 2633 657 3503 753 3523 2020 280 2092 2491 3402 1966 4834 2067 1625 3655 1640 527 2377 2958 2574 2800 657 2162 1626 3627 2130 1364 3338 2009 4718 1088 1353 4454 1937 2208 1011 1096 846 123 2425 3744 3478 1902 4303 3657 3558 196 3889 1872 4089 3290 3478 903 35 1952 4593 4598 1072 1882 4133 1171 2541 1383 4051 1658 2492 1679 4340 4180 2563 20 2889 2290 1301 114 1024 517 168 4774 1533 4261 3893 2474 873 540 3651 1992 671 2850 1921 1690 3078 2488 587 4205 1438 3409 1933 4409 1181 3336 1262 1482 3846 1856 4490 601 1926 2271 254 4640 3626 4873 147 3115 1292 3140
3581 213 207 1560 1641 3461 3754 2932 4238 4792 1896 1148 821 2714 2258 2907 2655 3912 3194 217 3855 4432 2797 1423 504 3065 3066 2195 4073 607 2296 2724 3574 77 2109 3734 4535 1734 2395 4638 4960 325 4097 2165 1192 3135 124 829 1672 3195 4676 1995 3818 2260 1706 2006 361 3165 2995 4225 123 3993 4738 2973 331 205 3831 4935 4397 1539 4100 4381 3997 3620 1490 3396 3334 332 2754 1504 3415 957 2603 4481 169 4307 1669 3978 2255 4074 2138 3135 3096 3436 111 3618 1539 2423 395 207 2985 2332 4103 4120 4210 2670 1009 450 3887 582 2854 1393 4417 4047 410 1676 660 3025 1551 4089 2930 197 974 1141 1860 297 2908 3618 3444 1590 879 1819 3961 712 3927 3727 3283 2857 2408 4963
1030 289 835 4495 1104 1577 1471 2972 1552 3592 3950 3277 762 3794 490 2276 2910 4368 2317 1510 1560 4146 2709 3398 3162 1827 3453 941 4901 874 436 1516 1897 2304 4453 4616 2271 4580 1314 4921 4647 2734 4135 1413 2485 389 2448 3206 3319 2078 2318 703 3231 199 1748 1227 2092 4848 287 1872 2425 4738 3493 1218 1884 4910 1147 27 4815 621 987 4958 355 3176 2823 4599 2208 4028 3598 2292 1183 690 4375 629 4311 3737 1769 2526 109 1004 3925 1915 4712 1153 3906 1387 1744 2885 757 3767 728 4157 3968 724 3742 512 2768 2042 4795 1368 4200 2322 372 381 3111 1868 4876 1287 4311 3432 737 523 4399 757 889 4216 2193 2027 3544 4179 3639 3563 1918 2247 1077 4821 1021 4287 4655 2026
3043 2326 2342 3741 3790 596 2536 847 2927 530 2219 1526 3818 3275 1180 2406 4811 273 2896 798 3131 3227 42 4736 387 4410 1298 3650 3513 753 3302 3690 2152 978 471 3017 2244 4952 2579 370 2699 406 3427 4241 1368 495 3319 4923 2331 902 2469 1901 4783 167 3009 358 3549 2594 2148 3140 3744 2973 1218 429 4423 384 3858 2485 3262 2675 1897 1337 2310 1592 64 4112 924 4024 677 4253 4039 1303 3657 2807 157 483 2046 672 4441 4551 4607 962 279 4050 512 4450 3384 4264 2236 1001 321 1903 1343 3507 2202 870 2208 363 2262 1854 1012 3159 4550 3279 1823 2520 4472 4295 2679 2895 2087 3391 4708 4613 4389 2269 4882 4654 682 3271 3564 3492 2597 1717 84 3380 3184 2896 3179 2860
3833 359 4765 1646 3502 720 3662 365 2913 1346 4040 3145 1962 2177 3422 166 4224 3046 2230 3751 2600 4642 2063 1268 4475 2946 3181 4712 4413 2270 4425 3396 3115 2697 188 4195 3580 1393 2175 1483 4825 2700 141 1045 640 479 2159 4066 1412 436 3387 4697 662 1701 4503 1017 4081 1688 2254 4948 3478 331 1884 4423 2878 3562 2961 2427 3689 179 289 4565 4224 3750 3410 2841 4994 2282 2482 25 1502 1144 703 2251 2296 4899 1176 3585 1887 4653 2713 1961 2653 1647 977 4020 3741 1133 1921 1624 4423 2735 1881 3749 508 794 1332 1442 4266 2964 2654 695 2462 724 1714 2141 3917 3005 573 2542 66 2999 4140 1671 888 957 3410 4047 2586 4914 4765 1575 250 2390 2259 2192 1783 3993 2687 3718
3137 349 510 2884 4693 943 2305 2984 4126 1142 2982 2378 3594 1688 3958 206 4312 4420 4549 2961 4338 63 2529 4070 1002 3050 4013 3945 2607 4625 4928 2412 4761 2886 4588 1470 3553 3062 2469 888 4467 1929 175 2053 1927 119 1420 3543 4758 921 4690 278 93 2706 3769 3008 1335 3487 2879 917 1902 205 4910 384 3562 3470 3533 2335 4342 1796 3964 1305 299 2508 2949 3891 3354 3999 4476 1369 3510 4696 3104 3436 2238 2281 4246 696 103 3717 4609 3523 198 662 3172 3865 3091 513 4757 1551 848 542 378 4647 4438 3163 2393 4390 3739 2504 4722 641 4373 4131 477 4095 4682 2528 1295 2107 616 1577 109 551 230 209 1136 4655 1040 3595 780 2451 1086 208 74 4465 3881 4883 832 240
3321 433 4977 2020 779 873 3412 2286 554 3596 1471 2243 2028 1101 2876 1406 2134 249 887 3181 1967 1764 412 4804 3869 2801 4057 2648 636 1790 3082 3534 2269 81 2860 3483 2729 4987 4858 4745 3323 434 995 4166 2863 4703 80 1837 4499 3730 1840 3804 1904 3320 2940 748 2339 3171 2186 1360 4303 3831 1147 3858 2961 3533 4650 3617 42 3730 2463 4832 3402 4978 4011 4094 1536 1236 3792 2131 1248 1613 2964 4467 1396 3339 4337 1941 2180 1526 4024 4572 620 191 2840 4176 4663 2408 3281 2832 1649 4061 1716 2414 900 685 4233 707 3885 4784 1784 4287 2303 3845 206 2297 1569 4355 124 1326 1683 4170 4349 2521 4195 4836 628 2511 1034 1547 25 1201 531 4496 3600 824 4690 1423 4597 2590
4679 4187 813 1476 1087 2985 3949 4721 2151 1323 966 4706 2080 486 3823 4628 1809 4031 1456 3481 4880 458 1910 3969 377 2054 358 3460 4863 2897 4207 2920 3494 2290 4016 121 4211 3459 3239 1944 4410 2244 200 3663 2952 2745 454 489 2561 3446 652 1467 1443 4396 674 3877 2052 3850 4069 1045 3657 4935 27 2485 2427 2335 3617 1649 4667 1071 1207 140 1625 4792 2773 2965 2378 2138 1046 1193 3003 2806 3369 2230 3322 4102 1982 3705 135 1798 1014 4511 482 597 1846 1499 1071 135 4165 3355 3629 430 4169 3927 4505 3246 3566 3187 2079 3321 1861 2582 2242 2396 3271 2394 4021 2108 3286 2469 366 2304 1579 3212 2569 2687 864 2172 2471 2032 1174 1532 2407 2128 3569 2709 156 1674 173 1630
986 2427 2333 3360 2699 3129 1052 969 1750 2539 3773 3223 945 442 1978 2791 2531 3267 631 1570 4837 2194 3365 733 2283 1148 1264 1633 3057 2035 411 1037 607 1495 1277 4460 172 596 132 2986 4802 2004 4729 1063 2016 3479 2815 1186 3876 3226 2200 4989 865 4938 3605 4929 989 4404 4796 4990 3558 4397 4815 3262 3689 4342 42 4667 189 257 134 1805 3533 2891 1953 4339 1055 1580 4349 4852 2524 4547 1338 1133 1374 219 3582 3785 666 3262 1161 1501 680 3610 482 3435 777 1364 459 418 1097 4462 1318 4599 1027 3939 1279 3273 394 4446 3302 2189 2698 1327 2233 3927 2626 4703 2845 4662 1012 573 2765 900 3860 530 252 971 555 4573 94 2839 2563 3475 458 2126 2092 149 3399 4507
232 4087 2202 3702 3616 3979 1327 3680 1695 2705 4824 3445 2402 3322 4103 4981 2477 4380 1433 4604 3455 609 2778 3569 1183 1200 2534 3243 4589 3868 4958 1631 4086 3276 1553 4722 893 1892 1138 620 1595 4358 4158 1475 4436 2520 2351 3352 1326 797 463 90 1808 828 1365 3979 3004 143 3391 4069 196 1539 621 2675 179 1796 3730 1071 257 3239 1904 2020 1314 2475 1729 2456 4425 1706 1379 1177 2982 197 3854 4368 1597 30 353 3352 2504 2641 181 350 707 486 365 947 4911 4509 3071 127 2494 247 483 33 221 4145 960 4815 449 3497 2138 472 850 1395 1638 816 3463 3125 3638 3451 4151 2356 4610 4604 4121 3072 534 805 3912 4070 107 1330 460 363 3313 3966 916 4132 4836 510
1109 3372 238 78 1263 1945 870 1339 2257 1546 3127 3266 2770 4583 4064 261 1387 3179 3666 2400 3005 4136 482 874 230 3224 739 4932 2585 3579 4672 4452 821 2923 4410 1284 4797 603 4761 3413 4650 3825 4282 4559 4884 448 616 2453 1222 288 3864 2665 125 1375 650 733 1612 111 2441 3277 3889 4100 987 1897 289 3964 2463 1207 134 1904 1250 3820 4060 1157 2647 769 4827 692 1321 169 1332 1288 3820 2340 3702 3617 339 1062 3543 2882 2837 4133 2868 1644 3567 2484 646 2931 1336 2744 880 4159 882 3394 3484 2537 1232 139 2567 3574 3663 4780 263 4913 311 2284 299 659 2363 2115 3346 724 2003 354 2639 1262 2259 2653 2343 1534 1022 2875 2009 4746 1040 3750 1745 3086 586 4322
389 2616 4640 2496 1608 4461 663 1760 4761 3268 4769 4048 1239 1530 2588 1203 4431 3909 39 3946 1228 597 4086 4922 4449 715 2559 3895 1066 493 104 897 2258 3474 3179 4875 4506 172 1932 1515 135 4323 4262 3203 897 4773 4890 4253 3736 1338 4727 4164 331 3162 1413 1314 613 1469 4548 3487 1872 4381 4958 1337 4565 1305 4832 140 1805 2020 3820 757 1148 1111 4788 2656 1377 2366 3722 4361 2130 2898 3591 159 4648 2732 4319 4650 4974 303 1341 3051 3391 4268 2290 3294 1114 3734 196 2908 1790 3174 1459 1815 1464 4614 90 1273 766 1775 1678 3045 660 4719 399 2656 3170 2176 450 2308 3781 1024 4461 2672 4612 985 2824 2469 746 1970 1017 2025 4331 3874 3161 1330 3886 4640 650 3900
2840 4388 4319 3504 2933 2818 1493 4512 4570 2561 3483 4004 3163 1974 1848 781 2503 4600 510 1481 1391 2682 2251 3775 3611 1684 2200 243 3763 3085 4557 4874 98 2201 144 4608 2221 2008 2289 1307 2763 4433 3321 4823 4115 219 4926 3375 3939 1076 990 3773 1554 1196 3089 1874 2460 2325 4690 376 4089 3997 355 2310 4224 299 3402 1625 3533 1314 4060 1148 604 835 2634 3989 1016 2150 2155 2114 2873 1840 3546 175 1920 3803 2008 4099 77 3819 4963 630 3910 484 2900 2369 1065 1900 1547 3544 635 4066 2992 4413 3266 4092 1330 1367 3139 2775 3773 3335 1259 657 3279 69 1380 2132 608 2454 850 3952 1002 3174 4744 1596 4384 2492 1475 242 3091 2648 959 242 301 4769 4198 896 101 382
2434 667 980 4608 1585 3153 2280 201 1238 3213 3322 1348 4302 263 2876 3638 4473 3227 1534 3642 920 2912 2176 4949 1275 1639 2117 4246 2939 372 2296 204 1346 1052 1313 3458 1465 3149 179 4386 2693 1836 4607 1835 817 1262 1898 2041 927 2809 478 37 722 4116 2638 228 4725 4000 1100 326 3290 3620 3176 1592 3750 2508 4978 4792 2891 2475 1157 1111 835 3224 2093 1941 3563 3539 4342 4075 2263 1483 2447 3552 4607 3526 1859 4331 785 1852 4721 1242 2054 1266 1872 2816 1373 1389 3583 2873 2425 2988 3961 4012 2636 4936 842 3575 3021 4086 820 2256 2803 4316 3006 3935 261 3368 574 4058 2407 1218 2959 4839 4067 119 2019 746 1047 3901 4605 1161 1278 1232 3030 3156 4649 1838 4120 2782
133 3137 1239 3033 2487 2650 3139 954 4192 2242 1452 1351 1641 2503 4375 580 1236 166 571 3321 519 750 4050 3178 4866 4766 552 3998 3088 4412 4294 935 1277 3135 3366 1347 4462 1694 1836 4649 3736 193 4825 4298 1288 1957 164 846 1880 621 2386 381 1892 3046 3188 3697 3068 826 3697 4102 3478 1490 2823 64 3410 2949 4011 2773 1953 1729 2647 4788 2634 2093 1240 1379 3039 1915 600 2969 4478 1786 2359 1521 2853 2644 4996 943 1590 4390 2655 1748 3830 2909 3755 3226 144 2839 4870 667 4105 4229 310 179 3276 377 3384 4723 3493 135 1106 4368 1351 3755 3903 1162 184 84 1538 3415 296 3261 2887 4120 3593 2741 3179 1942 4025 1217 4480 3238 2824 4522 524 4700 647 1341 1380 2104
4295 348 1765 4792 2230 2994 4709 518 1325 1959 3705 2993 2281 1116 3441 3766 3112 1137 2566 4439 1759 2179 3047 27 4494 219 1447 2170 2014 3516 593 2418 4581 2779 2994 313 3483 216 1854 3433 1606 3386 3734 4271 1868 516 4906 713 381 2649 861 2536 4084 3584 128 3204 290 3621 958 4293 903 3396 4599 4112 2841 3891 4094 2965 4339 2456 769 2656 3989 1941 1379 4592 2270 90 4890 2180 1342 3076 4887 2698 896 1561 3862 4687 3477 4854 1999 1613 4267 2039 1555 2155 1231 879 209 2416 1164 3404 4239 2008 2703 3916 700 1925 123 4275 2764 4132 4930 4046 986 1390 675 332 1904 3111 3109 322 1895 259 137 1115 2069 1885 506 1131 3523 2331 3914 3792 3739 2271 3297 2774 956 1506
3686 3702 4690 3151 4035 3215 1170 981 1475 1118 4673 4662 2825 3874 1300 4114 1035 4709 2790 2109 3853 1300 229 3551 2527 3141 4411 1154 578 2132 4868 850 1090 4380 4626 4995 902 3762 1388 4847 4010 4811 1985 2678 4860 3502 3144 4442 3366 4999 4212 3238 4302 1792 3626 3336 4936 3654 405 4415 35 3334 2208 924 4994 3354 1536 2378 1055 4425 4827 1377 1016 3563 3039 2270 3730 2667 3631 388 3442 525 2082 3964 4027 2674 1930 2906 2408 3240 2536 2040 1253 1727 171 2694 1333 632 2551 3585 883 3691 86 4977 842 2349 3734 4438 2271 3044 477 880 413 4783 3314 4475 356 2417 2908 4884 1236 1797 4197 4669 4008 3294 3960 734 2892 3124 1078 1936 4208 4204 769 2237 2951 3868 4879 51
3319 1602 2094 2161 4364 162 4671 2207 3291 2947 1915 2762 3616 305 1515 4219 4443 2703 3258 1489 2251 3947 4479 1616 1736 3276 2631 455 4379 2190 949 4316 3993 919 3222 3638 4852 93 3377 1190 627 4603 972 1190 2875 3603 1966 4420 4027 3750 4264 2958 4635 706 1980 2953 4265 1535 239 1637 1952 332 4028 4024 2282 3999 1236 2138 1580 1706 692 2366 2150 3539 1915 90 2667 722 4941 3925 207 1557 3482 3205 3346 2007 2976 2215 100 50 1716 2877 1825 3707 1150 956 164 4943 51 2450 2282 2467 4570 2628 2104 2945 4209 3583 2438 2327 749 312 2763 582 1790 2873 1218 3649 3447 450 4633 2316 410 413 650 3975 1632 2170 4018 2723 1743 193 4577 1828 1080 1963 3067 4703 4767 265
444 1316 4068 3194 3051 833 279 117 4024 2776 4532 3325 4825 4976 1813 2853 1634 706 115 4652 661 725 430 3830 1982 635 2970 1668 3497 1089 1046 849 4953 3540 502 2487 4743 3419 185 450 4470 2945 572 4171 3540 2662 4548 2594 1149 2727 1839 3494 4716 3111 2338 2525 4059 3385 530 2702 4593 2754 3598 677 2482 4476 3792 1046 4349 1379 1321 3722 2155 4342 600 4890 3631 4941 336 3749 1050 2258 158 3747 4470 2762 2760 588 698 961 11 3224 4348 1093 1805 29 123 107 2524 2508 3926 3506 62 3312 914 1450 624 4693 3813 3296 3167 2803 3659 2819 2711 1241 785 1331 2989 4167 3405 1764 1181 740 733 3446 2556 405 3081 240 4700 2201 1854 4395 4632 414 177 1294 2089 4947
2641 189 3723 4498 1671 2869 3004 1514 2431 3056 1817 3822 4282 4876 174 935 4149 1763 2614 2388 3825 1799 2257 795 2298 2714 1643 1887 3467 3685 1067 3977 1029 2873 3025 1389 349 2351 519 2728 3857 2117 2954 3802 2798 1105 3272 2303 4578 514 2652 1120 2733 1007 1821 1769 2851 3329 1449 4421 4598 1504 2292 4253 25 1369 2131 1193 4852 1177 169 4361 2114 4075 2969 2180 388 3925 3749 4424 2809 1133 3714 746 2852 516 1166 814 1532 1914 1168 2608 1523 3951 3721 2413 4666 957 1706 2564 4513 559 863 3497 2511 4078 4558 1160 3405 3785 304 462 3290 2657 2630 4633 861 3298 4459 815 2697 1721 3323 3830 2707 3236 2286 3492 4038 724 4114 3175 2014 4803 2869 4217 3811 4613 3037 422
3686 332 4849 1380 271 1649 2036 14 2475 355 3925 4938 844 4675 976 2111 1314 2265 1936 869 1612 2097 2330 151 4566 3922 3552 2154 862 2069 3204 367 1428 4443 3401 1681 3169 3530 1117 3322 4411 4253 3779 3922 2938 4575 606 4075 4005 506 2172 306 4967 4838 2035 1849 3502 1453 2662 2782 1072 3415 1183 4039 1502 3510 1248 3003 2524 2982 1332 2130 2873 2263 4478 1342 3442 207 1050 2809 2123 1336 2850 4038 1929 1047 3510 1483 1731 1974 237 4258 605 488 46 2996 1138 1179 4569 2159 2643 811 1135 2153 1219 1700 1801 841 4965 3959 582 4082 2888 2209 3409 4158 2357 379 2749 1722 379 4454 1944 4123 2688 1085 339 3133 3400 1482 3828 2346 4393 594 295 4863 3453 1347 2301 224
2107 3448 2121 713 1214 107 4951 3262 3201 756 4957 3560 2059 3311 77 1447 4134 3577 1791 3057 3861 4349 2734 555 4738 2073 1822 959 4368 148 4948 911 3556 3339 2609 4426 4986 4726 1268 2898 3152 563 1407 4578 2027 299 245 1851 2455 3661 1864 3807 3684 4551 2556 4553 3506 4925 2205 4994 1882 957 690 1303 1144 4696 1613 2806 4547 197 1288 2898 1840 1483 1786 3076 525 1557 2258 1133 1336 466 372 2779 3758 4145 1421 4827 533 2148 1693 3639 4807 906 3819 3152 2827 3903 1363 1390 3345 2589 159 3257 2544 2112 1214 4265 3477 3403 2832 3559 3158 4324 3405 4986 1438 4883 434 1966 3101 3427 2652 2540 2039 1507 2808 2050 4358 3900 4457 1740 4942 3018 1108 2887 3915 3621 2517 2040
2982 3265 1802 1239 184 1840 1950 1585 605 469 3521 3828 3602 3525 1646 3561 1192 2717 2636 2499 2374 3321 2042 537 2885 2087 2527 2089 3303 1397 4564 2815 1167 843 2418 3831 577 2941 4104 905 2914 2662 4288 4257 489 630 1931 328 3257 1456 4436 2927 1270 3387 2005 2682 2265 3394 4792 4806 4133 2603 4375 3657 703 3104 2964 3369 1338 3854 3820 3591 3546 2447 2359 4887 2082 3482 158 3714 2850 372 2132 2269 2309 4657 331 834 434 2005 2049 884 2002 4244 4941 1882 981 2026 3603 3883 3500 363 3933 1603 1795 175 3688 999 3746 4324 2676 3978 4032 2747 4339 4787 124 2966 1929 1524 628 2049 1019 1998 4424 3837 2322 1372 10 4867 512 4574 2558 3780 320 4151 115 154 2129 932
1014 1469 3588 3623 4387 1090 2604 1610 4636 3560 1339 3010 4420 3955 2342 2844 1117 2785 4378 4770 4331 323 4694 2354 1648 1437 760 4659 2549 4478 4435 1228 4346 2955 280 2149 1611 4940 3966 4649 3458 3619 452 4533 872 451 1741 3629 3672 2861 1192 2923 1835 3564 4349 1135 869 1619 1654 1007 1171 4481 629 2807 2251 3436 4467 2230 1133 4368 2340 159 175 3552 1521 2698 3964 3205 3747 746 4038 2779 2269 982 135 2791 2354 1771 2367 1849 366 485 4440 417 1470 4871 98 966 2929 4807 2455 4016 342 266 1786 1550 4898 3125 836 4658 2887 3101 3763 4014 1702 1576 4162 796 88 1326 2220 4944 4143 623 452 1161 2899 453 2527 2781 2217 883 4001 1787 302 153 917 2179 4963 4489
1101 1780 3020 2363 2905 205 424 1540 4928 4249 2095 4363 261 2817 1776 2289 3219 299 2272 506 792 452 4014 3061 1103 3819 958 588 4168 737 2457 1707 4776 1234 4826 4525 2008 4123 2078 1737 429 3746 1651 4579 1119 1441 1555 4919 1347 4119 3482 3822 2824 1114 3365 2352 719 3510 889 2264 2541 169 4311 157 2296 2238 1396 3322 1374 1597 3702 4648 1920 4607 2853 896 4027 3346 4470 2852 1929 3758 2309 135 709 1824 4235 641 2831 1047 1336 1787 3189 3720 2836 4195 81 183 4850 4624 1309 496 1237 4089 380 2801 3397 3117 3358 4317 3786 4497 1668 2225 2756 2870 2264 4243 1720 2361 1126 1562 241 4061 4906 3982 635 816 788 2148 3991 1181 4502 2082 397 3583 3959 3316 4858 4999
120 4065 4077 826 4656 1012 265 1058 4136 3126 2774 4401 265 3691 915 3057 4942 4120 486 1926 4608 1384 2041 504 4316 1512 2893 588 4191 4402 4528 2698 3932 2239 3572 3308 3876 1563 47 3567 4771 3130 4820 4730 1031 4729 2460 1443 3713 3257 2740 814 4874 1249 470 4943 4015 1257 109 3460 1383 4307 3737 483 4899 2281 3339 4102 219 30 3617 2732 3803 3526 2644 1561 2674 2007 2762 516 1047 4145 4657 2791 1824 1206 260 910 678 2706 2549 3590 2711 4122 4664 34 3435 58 2060 735 2156 1847 2843 3852 1327 3550 3896 754 2646 1557 401 1979 178 3686 2774 1364 3678 2699 4256 3420 3449 2747 1501 525 3319 3854 3266 3580 2252 365 984 86 713 499 4824 4138 4080 2364 447 102
4654 2818 2118 3117 2768 63 1546 1213 2982 3939 302 1763 3294 1955 1682 4020 3820 532 4078 4705 401 1249 152 3853 2783 4444 3718 780 4262 2270 2002 3448 4929 3625 3481 1946 3243 1081 641 145 3694 3977 1688 3634 2217 3979 3734 2628 3172 2220 1130 2919 3038 1022 70 23 4949 3462 39 4079 4051 1669 1769 2046 1176 4246 4337 1982 3582 353 339 4319 2008 1859 4996 3862 1930 2976 2760 1166 3510 1421 331 2354 4235 260 3924 4896 3340 1718 2328 286 3433 1151 2713 1899 637 1094 453 2891 1705 1513 2012 356 3135 1152 93 2629 1814 240 3552 1850 2505 3245 4791 407 1982 3934 1763 467 3520 823 1335 1480 4827 2475 3042 3222 191 842 1330 1831 2799 486 1630 1581 3403 4806 1918 4498
3490 942 1691 2540 1902 2146 2668 2718 354 397 461 4820 3352 1563 1207 320 3624 4723 4795 4481 1471 2461 4577 1514 1874 4829 1304 1276 161 540 550 4133 4990 2848 1211 1567 3077 2837 3349 3085 4563 2497 2696 3714 1781 3108 4075 2018 1236 4852 4223 3232 118 4800 2909 4725 2374 3164 2134 4334 1658 3978 2526 672 3585 696 1941 3705 3785 3352 1062 4650 4099 4331 943 4687 2906 2215 588 814 1483 4827 834 1771 641 910 4896 1479 3952 3686 422 704 1592 4087 2770 1177 3804 3529 1069 3661 4734 1220 4000 680 2214 3657 379 3718 2677 4809 1797 3423 3374 299 803 739 2558 2176 3310 3020 1751 1375 1502 699 2686 1548 3987 2368 3131 3217 1361 964 1208 2165 3669 3070 774 1782 3193 1154
3275 488 1850 1066 3516 4050 933 2682 54 3671 1001 1183 1939 2515 4743 1101 2677 4863 1047 4518 4174 4356 1251 2799 3757 946 747 2430 1080 1297 4166 1572 3662 2261 3743 748 1706 2921 4338 296 460 4925 2011 3973 4433 3911 1442 4856 2627 1683 1955 4542 896 1622 3920 1820 4763 3387 4958 3191 2492 2255 109 4441 1887 103 2180 135 666 2504 3543 4974 77 785 1590 3477 2408 100 698 1532 1731 533 434 2367 2831 678 3340 3952 407 4528 2705 1612 966 4721 1132 140 552 4066 3571 3209 3461 4218 93 2485 2492 2774 2966 3889 2944 3514 2642 952 3133 365 1375 3338 530 3746 4423 1575 1570 1477 2948 4324 1193 2269 4146 3534 2970 3344 4695 1505 1042 224 2729 2734 2653 2227 3557 257
2989 1707 1091 3298 1816 4480 4015 2316 3070 4769 1948 1100 174 4294 1707 2167 4310 319 4314 651 2412 2714 1969 914 2431 1941 1024 4879 1464 867 3365 2202 747 4032 640 4938 3101 193 3224 2654 3488 2887 1476 1021 204 123 3433 1741 2907 3238 721 3304 3544 1861 308 4860 3178 1232 3959 4240 1679 4074 1004 4551 4653 3717 1526 1798 3262 2641 2882 303 3819 1852 4390 4854 3240 50 961 1914 1974 2148 2005 1849 1047 2706 1718 3686 4528 2335 3555 3456 2587 4147 591 463 840 1088 2394 3091 2118 3697 4646 4011 2324 2188 1734 2793 1987 1239 2030 4884 3602 4431 3026 692 1581 707 2081 2925 2306 4965 3611 1877 357 1692 924 1926 3215 1756 4541 3843 4100 2800 4452 3063 463 3335 2113 703
2490 1068 2882 137 4362 3002 2957 2412 413 4639 2568 79 2118 2336 3008 4543 3991 1036 2928 2808 3203 984 4190 3211 4120 2789 3136 2410 4070 4363 1767 1300 3070 2860 970 3127 4002 3909 61 1052 4974 2117 1844 3207 1878 4909 2757 3213 2958 2846 1493 2904 3661 1945 4455 978 3689 162 191 630 4340 2138 3925 4607 2713 4609 4024 1014 1161 181 2837 1341 4963 4721 2655 1999 2536 1716 11 1168 237 1693 2049 366 1336 2549 2328 422 2705 3555 3435 4395 3763 4807 2152 741 1835 4860 107 683 2375 2237 2640 42 4796 2260 1856 2356 3190 37 4938 3823 4551 4211 4341 384 1290 849 4464 379 31 2358 4055 2617 999 2137 3763 479 2892 4984 1205 3474 3338 747 124 3640 4293 3520 1343 515
1677 1122 4024 1115 622 1227 562 1150 1678 2261 4441 4240 4309 3988 2348 4428 2633 3298 74 2854 1222 4153 2324 3544 1423 4619 3470 4259 4407 3594 1983 721 3480 4850 3540 3281 1407 1774 2663 4416 2798 688 640 356 2738 119 3211 4307 2444 742 2148 4557 4564 4703 887 49 4065 2695 3333 4209 4180 3135 1915 962 1961 3523 4572 4511 1501 350 4133 3051 630 1242 1748 1613 2040 2877 3224 2608 4258 3639 884 485 1787 3590 286 704 1612 3456 4395 2990 58 968 4254 188 2650 1711 3300 4240 1652 3530 912 3696 3472 3876 4485 4918 1321 4248 1206 4572 2952 2904 2475 2479 3492 3058 3732 3994 1628 3138 2833 1279 4150 1139 1136 31 1114 897 2571 1537 3293 4466 304 2560 1696 3337 3931 3072
4894 309 4775 1481 3417 4345 3506 1150 1797 4292 3964 433 685 4156 4176 2573 4243 2216 4777 3500 764 3917 3497 3723 4097 4324 3839 4992 4639 1472 4385 2503 1594 2297 3557 1724 1775 4833 4086 3206 469 4473 1428 4897 1952 1052 951 2925 3549 3266 153 1633 827 1492 726 2632 3779 824 4506 981 2563 3096 4712 279 2653 198 620 482 680 707 2868 3391 3910 2054 3830 4267 1253 1825 4348 1523 605 4807 2002 4440 3189 2711 3433 1592 966 2587 3763 58 777 1549 3590 3137 1036 2115 2243 1022 691 1699 1932 976 3731 1057 3397 1290 4562 2667 897 2994 3177 4563 1981 3815 2680 897 588 2070 4273 51 4163 4081 4835 3078 958 4177 4041 2353 2759 1343 4555 1296 1195 1366 82 3458 2475 2711
2349 1127 304 1330 589 1876 4142 2805 1211 1290 4012 4496 893 4327 455 2608 1010 3490 2116 2591 3216 365 286 3421 3512 2659 4452 2422 4740 3670 3453 4395 2647 4896 1199 1644 184 2362 1258 3027 3901 1137 2529 3792 2331 614 1862 1635 195 3733 2496 638 195 2986 4728 236 2065 514 1322 4039 20 3436 1153 4050 1647 662 191 597 3610 486 1644 4268 484 1266 2909 2039 1727 3707 1093 3951 488 906 4244 417 3720 4122 1151 4087 4721 4147 4807 968 1549 4159 2933 4301 3540 577 1515 3869 4823 2908 4199 2409 3077 4018 3908 130 2215 2574 4874 1363 3410 728 2898 4614 1111 2623 2376 3004 1022 2510 3132 4106 935 828 88 3574 2775 1269 3584 2493 2339 4972 2575 4007 29 4336 4954 4545
2081 3870 2754 488 1402 4885 1635 1223 4828 177 2353 233 2861 4627 2226 1981 4551 1564 3066 4664 751 2955 1726 4628 4731 3942 2084 4278 4305 1892 769 3795 4520 986 1575 463 1291 3971 3557 3838 2520 4402 3488 1748 2269 3645 486 1481 2456 2803 3187 2222 3778 1537 1227 438 1399 3251 4333 4438 2889 111 3906 512 977 3172 2840 1846 482 365 3567 2290 2900 1872 3755 1555 171 1150 1805 3721 46 3819 4941 1470 2836 4664 2713 2770 1132 591 2152 4254 3590 2933 4917 3297 2267 676 2150 485 387 3533 1693 3717 4670 1689 1241 2770 1577 1994 75 1682 1704 4447 998 3630 1244 4124 3587 784 639 3229 877 1825 4271 3344 626 79 4905 4417 4109 4770 1794 1753 329 332 169 2749 4607 1957
2351 4543 1503 2550 1200 3051 3817 3501 4160 2957 4122 4794 2612 4436 1811 4923 4716 3574 3629 4374 4174 3583 4087 777 4084 4288 1124 3046 2691 4616 3202 3579 4463 2216 246 2218 4459 4668 4883 2074 1488 1822 1855 2805 2408 3705 2457 3538 645 4219 4675 3599 2974 1950 1418 2350 2462 3271 3305 3999 2290 3618 1387 4450 4020 3865 4176 1499 3435 947 2484 3294 2369 2816 3226 2155 2694 956 29 2413 2996 3152 1882 4871 4195 34 1899 1177 140 463 741 188 3137 4301 3297 184 1018 4492 1216 4044 1206 4241 4024 3156 2571 2511 3870 2593 250 569 3604 1362 3483 4105 4644 2183 1338 1214 3701 3864 4453 4975 1590 1114 1441 4181 279 2601 2857 3298 241 3600 4322 4615 4411 3991 788 3340 4724 2906
2513 1919 3044 97 4517 3017 4080 233 3252 3848 4698 505 4403 2540 3843 4331 681 3977 113 3231 594 23 1920 3718 3530 2342 3781 1459 4599 129 193 1686 1698 4310 1544 3349 1575 4201 4385 375 3426 2207 819 207 4767 380 4811 1760 4305 4717 3739 2402 271 503 4887 1049 3024 4977 734 1886 1301 1539 1744 3384 3741 3091 4663 1071 777 4911 646 1114 1065 1373 144 1231 1333 164 123 4666 1138 2827 981 98 81 3435 637 3804 552 840 1835 2650 1036 3540 2267 1018 3732 4047 3290 4112 402 3029 3159 607 2584 436 2162 3313 4530 3777 2513 3923 1770 3568 2194 4947 4473 4961 2508 4334 1733 2080 3220 3123 3163 1977 4116 4260 4975 3538 610 4920 3046 3823 3776 1004 1661 3168 960 2615
3586 774 388 4688 1257 4577 4322 3344 1492 2411 3875 4238 4840 401 492 3381 1177 1136 805 124 3389 2952 2264 4595 1229 3761 2034 3594 2380 656 3486 4302 983 124 1036 1674 4512 2363 2212 2850 769 4775 3394 4816 4987 4345 480 3137 2971 721 4655 4051 3617 419 3888 3593 1390 3661 1173 1027 114 2423 2885 4264 1133 513 2408 135 1364 4509 2931 3734 1900 1389 2839 879 632 4943 107 957 1179 3903 2026 966 183 58 1094 3529 4066 1088 4860 1711 2115 577 676 4492 4047 4062 3334 897 1228 793 2988 3391 4883 1361 2117 1633 1980 1467 416 4125 3399 2168 303 3385 3783 4541 3100 2610 1506 1730 1074 2097 3427 4896 3656 591 4466 1420 1165 3767 4040 432 4071 1800 4253 2798 3983 2779
4109 4932 462 2626 1595 199 3168 1343 4015 2173 2145 900 2040 4441 1307 1777 425 129 4919 790 4245 3686 4386 4034 3276 444 585 2797 3474 2651 2564 3107 2605 402 3820 588 4680 591 2830 2128 4011 1020 2300 1080 2618 1050 431 4779 2421 131 730 1865 4078 1597 4763 796 2225 889 1813 3488 1024 395 757 2236 1921 4757 3281 4165 459 3071 1336 196 1547 3583 4870 209 2551 51 2524 1706 4569 1363 3603 2929 4850 2060 453 1069 3571 2394 107 3300 2243 1515 2150 1216 3290 3334 2560 1447 2327 808 3389 2334 4617 4296 1578 2033 2895 3387 4250 3876 4565 3734 2508 1417 3920 4750 2297 1790 4374 4836 4625 4795 4423 1316 825 2979 2514 2599 2523 297 4655 4295 892 2192 2959 3218 2781 439
3503 2266 448 2535 3785 597 3350 2358 2401 4192 393 1598 285 3869 793 193 233 2353 1774 454 3939 3883 3348 2546 1244 810 1620 4340 266 4304 4824 3912 1372 2100 4202 3689 1041 4933 4925 3872 891 4292 4300 2004 2687 82 2769 3826 4353 3004 2061 89 2221 246 3333 4239 3028 1827 4977 4818 517 207 3767 1001 1624 1551 2832 3355 418 127 2744 2908 3544 2873 667 2416 3585 2450 2508 2564 2159 1390 3883 4807 4624 735 2891 3661 3209 3091 683 4240 1022 3869 485 4044 4112 897 1447 4788 4612 107 940 845 1074 2154 2316 2356 1570 903 2272 631 1953 3215 2686 1727 2820 2195 2783 3884 4676 1053 2951 210 41 1825 622 504 1834 1386 3937 1417 707 384 1714 563 1112 179 1484 2357
3666 2017 4691 4831 1281 1498 935 1332 783 3681 244 4626 605 4064 1248 2171 1883 3045 3814 51 1585 4252 4848 1454 1337 656 61 213 4091 4459 4076 3526 1402 1935 3958 295 535 3487 4145 2276 786 175 1187 2980 1430 4934 1017 4890 3138 2422 441 2943 2814 1022 638 2013 4731 1449 1967 2364 168 2985 728 321 4423 848 1649 3629 1097 2494 880 1790 635 2425 4105 1164 883 2282 3926 4513 2643 3345 3500 2455 1309 2156 1705 4734 3461 2118 2375 1652 691 4823 387 1206 402 1228 2327 4612 3304 2944 3848 3921 1007 2799 4714 1700 4794 1477 4748 1103 4385 4936 4923 4533 4468 3575 4255 1363 808 2058 4837 799 4695 470 184 2564 2290 2889 2116 405 2804 4680 3927 2527 1253 3209 933 2513
82 1105 521 3132 2967 2541 2250 1415 3754 4311 998 320 4822 4486 1642 2930 3106 1224 334 3981 3368 187 2622 4576 644 4540 1473 2104 1629 2338 849 3751 263 2864 3566 548 3114 850 470 707 133 2105 561 3290 812 3673 4409 621 2704 1401 2924 2381 4992 4437 3239 3239 2283 170 4982 2718 4774 2332 4157 1903 2735 542 4061 430 4462 247 4159 3174 4066 2988 4229 3404 3691 2467 3506 559 811 2589 363 4016 496 1847 1513 1220 4218 3697 2237 3530 1699 2908 3533 4241 3029 793 808 107 2944 437 1558 2139 4085 886 2066 2551 816 4498 391 2811 955 190 797 2617 3142 1501 4541 871 37 1706 4495 2865 2654 3777 4663 1920 2153 3186 4047 1148 957 2181 749 4845 4347 33 1200 2052
3395 1019 4304 756 4057 4881 1585 3907 4772 2276 537 3842 4283 3629 555 4946 4437 2206 4043 312 1898 2842 414 2192 3011 4088 2931 2946 2497 4173 2412 16 866 3304 643 977 786 1235 1766 3038 2488 4869 3965 4760 2309 3212 3421 571 2005 4947 1919 1190 1146 1075 185 1870 3928 982 83 4018 1533 4103 3968 1343 1881 378 1716 4169 1318 483 882 1459 2992 3961 310 4239 86 4570 62 863 1135 159 3933 342 1237 2843 2012 4000 93 4646 2640 912 1932 4199 1693 4024 3159 2988 3389 940 3848 1558 2575 1838 1112 2306 4687 4795 176 738 4523 1362 4079 161 2857 3258 2450 3499 701 752 557 409 2647 713 67 4357 1350 3229 366 3650 2615 4584 948 2696 3049 4370 4502 2469 1090 203
2307 1879 3265 4056 1828 3019 1104 3395 157 4109 1632 4901 427 3228 2488 1909 996 4958 4832 3964 4972 4305 1240 3773 4510 4027 4234 3741 4022 1121 818 3123 4315 1695 579 608 3202 255 2506 2889 4792 1270 2899 647 1177 2250 3039 2596 3041 2070 716 4511 555 2451 3629 735 4878 3191 3162 1784 4261 4120 724 3507 3749 4647 2414 3927 4599 33 3394 1815 4413 4012 179 2008 4977 2628 3312 3497 2153 3257 1603 266 4089 3852 356 680 2485 4011 42 3696 976 2409 3717 3156 607 3391 2334 845 3921 2139 1838 1724 313 3651 4529 252 1403 1293 144 3807 1593 3644 2699 1057 3390 3721 4895 2704 3681 4735 1099 4228 4701 4224 1673 1127 4428 4440 2323 1657 640 2014 2929 4920 3338 1290 4117 2489
1723 4871 4279 765 4739 3096 3903 259 2434 4874 2385 1567 2390 556 2383 4805 2460 4456 3141 2962 1268 920 2490 4967 4246 2114 4172 1562 3258 3101 770 4918 2531 2005 2948 2223 2854 1474 4848 2037 3320 1891 4149 1935 2270 2816 1857 4299 118 2425 2513 157 2011 599 3459 933 2684 3381 179 4302 3893 4210 3742 2202 508 4438 900 4505 1027 221 3484 1464 3266 2636 3276 2703 842 2104 914 2511 1219 2544 1795 1786 380 1327 3135 2214 2492 2324 4796 3472 3731 3077 4670 2571 2584 4883 4617 1074 1007 4085 1112 313 3054 1702 2229 1269 2758 4203 2826 3207 1860 3677 4929 2919 4796 2509 4828 4862 3171 874 4585 35 2398 4412 4199 3967 532 1785 2256 692 3550 2418 1288 2282 4076 4059 4790 1561
1157 3008 3262 4802 1943 2559 2779 604 534 328 3185 2594 2106 2409 1877 2962 4286 3392 4831 2297 1371 588 1259 3840 2828 2292 3886 2863 4006 2875 3377 1014 2293 2000 4970 4744 1987 2355 4434 4920 3523 4580 40 4992 2634 724 4517 4858 2288 2649 3315 743 783 4342 795 1481 606 1511 568 4752 2474 2670 512 870 794 3163 685 3246 3939 4145 2537 4614 4092 4936 377 3916 2349 2945 1450 4078 1700 2112 175 1550 2801 3550 1152 3657 2774 2188 2260 3876 1057 4018 1689 2511 436 1361 4296 2154 2799 886 2306 3651 1702 4084 80 2625 4242 1972 1820 3140 4278 1349 3002 4100 1854 2581 4580 4727 1398 1786 3019 3516 4451 3635 2386 3785 3019 317 2817 3866 2084 2389 3761 3151 689 45 4393 448
3014 4486 4411 4213 2926 767 4397 1640 4293 3807 4758 4694 3657 4028 4564 4714 3088 1343 3779 2648 4117 2612 878 2096 2586 714 3716 1379 4364 1245 2491 530 4246 3196 3037 1044 3751 1961 2559 3446 2224 3237 2934 311 2963 3208 2641 987 4180 2267 3818 3267 1727 2539 3178 4664 4546 2777 3813 844 873 1009 2768 2208 1332 2393 4233 3566 1279 960 1232 90 1330 842 3384 700 3734 4209 624 4558 1801 1214 3688 4898 3397 3896 93 379 2966 1734 1856 4485 3397 3908 1241 3870 2162 2117 1578 2316 4714 2066 4687 4529 2229 80 3852 419 2288 16 553 681 3507 339 4287 181 4670 1668 2722 243 3709 3839 1813 4768 4139 2156 2370 2488 3420 4785 1778 4398 4800 4095 2912 3045 4635 4107 3362 4277
4977 1729 1236 1357 2629 1290 3809 3580 887 2302 1332 1357 4254 1847 3186 4040 4135 2061 1945 3990 268 3349 4116 4244 2102 4906 786 958 4948 4448 540 310 1153 4984 4225 3319 1962 2642 4560 2751 3778 3316 4711 2139 4170 2776 4591 1621 2192 4548 3523 2339 2110 3683 2240 1067 1660 908 2748 1786 540 450 2042 363 1442 4390 707 3187 3273 4815 139 1273 1367 3575 4723 1925 4438 3583 4693 1160 841 4265 999 3125 3117 754 2629 3718 3889 2793 2356 4918 1290 130 2770 2593 3313 1633 2033 2356 1700 2551 4795 252 1269 2625 419 1971 2433 1816 2458 4209 1941 3868 3267 980 675 4481 834 3740 920 4995 1350 4695 473 1680 3819 417 2417 1891 3181 4774 1488 2139 2994 3779 1475 2550 358 1090
2758 4437 3099 1668 3241 43 3390 384 2947 3204 2008 546 3714 3187 3281 3505 4943 3252 4961 3382 2876 133 3810 4005 1276 3071 1827 4024 4307 2950 4999 2966 1678 3032 2700 3314 1565 2657 2720 1611 852 26 2607 4937 4213 3473 17 453 2315 2128 2920 3415 4674 1902 1096 2810 2963 36 3892 1730 3651 3887 4795 2262 4266 3739 3885 2079 394 449 2567 766 3139 3021 3493 123 2271 2438 3813 3405 4965 3477 3746 836 3358 2646 1814 2677 2944 1987 3190 1321 4562 2215 1577 250 4530 1980 2895 1570 4794 816 176 1403 2758 4242 2288 2433 4306 3131 2280 3804 37 4391 1434 345 923 3459 4211 1837 1976 3147 1255 3234 957 502 2549 1613 3914 1668 66 278 4432 116 247 4722 4426 915 2628 4969
3900 4636 4611 4076 3348 2657 3617 4935 4701 3254 4603 1842 3781 220 3893 1258 3386 3913 2619 4061 694 3779 1661 637 3852 3110 244 2115 3324 3641 1143 1646 3946 4291 2309 3818 115 525 3503 2912 3556 257 4555 2643 991 204 1433 4788 4359 3703 4940 2083 1082 1887 3209 1867 364 3371 3702 353 1992 582 1368 1854 2964 2504 4784 3321 4446 3497 3574 1775 2775 4086 135 4275 3044 2327 3296 3785 3959 3403 4324 4658 4317 1557 240 4809 3514 1239 37 4248 2667 2574 1994 569 3777 1467 3387 903 1477 4498 738 1293 4203 1972 16 1816 3131 1594 3203 2344 2391 1899 2410 181 1642 2641 3463 3915 1376 3208 3921 2632 1827 2995 512 2537 3040 1873 804 4855 722 2038 4116 689 1173 1297 4588 1007
926 1654 3243 1993 4409 2049 489 2696 1840 739 4433 886 3372 2172 1741 104 4596 4157 4309 1199 4984 1939 3598 1634 698 1749 1049 246 4490 4703 2328 3674 771 67 3016 3734 791 190 3877 3761 504 2879 4805 886 520 3344 4875 1972 2974 1517 3919 3252 3517 3022 1292 2439 2695 312 2620 4957 671 2854 4200 1012 2654 4722 1784 1861 3302 2138 3663 1678 3773 820 1106 2764 477 749 3167 304 582 2832 2676 2887 3786 401 3552 1797 2642 2030 4938 1206 897 4874 75 3604 2513 416 4250 2272 4748 391 4523 144 2826 1820 553 2458 2280 3203 2505 1220 4653 4318 605 3790 1008 4409 762 2764 4672 1858 2407 1877 4364 2916 518 4727 2033 574 1771 3632 2989 1906 1497 3657 2566 779 4514 3413
3991 4351 2406 2931 2089 988 4105 288 206 330 340 3679 4149 678 1057 765 2821 1594 3017 3654 3176 2147 259 2104 3456 2945 2689 3546 4387 537 1579 681 4963 42 3001 1884 4093 3816 4814 2428 2784 3314 2101 2250 1581 1362 3473 4494 4262 4998 4410 2073 864 1945 4067 271 1338 1212 1207 2342 2850 1393 2322 3159 695 641 4287 2582 2189 472 4780 3045 3335 2256 4368 4132 880 312 2803 462 4082 3559 3978 3101 4497 1979 1850 3423 952 4884 3823 4572 2994 1363 1682 1362 3923 4125 3876 631 1103 2811 1362 3807 3207 3140 681 4209 3804 2344 1220 2548 4510 4385 4742 2341 4148 4255 1069 3304 1836 1391 590 4840 1334 4596 4528 2065 2410 2913 1007 4665 3068 3223 2206 3523 245 1427 2504 1049
891 1637 2897 4576 3391 2412 2820 2936 2807 622 4426 1022 2850 3719 4613 265 1943 4156 2968 3800 2916 3528 311 1942 3368 4037 1221 1123 1738 1073 1450 3063 584 4185 1880 1239 2790 1139 1740 4280 701 238 3921 4258 989 4960 3676 3209 2662 3170 807 4859 1417 4315 823 4682 1149 2492 1104 3545 1921 4417 372 4550 2462 4373 2303 2242 2698 850 263 660 1259 2803 1351 4930 413 2763 3659 3290 2888 3158 4032 3763 1668 178 2505 3374 3133 3602 4551 2952 3177 3410 1704 3483 1770 3399 4565 1953 4385 955 4079 1593 1860 4278 3507 1941 37 2391 4653 4510 2462 541 2100 542 1650 4965 1415 4026 546 3701 4871 1868 1906 1475 2379 47 4077 4486 3721 564 1861 3093 3420 213 4666 3303 3014 1525
306 232 4340 4973 4976 4157 4833 514 1071 3302 1637 3630 3877 2385 704 3229 3324 175 2202 2299 4836 2222 2743 3857 1328 1504 4344 1203 3618 57 533 4321 1955 2226 3320 3516 3607 3244 4751 2408 495 497 3262 3168 2507 3769 3546 4144 126 2760 310 2617 4258 4900 4925 3352 3562 3699 2786 3979 1690 4047 381 3279 724 4131 3845 2396 1327 1395 4913 4719 657 4316 3755 4046 4783 582 2819 2657 2209 4324 2747 4014 2225 3686 3245 299 365 4431 4211 2904 4563 728 4447 4105 3568 2168 3734 3215 4936 190 161 3644 3677 1349 339 3868 4391 1899 4318 4385 541 3223 3559 4021 4590 3904 3685 251 2498 2853 4179 2750 2383 1277 1725 3007 4795 1855 4577 1921 2045 2936 1232 4266 1766 3011 2896 155
1640 2732 3978 4542 3492 4640 851 2166 4192 4620 3561 2420 1505 4604 3537 2706 1640 3773 1088 4944 2449 3513 480 822 4373 1543 237 3118 1312 4785 2190 1684 957 2468 4733 3121 1133 2732 474 4405 4410 3220 467 797 3438 401 2000 2009 3315 1043 1773 3842 2281 917 291 3393 3665 1469 3419 200 3078 410 3111 1823 1714 477 206 3271 2233 1638 311 399 3279 3006 3903 986 3314 1790 2711 2630 3409 3405 4339 1702 2756 2774 4791 803 1375 3026 4341 2475 1981 2898 998 4644 2194 303 2508 2686 4923 797 2857 2699 4929 3002 4287 3267 1434 2410 605 4742 2100 3559 381 3061 197 3514 2848 1247 2846 3864 4990 2830 3132 2262 848 1204 3004 1198 1914 1805 4400 3503 3815 4945 1930 524 853 950
4002 1039 4978 2556 566 2896 1099 4497 1083 1796 1117 4942 2290 1761 2399 1096 1145 107 1257 3111 872 2293 3199 1935 4631 4912 4661 1900 4228 1683 1038 1353 1846 1113 1798 140 2802 2511 3069 3364 2514 2393 3199 3154 1989 2405 2259 1059 3156 1992 3204 2400 2333 586 94 4501 4667 37 3542 338 2488 1676 1868 2520 2141 4095 2297 2394 3927 816 2284 2656 69 3935 1162 1390 4475 2873 1241 4633 4158 4986 4787 1576 2870 1364 407 739 3338 692 384 2479 3815 4614 3630 2183 4947 3385 1417 1727 4533 2617 3258 1057 2919 4100 181 980 345 181 3790 2341 542 4021 3061 886 3192 269 993 2457 4892 1948 533 1903 2111 228 855 1796 200 2595 2917 50 678 1182 2603 2726 3803 1678 2745 2452
3585 3046 1487 4715 3377 3766 1033 3293 4999 4185 2425 3402 4428 1397 1628 2783 2280 2413 1033 139 401 1227 3287 1660 4365 3883 936 2274 2050 3152 4048 2568 2011 2628 4236 4254 2309 16 2019 1544 4491 407 146 800 3792 2202 2761 253 3539 1874 528 4265 3522 2345 3211 871 2999 3907 1896 2369 587 660 4876 4472 3917 4682 1569 4021 2626 3463 299 3170 1380 261 184 675 356 1218 785 861 2357 1438 124 4162 2264 3678 1982 2558 530 1581 1290 3492 2680 1111 1244 1338 4473 3783 3920 2820 4468 3142 2450 3390 4796 1854 4670 675 923 1642 1008 4148 1650 4590 197 3192 3666 1621 1055 4733 3396 2959 2576 4285 3562 4395 2310 4498 3315 1403 1821 4500 2893 64 4607 1126 4388 2142 2936 1709
3986 1148 816 1378 3726 943 4607 4017 4928 4663 1845 1976 4154 959 970 2495 4003 3425 298 550 2345 188 487 1676 88 3476 4208 3298 4485 607 4827 1866 2396 1220 3176 2087 1809 4253 3084 3990 793 2028 38 643 384 4193 2547 1965 4431 3372 3142 4010 650 1087 3584 649 3556 964 4873 1485 4205 3025 1287 4295 3005 2528 4355 2108 4703 3125 659 2176 2132 3368 84 332 2417 3649 1331 3298 379 4883 2966 796 4243 2699 3934 2176 3746 707 849 3058 897 2623 4124 1214 4961 4541 4750 2195 3575 1501 3499 3721 2509 2581 1668 4481 3459 2641 4409 4255 4965 3904 3514 269 1621 1335 3431 1636 4874 2843 2091 2129 3540 1572 2294 1173 988 2972 3829 4768 777 2572 301 2764 4197 970 4026 358
4244 1845 2524 215 450 4076 1250 459 2259 327 1487 1580 4388 1932 3932 4951 3026 4559 2882 521 953 4690 1216 192 915 1692 1462 4032 2178 1478 4293 1064 155 1648 4297 3960 169 4380 1026 421 4383 809 1657 251 3233 3384 2261 3387 3285 1851 3428 907 1929 2634 2624 1918 1924 3514 3451 4520 1438 1551 4311 2679 573 1295 124 3286 2845 3638 2363 450 608 574 1538 1904 2908 3447 2989 4459 2749 434 1929 88 1720 4256 1763 3310 4423 2081 4464 3732 588 2376 3587 3701 2508 3100 2297 2783 4255 4541 701 4895 4828 4580 2722 834 4211 3463 762 1069 1415 3685 2848 993 1055 3431 2111 3485 4382 797 4719 3921 591 1916 1343 585 4612 433 4072 4292 340 1664 4600 4951 752 3974 1912 4201
720 1962 3367 1115 315 986 2523 1615 3392 4384 3066 3702 1594 4281 2718 4592 279 2022 4386 4711 828 2053 3012 2477 4435 3087 1403 1173 2167 1336 1761 889 4125 196 1302 3732 848 577 4449 1661 4743 3349 4322 818 318 379 3508 454 1704 3422 1117 4707 4882 2383 3457 3294 2920 1803 1726 2419 3409 4089 3432 2895 2542 2107 1326 2469 4662 3451 2115 2308 2454 4058 3415 3111 4884 450 4167 815 1722 1966 1524 1326 2361 3420 467 3020 1575 2925 379 3994 2070 3004 784 3864 4334 2610 1790 3884 1363 871 752 2704 4862 4727 243 3740 1837 3915 2764 3304 4026 251 1247 2457 4733 1636 3485 2966 3498 1611 233 2412 730 2558 4155 2125 3847 1451 2249 1519 2403 157 4557 2080 4134 416 1437 390
2336 1786 4367 2899 2049 1529 534 3460 1797 4892 4232 4114 2666 1162 695 132 1671 1489 1439 1182 1399 2161 3865 4338 2664 2275 1083 3335 1714 3629 3599 3583 2670 2183 751 4658 1610 696 4970 3226 3480 2102 3300 1330 601 1078 3100 45 1294 4557 3391 3676 1350 134 794 2911 1168 3013 4663 715 1933 2930 737 2087 66 616 1683 366 1012 4151 3346 3781 850 2407 296 3109 1236 4633 3405 2697 379 3101 628 2220 1126 3449 3520 1751 1570 2306 31 1628 4273 1022 639 4453 1733 1506 4374 4676 808 37 557 3681 3171 1398 3709 920 1976 1376 4672 1836 546 2498 2846 4892 3396 4874 4382 3498 3134 3008 1464 736 2731 1152 2774 277 4384 648 3154 1932 2756 4070 1341 4703 4113 3209 304 903
2150 3971 3210 4314 1821 4795 327 2273 126 3672 620 2132 3247 3295 4491 963 834 1624 2146 3573 4447 2817 3952 2442 2421 2855 2013 2064 569 1020 1934 42 4048 1462 1443 3770 822 181 1675 1192 1772 2425 3462 1302 571 3622 331 3449 885 3232 166 1501 4744 51 4291 459 2371 3635 4078 2657 4409 197 523 3391 2999 1577 4170 2304 573 2356 724 1024 3952 1218 3261 322 1797 2316 1764 1721 4454 3427 2049 4944 1562 2747 823 1375 1477 4965 2358 3138 51 2510 3229 4975 2080 1730 4836 1053 2058 1706 409 4735 874 1786 3839 4995 3147 3208 1858 1391 3701 2853 3864 1948 2959 2843 797 1611 3008 416 2743 4740 2895 3004 2350 2432 3491 129 3643 3633 1100 1959 4574 2436 1854 3845 1813 2677
1207 4627 4425 1083 1497 2626 257 602 1528 2998 2860 4785 3391 859 2670 2931 4992 4579 1590 2222 3895 1570 642 4797 1312 1292 1879 2211 3115 2499 3765 171 3049 750 3968 1296 1338 3747 2391 4521 511 2573 3129 1272 720 1970 3209 1841 1363 4874 4939 4371 2387 679 2697 1735 1867 2078 937 2755 1181 974 4399 4708 4140 109 4349 1579 2765 4610 2003 4461 1002 2959 2887 1895 4197 410 1181 3323 1944 2652 1019 4143 241 1501 1335 1502 2948 3611 4055 2833 4163 3132 877 1590 3220 1074 4625 2951 4837 4495 2647 1099 4585 3019 1813 1350 1255 3921 2407 590 4871 4179 4990 533 2576 2091 4719 233 1464 2743 4339 1218 754 3034 4719 3240 4304 3793 580 1397 4360 3579 3063 2001 3353 2945 1260 1249
3638 521 3394 4504 1316 2997 558 3226 1410 2994 2619 2782 4905 1194 2510 2708 4227 1796 1519 2486 1530 1874 750 1969 4748 391 144 120 4510 1075 1273 541 1328 657 960 1064 3025 1332 1961 4718 508 1219 474 473 2356 3218 1714 2961 3471 1527 4212 1613 4229 1390 1372 4881 3882 2790 4535 1375 3336 1141 757 4613 1671 551 2521 3212 900 4604 354 2672 3174 4839 4120 259 4669 413 740 3830 4123 2540 1998 623 4061 525 1480 699 4324 1877 2617 1279 4081 4106 1825 1114 3123 2097 4795 210 799 2865 713 4228 35 3516 4768 4695 3234 2632 1877 4840 1868 2750 2830 1903 4285 2129 3921 2412 736 4740 1218 2897 1155 2317 466 3896 195 1876 414 3240 2095 2041 1302 869 3008 462 4454 2309
3512 3441 4355 548 4658 4760 2822 676 3176 4314 2784 4462 677 4503 3399 1683 1927 1739 4319 1455 2544 545 284 1327 1351 2886 1559 397 3739 2823 87 3175 3700 1561 3271 3454 4023 3156 1359 3966 4649 2232 3004 1018 765 1004 3621 3575 2027 2711 4126 4349 3656 4203 4816 3475 3199 642 512 3352 1262 1860 889 4389 888 230 4195 2569 3860 4121 2639 4612 4744 4067 3593 137 4008 650 733 2707 2688 2039 4424 452 4906 3319 4827 2686 1193 357 999 4150 4835 935 4271 1441 3163 3427 4423 41 4695 2654 67 4701 2398 4451 4139 473 957 1827 4364 1334 1906 2383 3132 2111 3562 3540 591 730 2731 2895 754 1155 3793 2940 1333 4073 1106 1459 4758 2826 1492 2495 3195 3107 631 1549 2973 2542
732 3194 3237 2131 3864 1263 2395 105 3082 2245 4147 4277 2578 1017 4849 2165 3916 2681 2777 1708 4981 1869 231 1303 452 1300 3962 405 4451 3199 3636 720 1116 1775 1197 1522 2213 2599 2181 4119 2790 1980 1818 3695 3586 1554 682 1491 3774 3450 452 4358 508 704 859 3592 4903 4019 1096 52 1482 297 4216 2269 957 209 4836 2687 530 3072 1262 985 1596 119 2741 1115 3294 3975 3446 3236 1085 1507 3837 1161 3982 3854 2475 1548 2269 1692 2137 1139 3078 828 3344 4181 1977 4896 1316 1825 470 3777 4357 4224 4412 3635 2156 1680 502 2995 2916 4596 1475 1277 2262 228 4395 1572 1916 2558 1152 3004 3034 2317 2940 2527 1255 94 4830 601 3377 2376 1961 3322 4948 4880 2005 756 1766 3993
2153 3056 4799 4586 1777 912 1186 2747 1887 1172 3698 4059 705 2364 2014 1159 4245 2555 3004 4832 3776 2776 365 724 1996 3270 130 3332 2928 3681 148 4802 2198 4269 252 4720 1454 4839 1982 3580 2333 3685 3375 2408 1304 891 4647 4621 443 4411 4045 4488 419 478 224 1186 3271 2094 1352 1499 3846 2908 2193 4882 3410 1136 628 864 252 534 2259 2824 4384 2019 3179 2069 3960 1632 2556 2286 339 2808 2322 2899 635 3266 3042 3987 4146 924 3763 1136 958 88 626 279 4116 3656 825 622 184 4663 1350 1673 4199 2386 2370 3819 2549 512 518 4528 2379 1725 848 855 2310 2294 1343 4155 2774 2350 4719 466 1333 1255 1589 4868 810 4549 4765 2290 3220 2693 4859 3673 1543 3383 2183 2628
4375 3961 990 4527 3200 4322 4327 4596 4674 4070 3367 550 4931 3082 3773 823 4998 3546 763 4070 1058 667 4599 1665 84 10 2715 1273 3475 3044 4734 38 3093 1650 4826 3591 886 1167 3184 582 2541 79 2128 554 2174 888 669 3887 19 3280 866 3647 1627 1191 4791 4987 3876 4615 3776 1800 1856 3618 2027 4654 4047 4655 2511 2172 971 805 2653 2469 2492 746 1942 1885 734 2170 405 3492 3133 2050 1372 453 816 3580 3222 2368 3534 1926 479 31 4177 3574 79 2601 4260 591 2979 504 2564 1920 3229 1127 3967 3785 2488 417 1613 2537 4727 2065 47 3007 1204 1796 4498 1173 585 2125 277 2432 3240 3896 4073 94 4868 4166 2326 4661 4609 3938 4630 2211 2283 1331 4000 4112 4107 177
1581 2901 2296 2000 1825 1228 1251 4704 4977 4121 174 3025 2036 3574 4256 3983 2745 2209 336 4880 3829 1729 4260 378 635 3903 2652 3052 1690 4233 3164 1523 3424 2500 3142 1150 3254 4513 1920 4310 4999 2605 850 1836 900 2302 1210 3990 3122 333 4986 3513 416 46 2175 649 4299 3089 4952 4215 4490 3444 3544 682 2586 1040 1034 2471 555 3912 2343 746 1475 1047 4025 506 2892 4018 3081 4038 3400 4358 10 2527 788 2252 191 3131 2970 3215 2892 1114 4041 2775 4905 2857 4975 4466 2514 1834 2290 2153 366 4428 532 3019 3420 2417 3914 3040 2033 2410 4077 4795 3004 200 3315 988 4612 3847 4384 3491 4304 195 1106 4830 810 2326 3466 253 623 4420 1201 1881 3305 12 4692 844 2475 574
4225 4792 4577 3567 400 3711 3926 3635 816 2984 2073 4040 4871 2946 4259 785 193 1237 4057 3872 3074 2801 1339 132 1526 4107 1295 4606 1865 2562 1030 3609 2010 384 4501 4168 3589 171 2300 4684 1950 3893 3847 1808 4589 109 3642 1919 4202 843 2200 4067 4127 2591 3973 4444 3924 2058 3510 4033 601 1590 4179 3271 4914 3595 1547 2032 4573 4070 1534 1970 242 3901 1217 1131 3124 2723 240 724 1482 3900 4867 2781 2148 365 842 3217 3344 1756 4984 897 2353 1269 4417 3298 3538 1420 2599 1386 2889 3186 3650 4440 1785 317 4785 1891 1668 1873 574 2913 4486 1855 1198 2595 1403 2972 433 1451 648 129 3793 1876 1459 601 4549 4661 253 2146 3734 4650 2608 2817 876 3530 3684 2516 4488 2343
3383 204 1819 4487 2935 3508 250 366 1886 136 2847 2359 1440 2188 1469 148 3078 455 420 744 652 2158 3030 2892 2536 3846 1544 3967 151 419 4599 1214 1690 2491 3612 2744 4088 4376 1385 1375 4027 2455 1294 2059 763 1757 3619 2230 461 3392 3231 103 1837 3807 1463 2331 4632 358 80 3678 1926 879 3639 3564 4765 780 25 1174 94 107 1022 1017 3091 4605 4480 3523 1078 1743 4700 4114 3828 4457 512 2217 3991 984 1330 1361 4695 4541 1205 2571 2759 3584 4109 241 610 1165 2523 3937 2116 4047 2615 2323 2256 2817 1778 3181 66 804 1771 1007 3721 4577 1914 2917 1821 3829 4072 2249 3154 3643 580 414 4758 3377 4765 4609 623 3734 263 1145 2336 1268 4415 31 1669 817 1962 408
4038 709 4568 2925 4647 359 526 1796 1255 4789 3545 4491 2846 2334 3922 2584 3592 4889 4909 1011 4732 1731 3518 1777 2968 1033 1494 247 3534 62 2489 1390 742 807 2498 1012 2348 957 1615 4509 369 2028 4571 1907 1956 4869 402 2255 334 3648 4670 4140 1111 2258 2365 3280 3106 2674 204 1927 2271 1819 3563 3492 1575 2451 1201 1532 2839 1330 2875 2025 2648 1161 3238 2331 1936 193 2201 3175 2346 1740 4574 883 1181 86 1831 964 1505 3843 3474 1537 1343 2493 4770 3600 4920 3767 297 1417 405 1148 4584 1657 692 3866 4398 4774 278 4855 3632 4665 564 1921 1805 50 4500 4768 4292 1519 1932 3633 1397 3240 2826 2376 2290 3938 4420 4650 1145 2621 4582 292 3893 3074 1452 1368 4266 3765
4861 54 3677 456 2847 4747 3437 4916 4844 523 4970 3324 1813 1872 3112 630 2907 4924 4680 1784 3932 1148 4662 3648 37 1048 2050 3459 3735 1290 482 1420 3368 4040 3188 2723 2733 892 3654 350 592 2394 4930 763 1776 4985 4432 2498 1952 2415 380 1175 3828 3681 4681 3014 4537 3859 2255 3472 254 3961 1918 2597 250 1086 531 2407 2563 460 2009 4331 959 1278 2824 3914 4208 4577 1854 2014 4393 4942 2558 4001 4502 713 2799 1208 1042 4100 3338 3293 4555 2339 1794 4322 3046 4040 4655 707 2804 957 948 640 3550 2084 4800 1488 4432 722 2989 3068 1861 2045 4400 678 2893 777 340 2403 2756 1100 4360 2095 1492 1961 3220 4630 1201 2608 2336 4582 2513 630 270 954 2549 1284 1347 3642
48 3641 4433 3414 1834 4710 621 3382 2728 1002 319 2026 2987 950 1280 2709 1827 3775 258 2055 4493 726 2402 3891 4268 4695 3669 1776 1731 1617 3721 1110 140 1901 4576 4305 1492 4644 392 4533 3613 3908 1536 3328 1649 4639 530 776 198 4684 2071 2523 1547 2466 3236 85 4726 2722 4148 4351 4640 712 2247 1717 2390 208 4496 2128 3475 363 4746 3874 242 1232 4522 3792 4204 1828 4395 4803 594 3018 3780 1787 2082 499 486 2165 224 2800 747 4466 1296 4972 1753 4615 3823 432 4295 384 4680 2181 2696 2014 2418 2389 4095 2139 116 2038 1906 3223 3093 2936 3503 1182 64 2572 1664 157 4070 1959 3579 2041 2495 3322 2693 2211 1881 2817 1268 292 630 4953 3218 1864 3959 45 1069 3406
3201 726 682 775 3663 2228 2495 2141 4835 3325 3954 2354 1424 2360 4376 3543 3000 1972 2915 2515 3167 2920 390 1011 4491 4201 1679 4820 397 1138 3651 2228 2520 1458 217 2784 3449 128 2341 2110 2031 1420 2599 1207 3889 1961 716 3839 1178 4186 2294 38 3796 2026 1340 4300 2302 843 3545 4008 3626 3927 1077 84 2259 74 3600 3569 458 3313 1040 3161 301 3030 524 3739 769 1080 4632 2869 295 1108 320 302 397 4824 1630 3669 2729 4452 124 304 1195 2575 329 4411 3776 4071 892 1714 3927 749 3049 2929 1288 3761 2912 2994 247 4116 1497 2206 3420 1232 3815 2603 4607 301 4600 4557 1341 4574 3063 1302 3195 4948 4859 2283 3305 876 4415 3893 270 3218 4772 2827 247 2594 1964 2832
3370 3337 3715 963 341 3096 2476 4696 363 2400 2128 2023 4204 3033 156 81 629 16 4860 1411 3151 4075 446 4823 2813 3730 4127 2408 2886 3464 1266 3017 1085 925 2619 401 242 2216 3733 4930 1340 1553 2136 1155 2055 656 2336 2984 2889 4468 812 4691 4903 1979 1004 276 94 3292 2416 2400 4873 3727 4821 3380 2192 4465 824 2709 2126 3966 3750 1330 4769 3156 4700 2271 2237 1963 414 4217 4863 2887 4151 153 3583 4138 1581 3070 2734 3063 3640 2560 1366 4007 332 3991 1004 1800 2192 563 2527 4845 4370 4920 2282 3151 3045 3779 4722 689 3657 3523 213 4266 4945 2726 1126 2764 4951 2080 4703 2436 2001 869 3107 4880 3673 1331 12 3530 31 3074 954 1864 2827 667 4390 2130 3760 666
2172 4961 703 3635 1549 379 4250 3858 1192 4146 3958 819 4186 3519 1429 3374 3833 4759 4764 1166 3120 2277 1489 2563 3219 2544 2897 4944 4226 2547 4784 4433 4996 890 707 4166 93 4270 1404 1545 442 844 3144 893 521 2473 1178 3459 4926 1568 3290 2870 3475 1559 3194 2653 3037 3846 4219 320 147 3283 1021 3184 1783 3881 4690 156 2092 916 1745 3886 4198 4649 647 3297 2951 3067 177 3811 3453 3915 115 917 3959 4080 3403 774 2653 463 4293 1696 82 29 169 788 1661 4253 2959 1112 1253 4347 4502 3338 4076 689 4635 1475 4426 1173 2566 245 4666 1766 1930 3803 4388 4197 752 4134 4113 1854 3353 3008 631 2005 1543 4000 4692 3684 1669 1452 2549 3959 247 4390 3075 611 1373 3923
1606 4977 2308 3000 1775 4728 849 4782 4596 3373 2285 3761 3280 4255 4240 4539 2727 3745 1029 173 4495 3604 2875 1764 4726 4909 3810 849 3458 2560 2864 2619 1873 628 888 3545 444 1820 1754 2802 413 2555 1969 2859 605 857 1164 4703 2089 3000 4484 1591 1089 4264 1542 1753 4768 3275 1649 2960 3115 2857 4287 2896 3993 4883 1423 1674 149 4132 3086 4640 896 1838 1341 2774 3868 4703 1294 4613 1347 3621 154 2179 3316 2364 4806 1782 2227 3335 3520 3337 3458 4336 2749 3340 3168 2798 3218 179 3209 33 2469 1290 4059 45 4107 2550 915 1297 779 1427 3303 3011 524 1678 2142 970 3974 416 3209 3845 2945 462 1549 756 3383 4112 844 2516 817 1368 1284 45 2594 2130 611 3083 3045 2736
1241 1343 1951 1938 3955 2218 3758 1570 4672 4406 2413 4258 1235 2264 1669 4232 1712 4155 2950 587 1522 1683 3469 4979 4116 2500 1726 4708 123 4126 4760 1099 3790 3479 2666 2984 1615 370 3655 2057 1369 3107 1051 4892 702 2665 827 4045 800 2512 2559 4707 1097 4117 320 3306 1478 2621 3391 2512 1292 2408 4655 3179 2687 832 4597 173 3399 4836 586 650 101 4120 1380 956 4879 4767 2089 3037 2301 2517 2129 4963 4858 447 1918 3193 3557 2113 1343 3931 2475 4954 4607 4724 960 3983 2781 1484 933 1200 1090 4117 4790 4393 3362 358 2628 4588 4514 2504 3014 2896 853 2745 2936 4026 1912 1437 304 1813 1260 4454 2973 1766 2183 4107 2475 4488 1962 4266 1347 1069 1964 3760 1373 3045 2088 1098
4772 3301 1049 412 2070 1078 4140 485 635 3506 232 1966 1903 479 4258 3512 4045 3007 2239 224 35 420 2341 2439 3878 347 2948 4540 4801 2953 78 3680 3822 2797 2307 3254 1263 3218 2306 2239 3179 3664 828 724 4236 2590 1113 3152 1193 4249 2776 951 2168 4384 480 3255 2399 2020 1089 588 3140 4963 2026 2860 3718 240 2590 1630 4507 510 4322 3900 382 2782 2104 1506 51 265 4947 422 224 2040 932 4489 4999 102 4498 1154 257 703 515 3072 2711 4545 1957 2906 2615 2779 439 2357 2513 2052 203 2489 1561 448 4277 1090 4969 1007 3413 1049 1525 155 950 2452 1709 358 4201 390 903 2677 1249 2309 2542 3993 2628 177 574 2343 408 3765 3642 3406 2832 666 3923 2736 1098 4635
