N: 140
M: 20
Symmetric: true
Triangle: false
6 47 11 8 131 37 24
12 86 75 93 58 62 85 122 64 45 35 1 97
12 96 7 123 139 28 21 63 112 57 78 33 53
8 23 43 108 65 140 135 98 91
12 18 70 106 22 116 34 15 12 109 87 130 29
10 126 68 54 119 32 71 95 107 3 83
5 111 40 120 55 61
6 50 52 31 38 99 121
5 76 100 49 118 59
8 92 30 90 9 132 20 42 56
5 115 102 41 81 89
4 105 2 6 137
8 127 136 104 124 128 5 73 19
6 17 129 82 39 10 36
7 27 110 44 60 66 46 25
9 69 79 114 113 74 77 48 14 138
5 94 26 67 51 84
4 103 13 125 16
3 80 101 4
5 72 117 134 133 88
2225 4865 4714 3618 4496 4392 601 108 4373 3988 2241 3369 2356 3801 3585 3554 926 736 3895 1181 4661 97 4835 1741 114 934 1520 110 2095 4132 1517 2111 1591 2918 2297 4955 3722 1754 2742 4847 4475 4577 4835 492 2060 3807 1517 2843 1167 3866 4819 4951 303 4185 2421 1519 2732 1561 1022 2419 3827 3316 3330 1280 4658 157 3936 1554 1206 3328 1988 702 1032 926 3715 4395 2173 824 1157 3339 1750 2432 1544 2606 470 2974 910 1533 2066 512 1502 94 951 2747 3162 690 1725 1899 1271 3350 4770 981 4563 4524 2373 1496 4867 3301 2071 1922 492 3168 3667 273 4270 1333 2761 1942 534 3512 507 2298 482 2467 1432 1799 3932 290 4240 648 1516 2291 4063 1606 2959 637 3013 2900 1204 2483
4865 870 611 865 1076 4688 748 3903 1296 3142 2452 4560 1830 2061 4036 1861 4220 1569 4822 2993 1994 2434 4170 2549 2929 1297 4209 3675 3514 1244 4953 3221 4703 911 3120 4519 920 4107 565 2708 4532 4419 4136 3036 4852 4529 1581 2512 2747 408 1258 4621 2155 919 4032 3295 3720 979 2565 3908 3881 3581 3698 4109 389 1514 818 226 4409 1057 1768 580 3178 4316 944 1541 2813 4817 4057 586 2441 1470 2097 897 3583 4358 3769 1933 2164 1646 3024 4786 212 1019 400 783 1058 2504 16 651 4367 2649 3780 800 4939 2328 3178 2130 1955 3675 1473 3509 1593 467 1679 1332 417 380 3135 4129 1512 2973 1981 2600 555 1415 2101 3012 3174 690 4723 4872 4809 1513 3854 2819 2306 1776 535 4043
4714 611 3610 3081 4669 2401 1708 1504 150 4615 4450 4083 4736 1707 764 2788 4321 4236 3846 3891 1514 4117 3171 414 3869 958 1544 320 286 811 4248 3632 4228 2609 119 794 3194 2249 2453 2839 4976 1431 511 1847 1267 3898 775 4229 2543 2227 2666 1519 1065 824 2081 4592 231 3818 4931 2631 321 4761 2692 4393 1082 1789 2315 524 3053 2462 4976 1502 2728 1099 4244 4128 1541 2654 975 95 1236 3734 3805 4918 3428 2458 762 3125 1310 1732 689 4005 634 2410 1145 2453 1692 2581 4504 1379 1960 2299 3678 4672 3325 1137 17 619 3470 1497 3352 3315 3437 4655 4217 3945 4436 1719 4896 1393 4965 1105 3424 2711 2831 3785 3033 1586 1823 4072 106 1821 2465 576 4254 1636 1478 1056 4579 2589
3618 865 3081 3353 729 2597 1562 3682 1653 2190 1708 2057 4863 283 761 4927 1984 4703 1489 860 1666 3092 1596 3825 4143 3726 3510 3794 2108 668 1442 379 1367 4101 285 995 400 3895 2161 3529 4101 3864 4222 918 3524 535 2430 1032 1844 4281 4461 4630 2461 3181 2177 3010 4878 103 2220 15 2870 1080 3313 212 3223 2007 975 4934 3098 4205 2203 4694 4647 487 243 2951 1542 3191 4988 4837 4156 1397 4504 3861 1486 1027 2195 4330 3648 3080 3735 2455 1980 3822 1803 4587 1273 2718 1265 2142 3845 3289 2968 668 4206 626 2462 3580 3592 3523 958 1121 4901 2023 4269 2436 4061 1479 912 669 3028 3465 1161 862 1180 423 1705 871 3378 4492 3519 1129 2366 462 3904 4537 3345 2371 3432 2314
4496 1076 4669 729 970 1383 2680 2113 1541 4364 1002 3161 4986 849 2277 4812 2261 4736 1227 4047 2746 837 381 2386 2050 233 2185 603 1170 1195 4671 1292 4803 2250 3714 3824 2034 1110 525 1391 2945 2867 2130 2537 4945 4703 166 170 380 2594 4268 2332 3986 3361 2003 2196 3061 28 1234 3891 1475 3141 4323 1821 638 4255 2095 1990 2483 2101 3961 460 2047 940 2686 4086 4521 1312 3767 3625 938 3659 2657 1446 456 1911 2600 4118 3972 31 4786 53 3693 1913 2361 827 73 3754 3117 3196 4754 2411 1443 3605 4294 3096 3588 309 1862 3568 4160 2013 2744 1067 711 1987 265 3300 1093 3202 604 1055 4123 1051 2257 2597 3105 1197 1196 2371 2410 1791 3502 735 829 319 509 2068 3300 719
4392 4688 2401 2597 1383 745 4163 4935 1522 4012 3036 1212 284 407 960 1172 2075 3767 2394 4423 3769 63 1950 548 4788 3645 1945 640 4431 4950 1160 4695 4563 1009 2255 4361 2474 3606 3701 2628 1776 1501 1498 1816 1872 2149 1089 4193 2289 267 275 518 2675 4851 3310 4835 2002 4819 4381 4418 3582 447 377 22 2786 1188 900 4847 1466 2802 211 4157 34 3002 669 1222 1918 3050 1325 4856 3774 1870 52 2154 1404 1853 4970 1225 1960 2150 133 1845 3803 3123 2126 3883 4791 2572 1934 2186 507 675 1044 1012 1556 727 1091 4490 4089 2480 1600 2810 1259 2501 1562 134 3171 1220 4330 3138 4676 3273 2653 2996 791 3514 2130 4745 373 4907 3705 469 1841 854 38 1835 2822 1808 1655 3114
601 748 1708 1562 2680 4163 3896 639 1578 3265 4013 4145 3637 1357 4935 1386 3239 2406 2745 4293 1389 201 2728 2753 659 92 913 3108 1745 4358 2475 2122 1943 4990 31 3352 4434 3099 360 2239 4291 1385 905 4711 3673 4657 2991 3629 1947 1589 4946 2736 4180 4648 680 436 2915 1213 1168 4154 1565 3943 2344 3616 4464 2528 4461 2292 4611 353 2076 4232 623 3538 3422 4380 2694 2346 335 4442 1222 4655 3152 127 1299 2571 468 1057 1993 1728 1338 600 4758 4134 699 723 3400 2286 3427 4057 13 15 327 3613 3211 551 4613 1171 3184 4363 979 2117 3503 2825 3641 4482 1215 1901 2514 499 3358 235 1818 1255 2592 3395 3728 4948 92 4821 4681 4470 2435 1913 1978 1056 4850 4305 1957 1564
108 3903 1504 3682 2113 4935 639 3170 4945 3259 155 87 159 305 3159 4350 726 3285 2356 2712 3083 1482 2698 709 358 2439 1499 4603 3284 3706 3781 4875 1854 2779 4501 4199 1963 4394 504 4440 1702 208 3812 1159 1542 1598 3229 603 4396 1450 3279 4252 4575 1547 636 3284 3171 972 4361 3019 172 4887 3804 4830 3831 3595 2836 1137 2033 1176 465 2152 1393 4107 1498 2929 2972 862 1383 2987 4042 2064 2952 1008 4584 4342 2164 4373 145 1988 1309 4397 4485 4796 3313 2707 4512 2814 3588 1015 4291 799 4660 4294 4031 4410 3621 2447 3862 1748 3896 2171 2856 119 801 201 545 3798 2354 2844 760 3892 3059 4129 4099 4116 674 1137 4282 3741 2885 1889 2386 356 3899 2371 1416 1267 2251 1830
4373 1296 150 1653 1541 1522 1578 4945 401 507 566 2847 1151 4611 3942 4278 3323 4403 2457 2498 4083 2529 4986 861 2855 2736 1148 2370 123 2460 2387 3131 1254 3394 722 4141 2610 3908 2100 380 924 3893 1553 3472 575 4810 786 4705 2948 4545 501 946 3654 1581 736 1751 2069 3823 802 1237 266 2093 1618 4440 2195 1291 2075 2369 3167 1761 977 1098 1006 109 3449 4099 1924 863 2257 4354 4449 3464 3131 388 706 3444 2679 3811 1740 4957 4540 612 571 2251 27 1971 2853 3733 1331 2778 2242 4895 2861 4723 2812 3924 2535 4398 1419 30 1103 91 3167 1032 1510 4466 384 4492 4941 963 4513 559 4067 2402 2498 4326 265 368 2995 856 3025 1140 161 1465 659 731 1679 225 2440 2304
3988 3142 4615 2190 4364 4012 3265 3259 507 2898 2937 1974 703 2768 2109 4976 2439 790 2028 4682 3816 313 4057 921 4786 1368 2585 4975 2950 4101 289 3035 131 4153 3395 865 1948 33 1451 2728 2510 4773 358 2799 4081 4136 4042 666 2716 4633 1745 1612 1927 403 493 3182 525 1326 1784 2312 247 860 4729 4825 3848 1127 1532 628 2239 952 1160 1454 4922 2140 1549 3400 1109 1708 4569 3366 2112 738 2748 4580 818 3584 2119 667 411 4172 512 3105 1048 2159 1566 1937 3120 1728 217 1643 4299 3054 3039 4136 1441 1206 3809 3956 895 1858 3159 3779 4166 2869 1484 2229 4600 799 2898 3749 190 4404 4254 4064 2729 2598 2927 3745 4443 3917 784 2034 4662 4206 4081 82 1581 3080 3676 2373
2241 2452 4450 1708 1002 3036 4013 155 566 2937 4630 4339 4469 4212 2636 3650 4275 1015 2404 1366 840 1917 2110 1309 3036 2029 1413 774 3562 1879 209 3579 4742 872 814 3570 3693 4731 1999 4403 310 3128 4859 4806 4941 1524 4325 2917 413 2002 797 2392 972 917 1001 4595 2315 1875 2359 1366 4475 1493 500 2309 386 1128 4864 4726 983 4688 4083 1748 4223 4338 2414 629 4601 1379 1325 1033 82 45 2295 1632 2482 4869 1007 1027 3728 810 2698 3017 355 462 4150 3412 3715 3433 500 3089 2611 1587 2524 4564 2422 753 2092 1636 1790 4708 2492 1318 3637 2095 1556 4660 4366 3914 3119 1985 358 2620 1415 1188 3534 290 2378 3628 929 4665 3384 2849 1177 2833 4552 955 810 812 3412 1811
3369 4560 4083 2057 3161 1212 4145 87 2847 1974 4339 4501 1877 185 2330 2548 3361 1688 336 3046 912 3081 4139 2059 2370 3530 3764 983 1436 3316 2194 1698 2118 2132 3412 4879 4617 4987 529 1496 395 4158 3903 3597 4161 348 624 1945 1727 1437 3731 911 4192 1961 1893 3417 2119 4539 3837 4280 2160 1619 3831 2311 44 2251 1493 1615 546 3047 1003 4319 1863 726 4105 424 632 1550 4792 3022 2815 4490 4715 3711 4110 3628 1167 3905 1379 4184 1839 1250 1895 1031 3884 4179 4521 1811 618 1132 4815 4464 4488 3011 2172 2161 2690 126 4783 3124 3316 3057 2936 2121 1389 2888 3397 1818 2217 2103 868 3183 1220 3391 2625 1767 3933 1966 3409 4659 447 2163 72 4592 1090 143 1638 1112 4356 1297
2356 1830 4736 4863 4986 284 3637 159 1151 703 4469 1877 1540 1747 3558 1813 1024 640 2153 654 1967 499 1946 4495 2133 1145 4683 2601 2428 2702 4846 4545 3495 1639 2313 510 3578 1349 4901 765 1820 4574 3018 3708 2854 3851 3108 663 3091 2207 736 3035 4684 2729 1559 1090 2355 1947 2142 3203 1482 4686 299 4307 417 4812 1791 2200 2426 4083 1824 4817 1987 4136 3541 4528 492 1497 3222 735 2984 828 942 679 3025 219 1404 4164 920 95 1645 4435 4858 898 4679 1786 1450 182 3661 2921 3892 4489 4409 3168 4171 1596 4358 4420 3727 1931 2019 550 1056 1068 4442 2668 478 4782 2879 4915 3206 3974 3831 2031 2560 2183 2101 3657 2005 2192 4546 2294 4653 2688 2080 3638 1312 1112 4464 3167
3801 2061 1707 283 849 407 1357 305 4611 2768 4212 185 1747 1249 479 1996 707 4988 4791 1575 2729 3353 3584 2838 4047 2773 53 1508 3558 2251 2095 19 3090 400 2411 552 490 4946 1336 2596 4161 269 2995 757 2585 947 1885 1194 2947 4943 603 4638 4359 2154 2878 711 4457 1362 4001 728 533 2954 623 2849 637 1664 3720 1407 829 2685 197 122 4359 322 4066 259 4225 2679 706 4079 689 3148 2170 3736 4709 1817 4789 809 4937 3011 3590 2186 4821 3020 3639 870 3797 4710 2228 2862 4034 4564 2018 4428 2661 4885 742 831 4783 516 3979 1123 670 1573 3403 2896 4432 1762 1598 1077 4589 3705 4366 1257 2289 4382 1361 701 2995 2408 1726 3726 3800 1586 339 4071 526 3336 634 2771
3585 4036 764 761 2277 960 4935 3159 3942 2109 2636 2330 3558 479 1768 3478 1067 1655 4856 4426 3005 2562 3227 908 382 1837 1349 1985 732 4260 1081 4679 709 504 4006 4557 279 2222 886 3323 1323 1834 384 538 3948 1387 39 4547 2316 2436 2351 1001 1609 3630 1505 1701 1119 3344 4557 4553 2407 3164 2348 4805 2085 2307 1264 4844 4793 756 1764 3826 4140 4698 112 533 171 741 2527 4461 2503 578 4523 66 1626 3336 4207 1292 393 1373 3580 4415 1304 836 494 2749 2677 994 2555 4092 4467 897 4077 1260 89 109 4492 3267 3543 4889 4836 4579 4454 1427 3186 2379 1170 1806 4298 342 2181 4369 1162 4956 3851 3567 4532 4603 1352 3961 1198 4910 4623 2480 1241 277 435 788 4602 840
3554 1861 2788 4927 4812 1172 1386 4350 4278 4976 3650 2548 1813 1996 3478 4168 929 4331 4795 1282 4636 2526 4703 4081 2173 4135 3702 4361 3422 4534 1240 775 4118 4265 1229 3244 4257 2092 66 2710 1724 4725 2748 4671 502 728 2806 2565 4550 3368 2240 1143 2231 464 4176 1086 430 3244 1059 3007 3557 1296 705 4180 2749 3565 453 277 1699 3894 1963 1190 1374 4404 2056 4607 3224 4808 2583 3603 545 833 4634 4049 2202 3869 4775 1839 3466 2498 977 349 2385 531 3078 2391 3490 1386 1421 1802 2743 3690 2542 2389 1719 4475 2563 4000 1902 1083 1152 3233 1062 3498 4416 520 3535 2141 4502 2732 894 333 3653 522 3618 4238 2140 3059 4680 3127 2001 3057 212 3283 1591 885 1937 4215 135 1038
926 4220 4321 1984 2261 2075 3239 726 3323 2439 4275 3361 1024 707 1067 929 4211 4241 3608 2745 1978 261 1047 4717 1865 3909 4054 2607 4040 4165 4459 3342 456 2231 4154 1451 1993 237 558 2188 688 1870 385 1545 4535 2067 1700 4325 2621 2275 3360 4739 753 3322 2592 4461 1512 2640 3227 3254 424 3177 1845 4598 710 1784 379 478 1794 1615 211 1637 4164 280 4430 4945 2024 908 2657 1607 1797 2542 3234 276 1439 1119 3286 2027 128 487 2764 1028 1694 4106 4616 4357 3307 710 4816 4354 1416 1314 2330 4135 4241 2709 1223 1708 2699 4758 1490 4959 2520 1965 1875 1775 3525 1086 4172 1260 1408 1017 4668 411 4690 626 4123 4029 4667 4428 145 3972 2881 3880 1727 4263 715 4636 3286 2805
736 1569 4236 4703 4736 3767 2406 3285 4403 790 1015 1688 640 4988 1655 4331 4241 3662 1592 4488 4100 4640 1822 3361 1171 4119 3500 1007 4477 2714 1894 3675 977 712 1724 276 1422 1541 3162 474 3733 954 4559 1781 3642 193 3015 2012 2266 1496 826 4501 2236 1139 2524 1069 1247 455 3319 1845 174 3901 3902 3631 4722 2445 4982 414 368 2818 231 1535 3189 87 2956 1902 4301 3559 4694 3791 4162 1716 1008 2720 2624 1952 4519 2719 1813 4828 1914 1639 4902 2610 2347 1722 576 4439 1669 2385 2121 4122 1697 4184 4138 3603 4449 972 3346 770 3724 2126 4866 2557 2167 4340 3768 3603 2933 1841 452 1142 3598 576 2044 2773 630 4701 2848 3585 4216 2767 1282 3906 4424 36 1674 1436 3576 386
3895 4822 3846 1489 1227 2394 2745 2356 2457 2028 2404 336 2153 4791 4856 4795 3608 1592 1592 4266 4639 4942 743 606 4704 2529 4078 2598 992 3499 3305 3396 1661 1274 3054 2404 1486 2191 707 3252 1647 711 4411 3247 110 2201 3790 1970 4569 2422 2914 593 1246 3930 4069 2139 4921 3545 680 685 3315 87 4884 4294 3066 3513 2875 3334 3036 3178 4061 3362 3865 971 4019 226 2119 534 566 3572 3094 3681 1840 838 4087 264 2418 1500 387 4266 3644 1891 4798 2173 4384 342 850 4593 4794 2640 3418 4968 4467 2524 4760 4364 4413 3142 1259 957 3118 2235 3065 226 3963 2222 2753 2842 4626 4070 1105 2922 713 3229 2054 4727 4278 3141 4181 1029 3430 4747 1846 1619 1639 430 2537 4433 2889 560
1181 2993 3891 860 4047 4423 4293 2712 2498 4682 1366 3046 654 1575 4426 1282 2745 4488 4266 1819 1700 2731 1141 3508 2742 2633 63 1474 3610 339 4526 4085 4208 229 3153 102 749 2229 4288 4966 205 3087 4936 4820 497 932 53 2907 2841 25 4357 608 1583 4020 4320 1101 2938 4576 3573 705 937 4086 2245 3427 2349 3053 4548 4355 3964 4713 1937 4820 3110 3692 2610 3290 4324 2164 4161 1486 846 231 2465 4132 4992 4777 233 2980 4793 2966 1373 698 2256 3531 2462 2683 3762 4618 4682 3519 3996 1450 2530 1976 3833 533 3508 1959 2475 1354 4100 3063 72 4423 2508 1308 1599 1042 2852 1904 2564 3402 4152 286 3484 4137 4090 642 1031 3723 902 2380 3811 3705 1373 816 3191 1421 3665 3834
4661 1994 1514 1666 2746 3769 1389 3083 4083 3816 840 912 1967 2729 3005 4636 1978 4100 4639 1700 2449 276 1148 1932 513 2909 2730 1340 79 2620 4676 1138 2489 2178 4610 3576 11 390 3840 1521 3168 4231 1839 4411 4443 984 1075 3182 943 4091 3354 1714 887 1326 707 3937 4325 1562 1404 160 1342 3961 528 600 2720 1736 1578 907 1695 4992 580 2458 3530 113 3650 2037 2752 4472 956 4847 213 3660 3688 4425 325 2732 3906 681 3596 4797 2701 4546 1247 2759 4384 1613 365 2992 2469 425 1923 4673 2700 2400 2969 3398 2538 12 4491 1099 1765 3541 4728 3585 3841 4203 3161 2997 4914 1852 1217 4675 203 719 1558 4482 3148 4395 182 4530 2747 4237 543 3551 587 2458 3492 3870 2460 3586
97 2434 4117 3092 837 63 201 1482 2529 313 1917 3081 499 3353 2562 2526 261 4640 4942 2731 276 2103 782 2194 491 1499 3283 118 1574 2139 3290 1600 4977 3539 4045 562 2422 1214 1010 4552 4425 411 2454 3780 4091 1982 279 3135 731 3436 556 310 2460 2091 2658 4200 773 1686 2805 409 2964 2195 2112 4026 2077 4166 4771 1392 3812 4019 1188 1063 801 3180 567 841 3228 3854 3458 2195 1652 1088 394 2384 4731 4149 3386 1824 1376 524 1611 601 3362 809 2615 3346 2294 2786 1607 1568 570 303 1903 1154 4774 218 3674 2376 929 1150 2636 333 1416 2129 1343 3842 713 48 2013 4005 207 3145 1608 291 1262 1378 1217 3164 3980 4797 3098 2760 3815 1090 4005 4109 4728 2497 1935 307
4835 4170 3171 1596 381 1950 2728 2698 4986 4057 2110 4139 1946 3584 3227 4703 1047 1822 743 1141 1148 782 3976 467 770 2947 1553 3582 3747 4188 3625 1874 3449 1152 971 2768 4625 1905 981 2357 1459 2285 1463 1872 4768 1745 4158 3851 4693 3193 3596 4034 3268 1481 1992 977 1780 2714 2624 3054 1670 1388 746 3064 1144 2812 124 2631 2980 2623 44 1657 3769 3550 3906 2321 4609 2367 4051 1817 4810 2055 4436 74 3211 1617 1213 1281 2208 2262 1819 1015 4413 4211 427 375 284 414 329 2126 1401 3378 2329 4068 979 2150 3856 1958 4571 134 1092 1550 365 2029 1871 251 3957 371 2700 2904 4708 2217 1075 3910 2870 1749 3385 951 126 801 4348 3113 4676 4614 2086 1351 73 3954 1770 3707
1741 2549 414 3825 2386 548 2753 709 861 921 1309 2059 4495 2838 908 4081 4717 3361 606 3508 1932 2194 467 3109 1820 63 855 1779 21 2208 1799 1001 4692 517 2011 3442 1028 2218 268 1535 4097 2817 2288 1363 1132 2064 1062 3382 1175 3640 3807 994 2211 346 1237 3723 4444 2688 1034 803 1721 571 3410 1996 4138 916 1821 1462 326 1810 2626 2736 1025 2590 3402 1371 3815 3803 4481 4328 2815 734 3648 2753 2148 1961 2869 2570 541 2140 2594 4933 2254 3052 3395 584 3722 3033 2291 2781 1584 3306 892 1077 697 2263 2325 2743 833 3408 3247 1212 1603 667 1178 616 4881 3712 4775 1979 1099 1300 389 2992 3036 1250 3631 1272 3865 2804 3908 2416 1473 2560 1738 1675 473 2213 2610 4328
114 2929 3869 4143 2050 4788 659 358 2855 4786 3036 2370 2133 4047 382 2173 1865 1171 4704 2742 513 491 770 1820 2485 3943 3475 3477 2732 1323 4811 3346 3396 1514 4077 3606 4250 2916 2487 4474 297 4043 1873 3401 3115 479 116 2277 4012 2971 4802 858 3212 2080 1680 186 2522 3391 1651 2022 3603 2907 1357 3595 3458 1379 646 1842 3201 1344 187 4206 1117 1663 3322 282 1041 694 1790 1804 2585 3024 4711 3925 1141 3980 4164 4078 3977 3992 411 2912 2080 2514 526 1449 2136 2338 2328 1480 35 1266 4778 4064 1870 160 2796 1926 422 29 3480 4002 2693 3440 4977 1686 3924 4901 4698 3285 1669 2092 3464 176 4671 87 1696 2735 1806 89 2491 2800 52 4449 4343 1147 4621 4788 1943 4113
934 1297 958 3726 233 3645 92 2439 2736 1368 2029 3530 1145 2773 1837 4135 3909 4119 2529 2633 2909 1499 2947 63 3943 355 3388 194 2560 2387 1937 823 4815 4144 91 1318 3676 1762 4517 1545 2295 3417 3611 4900 1190 363 2164 2997 1282 774 2530 188 1193 1392 1353 2481 451 2495 4619 2050 1828 3381 4783 4211 1715 12 4500 3944 3354 1691 2283 3089 1994 3810 4941 2508 3857 419 992 168 2566 4292 1419 310 1865 2635 610 2019 3236 2831 532 1287 3769 382 2510 1430 1948 3236 3837 1223 4440 69 4181 3889 1276 1871 126 3539 4631 4550 1225 3884 1696 4154 4993 4332 4782 654 1404 475 4541 2143 3736 4885 2027 1714 4215 2693 4954 3252 4296 2887 3351 3637 1718 3910 2983 496 1198 2823
1520 4209 1544 3510 2185 1945 913 1499 1148 2585 1413 3764 4683 53 1349 3702 4054 3500 4078 63 2730 3283 1553 855 3475 3388 3663 4205 1424 4233 1705 1744 2019 2648 2324 4873 2621 4463 4338 1034 582 4129 2497 4675 3205 3732 3939 4584 907 1550 1459 1835 3072 1269 3436 1611 2092 1842 1417 3670 165 2527 4314 3316 991 465 286 4774 1689 3640 3463 2780 2119 4617 2755 1433 2001 1596 4549 3798 866 272 3991 3805 4139 67 2676 317 1896 514 4939 319 3035 2712 3941 2581 1341 2688 1332 3427 3325 4365 1402 3719 2439 4358 263 226 1602 164 4348 79 4592 1048 435 2880 484 3292 4470 1782 4592 4203 4964 1034 2035 1424 647 3839 3842 1863 3059 4154 422 171 2559 1260 1382 353 3274 1076
110 3675 320 3794 603 640 3108 4603 2370 4975 774 983 2601 1508 1985 4361 2607 1007 2598 1474 1340 118 3582 1779 3477 194 4205 496 2740 1848 2691 1338 2889 1929 494 1937 743 1557 1071 4272 1339 1865 3089 3586 2906 3175 1588 3520 895 320 3549 3110 3686 2588 4412 2789 431 4244 4502 1342 4418 1043 3974 4276 1680 4678 57 900 1711 785 2919 207 1348 4426 4509 1055 4401 969 2546 3190 4175 4374 591 844 1933 4233 1010 1154 1246 2847 4511 1528 3698 1652 2360 2011 991 1748 2481 2152 4420 4406 4391 166 3842 1587 2622 618 4786 2857 3707 3187 779 1091 2826 1184 416 3565 3161 4910 760 2738 1960 2300 3267 3346 4632 1572 891 1382 3591 1136 1226 4115 734 1025 2516 3048 2782 653
2095 3514 286 2108 1170 4431 1745 3284 123 2950 3562 1436 2428 3558 732 3422 4040 4477 992 3610 79 1574 3747 21 2732 2560 1424 2740 200 4645 654 231 4982 1299 2230 1717 300 1087 1674 1980 662 418 2832 2192 682 1281 4044 1957 3017 1970 1974 1031 3083 3863 116 291 204 176 1850 2593 4890 1398 2563 3443 443 1322 2593 2842 4009 3020 3640 522 1565 802 4304 3983 3464 4213 2113 2302 4515 984 1031 1721 708 4409 2574 4772 3219 1529 732 3776 1159 1918 805 439 2779 4555 1295 2169 696 1103 4581 3115 3601 3620 3289 2281 4712 1983 2849 4749 1706 1415 973 3847 4742 3281 2823 1145 3486 3762 1507 4195 4812 2829 1725 2810 1224 3938 191 4411 4029 3090 414 710 2743 4095 2612 3380
4132 1244 811 668 1195 4950 4358 3706 2460 4101 1879 3316 2702 2251 4260 4534 4165 2714 3499 339 2620 2139 4188 2208 1323 2387 4233 1848 4645 3613 3689 4721 2016 3848 4615 353 2128 294 3013 4472 4578 1170 829 4060 2045 4508 4308 1198 2781 3953 2299 2571 3584 2467 845 152 844 1188 1699 2747 362 769 4348 3375 1568 3939 2260 1892 2123 4212 2017 1196 893 3060 4910 1046 2415 2696 4942 1603 423 3723 1864 894 4194 4426 4242 4238 3372 4407 4049 3887 2728 3444 2768 699 4878 3714 3696 2305 1955 55 2106 3860 2983 1281 352 3284 4143 4349 58 2228 2222 506 2266 1117 1757 1700 3899 223 2212 467 4153 2155 669 121 4086 4287 4696 661 840 1038 1832 2088 3906 1775 1595 4467 2814 3032
1517 4953 4248 1442 4671 1160 2475 3781 2387 289 209 2194 4846 2095 1081 1240 4459 1894 3305 4526 4676 3290 3625 1799 4811 1937 1705 2691 654 3689 591 2884 95 1951 1290 4594 4626 3249 1134 155 1361 4850 608 2655 2872 1309 3785 2363 1583 4289 2526 359 511 2030 4807 1499 4771 303 4374 3303 1159 4655 1256 4108 1388 4536 4060 462 4541 3662 1234 1903 4299 4220 3113 662 94 3705 3079 498 2971 2185 1073 1282 2878 3048 238 1285 4529 2699 986 3391 3154 1708 1169 2689 4135 1343 3393 4770 627 3903 1770 2611 3148 362 1944 391 2934 2997 2588 3017 211 3788 4475 1965 4688 4747 3822 1853 418 4361 4541 2639 2193 4615 2954 384 2359 3017 3354 1498 4893 1361 4127 881 1283 790 2104 2393
2111 3221 3632 379 1292 4695 2122 4875 3131 3035 3579 1698 4545 19 4679 775 3342 3675 3396 4085 1138 1600 1874 1001 3346 823 1744 1338 231 4721 2884 3392 4098 4729 918 2195 2962 298 2564 2508 4168 717 843 3188 4642 913 1898 1096 653 650 2241 2357 1308 3089 2749 2827 3685 4176 2704 2866 2407 1558 92 288 3930 785 1279 193 79 282 3979 1282 677 2770 2656 981 2536 2779 3432 1207 3456 3533 4291 3867 2006 1373 4725 3553 2824 1015 4025 4860 2169 4809 1001 1748 2142 4863 2337 3399 2955 451 1726 2033 3823 2014 3889 1226 2322 3330 1912 625 4962 4687 2846 2501 282 2733 397 1562 2470 926 2993 235 434 4196 2525 3733 3963 1845 3997 745 3048 194 359 2138 1947 1312 219 2248
1591 4703 4228 1367 4803 4563 1943 1854 1254 131 4742 2118 3495 3090 709 4118 456 977 1661 4208 2489 4977 3449 4692 3396 4815 2019 2889 4982 2016 95 4098 3796 3480 3943 206 4336 4202 545 3708 3193 4630 4124 140 4816 3739 1459 4007 18 2558 1335 4478 1435 350 929 4216 475 1257 1061 2976 736 1650 3805 1832 874 1867 4529 213 3205 1541 335 908 2277 3004 1159 3516 1057 4923 3527 4848 4081 4987 4578 32 3830 2328 2200 4219 1441 2883 4354 2994 290 4455 2928 4928 1567 3589 4602 4957 4922 2628 2762 2893 2261 376 2814 4579 2012 2054 1810 4170 753 872 1524 404 4182 1646 4586 2643 4359 4470 2095 2042 3812 4374 3043 342 3907 4380 4282 4901 2045 4198 2284 1164 594 711 1148 4986
2918 911 2609 4101 2250 1009 4990 2779 3394 4153 872 2132 1639 400 504 4265 2231 712 1274 229 2178 3539 1152 517 1514 4144 2648 1929 1299 3848 1951 4729 3480 2119 2161 985 1193 3945 2484 4740 3610 2333 3816 4688 4571 3639 1523 4256 2651 4489 3912 348 1626 845 2139 750 1397 2260 4682 1839 4208 3749 2008 3560 4713 4631 179 2028 65 2266 2310 4861 2170 1656 164 3543 3360 3025 2356 2660 4911 4982 368 2368 1352 720 2755 2367 3722 1669 1180 4313 1427 2898 4203 1886 1714 1538 1101 4850 2390 929 2087 60 3087 1589 1066 322 2671 1092 3115 1915 934 3736 1703 4105 1259 582 4498 2876 3681 238 4706 578 2478 116 2275 1907 254 1715 2511 3076 1176 575 2247 3256 4725 2173 569 1937
2297 3120 119 285 3714 2255 31 4501 722 3395 814 3412 2313 2411 4006 1229 4154 1724 3054 3153 4610 4045 971 2011 4077 91 2324 494 2230 4615 1290 918 3943 2161 4092 368 2499 3872 4101 1598 2624 2674 3119 1227 4634 4820 1263 1470 3707 2321 2757 4801 1901 32 2303 182 4604 4243 4707 361 576 1556 2532 654 1541 2816 878 1819 1532 4968 4953 1863 1554 304 3851 1180 3757 993 762 3642 280 854 4726 2474 466 3992 3280 4251 3518 2125 1114 1607 4901 4835 836 4472 234 4832 2090 1395 4658 3224 4433 2990 4345 2249 1649 2730 2945 4286 28 3742 2004 3064 3813 1816 2495 897 3889 2522 3197 2177 1557 4127 2080 4989 945 4443 900 381 431 3266 536 473 1756 442 2098 3430 969 2585
4955 4519 794 995 3824 4361 3352 4199 4141 865 3570 4879 510 552 4557 3244 1451 276 2404 102 3576 562 2768 3442 3606 1318 4873 1937 1717 353 4594 2195 206 985 368 3727 2549 408 3079 4430 665 1351 145 615 4905 2782 3527 3327 4726 4312 4231 2599 215 1107 4124 3250 1097 3362 995 299 3913 1648 423 2175 2104 4090 3340 2518 3176 3584 3400 4266 4537 4432 4013 2790 3991 1570 899 4019 1893 660 2113 4989 474 4196 4064 2240 2944 1502 723 3786 3751 2158 1946 4064 2008 4704 246 3616 2489 149 3301 1902 1206 462 1618 2045 1323 94 1438 3957 2826 1921 1440 1753 4589 70 4823 2034 680 989 173 1786 1859 4310 3346 492 2901 4647 4428 1110 1212 679 1428 3250 4633 2884 1205 1152
3722 920 3194 400 2034 2474 4434 1963 2610 1948 3693 4617 3578 490 279 4257 1993 1422 1486 749 11 2422 4625 1028 4250 3676 2621 743 300 2128 4626 2962 4336 1193 2499 2549 4818 1340 3456 3434 1758 1239 3414 757 856 2403 3632 3398 1239 47 198 734 1372 703 4375 416 3139 791 4479 3515 818 894 2189 364 2469 2882 1174 314 3409 2261 3362 2206 3299 4718 603 3047 2454 341 2198 3383 2588 4968 3948 998 2884 4222 2400 2537 2088 558 2316 1477 4375 1611 806 349 1803 2997 4024 859 1594 4926 2511 17 2506 4319 4041 4569 3210 3672 3525 159 4771 1708 549 512 118 4826 1441 4136 3708 360 3506 1222 2552 3391 1735 1730 3778 4668 3698 1330 94 4059 67 4479 4140 864 4149 4697
1754 4107 2249 3895 1110 3606 3099 4394 3908 33 4731 4987 1349 4946 2222 2092 237 1541 2191 2229 390 1214 1905 2218 2916 1762 4463 1557 1087 294 3249 298 4202 3945 3872 408 1340 4079 4071 3521 1609 4115 2609 2301 905 4287 109 2800 3027 3169 1643 3825 2421 285 3914 2811 3010 4616 4451 1206 4960 511 4358 3739 3172 548 3403 667 4451 1128 3872 3566 3537 3282 372 219 4333 1194 908 2916 1760 3184 4913 3090 710 1037 4567 3286 570 4411 3943 4379 2080 2092 4403 4388 1867 4553 2491 4576 2028 3421 1604 249 4558 278 62 3246 498 1855 2355 4351 908 1603 916 3220 16 1769 1271 360 1068 2867 1131 4015 579 558 4157 2539 305 937 4068 909 855 2975 1846 3663 646 2602 364 810
2742 565 2453 2161 525 3701 360 504 2100 1451 1999 529 4901 1336 886 66 558 3162 707 4288 3840 1010 981 268 2487 4517 4338 1071 1674 3013 1134 2564 545 2484 4101 3079 3456 4071 3641 2382 2426 2053 3190 2929 3593 3171 3147 2669 3923 2522 581 4146 3722 4688 4298 3878 3248 2959 1042 760 3796 4727 2618 2191 1141 4872 3959 4631 3270 4299 3912 1716 707 4396 2343 3913 1130 3817 1853 772 3912 3691 1635 1575 4125 2938 742 2667 2027 1470 4226 4004 3425 1276 3460 815 1145 3687 2964 2682 350 2011 2419 915 1024 4621 4870 4893 2830 1100 3132 662 2367 4096 3598 3508 207 4368 4674 2231 2733 1688 1349 2001 4468 1983 1300 2112 1140 136 4254 1283 2178 1201 217 3080 900 4923 3685 3948
4847 2708 2839 3529 1391 2628 2239 4440 380 2728 4403 1496 765 2596 3323 2710 2188 474 3252 4966 1521 4552 2357 1535 4474 1545 1034 4272 1980 4472 155 2508 3708 4740 1598 4430 3434 3521 2382 4690 3897 987 3708 3936 2331 936 704 1116 19 793 228 1239 4108 606 4830 3253 1788 1584 3956 4309 2841 4807 2338 3347 4617 2805 1313 3495 1461 1710 592 4673 1944 1234 4501 4895 4369 1342 3309 533 4551 448 507 4664 2441 3533 1012 25 85 849 495 3252 1770 4753 1571 4668 3795 220 354 3579 660 2677 1128 4349 1601 2911 3089 1718 184 1290 4098 1553 2255 4298 61 1803 3502 3424 2484 4908 2734 3585 4431 4053 1624 1691 2282 4068 3468 2659 3803 741 4035 2137 2208 1425 754 861 2107 3015
4475 4532 4976 4101 2945 1776 4291 1702 924 2510 310 395 1820 4161 1323 1724 688 3733 1647 205 3168 4425 1459 4097 297 2295 582 1339 662 4578 1361 4168 3193 3610 2624 665 1758 1609 2426 3897 233 293 4576 1832 583 227 1288 4953 3722 2106 3372 3497 1722 4123 4518 4774 4946 4792 3543 1509 3623 2929 3607 4747 1118 863 4155 4273 517 2596 67 943 1621 4533 4879 2244 1912 956 223 3060 4430 168 4057 950 4038 2288 3716 4193 903 640 2619 1964 2061 2623 3332 204 2910 1797 4564 2677 2690 94 1762 3737 2757 4816 2659 4492 3805 4627 3420 1489 2833 2808 92 2891 214 275 1174 929 51 4397 3391 3854 3420 4265 653 1993 1461 3178 1562 1688 1611 2916 3771 2842 4063 3382 1715 424
4577 4419 1431 3864 2867 1501 1385 208 3893 4773 3128 4158 4574 269 1834 4725 1870 954 711 3087 4231 411 2285 2817 4043 3417 4129 1865 418 1170 4850 717 4630 2333 2674 1351 1239 4115 2053 987 293 4532 2383 4917 1044 4684 1943 3619 2006 3587 4137 3640 4205 910 3521 1710 3673 3523 4148 3893 1745 2344 331 784 4321 174 3729 1856 1302 1097 1654 435 1159 2102 1394 3237 1119 2516 2534 4997 2925 1900 2695 693 2003 2044 3549 536 518 2024 3286 1021 1320 308 2912 299 153 4284 14 2353 2342 448 1396 1211 3770 595 4680 3106 2291 2226 4933 3512 2898 1409 4183 1159 3119 4599 2490 1901 614 2367 4256 2063 54 1622 2816 4359 2310 1671 2005 1470 2361 4724 4844 1976 1649 1998 3722 813
4835 4136 511 4222 2130 1498 905 3812 1553 358 4859 3903 3018 2995 384 2748 385 4559 4411 4936 1839 2454 1463 2288 1873 3611 2497 3089 2832 829 608 843 4124 3816 3119 145 3414 2609 3190 3708 4576 2383 2446 3405 105 2721 411 1497 2009 1646 4920 4712 1023 3233 908 4037 1816 3673 4054 2328 3711 232 4784 4312 1726 253 1504 3306 46 3566 2596 619 448 1624 3515 4033 1444 3104 3038 95 3045 3456 2180 1725 4301 2216 1521 2997 807 3625 4427 3064 1612 611 3988 4168 3001 4230 1645 2111 2771 4924 2489 2913 1788 391 4107 2557 4262 2469 76 321 61 2295 290 697 3051 607 1937 4727 1756 989 4148 470 3667 3196 3186 3298 3791 2582 1977 1882 1410 3004 972 4865 2335 4948 1381 2970
492 3036 1847 918 2537 1816 4711 1159 3472 2799 4806 3597 3708 757 538 4671 1545 1781 3247 4820 4411 3780 1872 1363 3401 4900 4675 3586 2192 4060 2655 3188 140 4688 1227 615 757 2301 2929 3936 1832 4917 3405 318 2381 2347 980 699 1182 1367 102 3428 778 745 4980 2840 2840 175 4916 4933 1227 1379 2788 3632 2908 3496 1504 3603 3187 2575 1430 4865 2535 3621 2881 475 1942 4655 2578 4868 4853 1263 4194 3342 1896 1603 1933 4487 1115 1474 2111 3192 1913 2009 3652 3905 4874 3997 1760 4550 810 2405 2834 3669 984 2560 2746 3030 3450 2448 75 2262 2561 918 1524 586 4619 694 1094 3303 4897 1004 2258 4275 1326 3758 3610 4235 1387 2691 3139 1260 1924 2228 1329 341 3841 1929 1474 3895
2060 4852 1267 3524 4945 1872 3673 1542 575 4081 4941 4161 2854 2585 3948 502 4535 3642 110 497 4443 4091 4768 1132 3115 1190 3205 2906 682 2045 2872 4642 4816 4571 4634 4905 856 905 3593 2331 583 1044 105 2381 4606 4226 1433 4289 3919 3920 1253 4276 4271 2777 4915 2220 2806 107 4933 4632 3208 985 1293 4457 2716 494 4060 4746 4672 902 4899 419 3685 98 2331 1209 3583 1639 2531 2599 472 589 4609 797 3109 2310 756 234 298 2022 4773 1337 3251 3248 1713 377 4359 1823 4282 4858 4330 1111 4219 3245 992 1633 4905 876 2783 1262 2377 573 4369 4347 1201 3460 4398 3959 978 1868 405 2399 4909 4116 4809 233 4291 2386 2700 1883 113 4521 3735 799 4360 3122 2510 3725 174 3171
3807 4529 3898 535 4703 2149 4657 1598 4810 4136 1524 348 3851 947 1387 728 2067 193 2201 932 984 1982 1745 2064 479 363 3732 3175 1281 4508 1309 913 3739 3639 4820 2782 2403 4287 3171 936 227 4684 2721 2347 4226 473 3093 3095 1739 4938 2731 4177 1535 3000 884 1069 3436 4943 4666 1039 1878 3486 2330 4946 3919 2018 3165 3523 403 219 693 97 3323 4452 1072 3633 4813 2495 2288 917 1261 902 412 657 3834 1017 834 4772 3283 2749 4423 2145 2018 1575 2042 2764 3901 3730 3120 1683 1657 288 3519 3947 4362 4584 103 3578 131 4071 3594 4955 4144 168 4237 2718 1470 3495 4062 2190 1516 732 2344 4666 3935 4173 2465 2906 1047 2571 4693 2686 4456 4339 1709 768 1931 959 135 2007
1517 1581 775 2430 166 1089 2991 3229 786 4042 4325 624 3108 1885 39 2806 1700 3015 3790 53 1075 279 4158 1062 116 2164 3939 1588 4044 4308 3785 1898 1459 1523 1263 3527 3632 109 3147 704 1288 1943 411 980 1433 3093 1441 4783 4773 1920 883 3193 979 2700 3013 1942 1240 4500 1410 291 2698 1866 4206 4638 3232 1459 653 1700 4988 2718 1585 4067 3185 3290 2456 4885 2802 4083 4978 4292 4294 152 4019 4126 523 1827 2857 2830 3313 1160 3168 4394 1232 4893 2461 4220 4043 113 443 519 980 3052 3441 4636 781 2007 4215 1818 1159 1204 166 1143 1751 310 4473 1964 4294 726 968 3948 703 4889 1776 2882 3361 2429 4367 1418 2935 4463 432 4964 3742 3069 897 2110 3196 593 2512 2964
2843 2512 4229 1032 170 4193 3629 603 4705 666 2917 1945 663 1194 4547 2565 4325 2012 1970 2907 3182 3135 3851 3382 2277 2997 4584 3520 1957 1198 2363 1096 4007 4256 1470 3327 3398 2800 2669 1116 4953 3619 1497 699 4289 3095 4783 947 419 3305 1233 111 2084 2471 3829 1461 4790 2296 159 4799 297 1638 4226 2174 228 2267 965 4478 3953 3296 100 745 880 3924 4963 2119 3123 102 3190 2065 2141 4660 3268 4588 1397 2904 376 4185 135 2560 1776 315 2951 2182 4235 4384 2737 2861 369 28 1136 4159 4150 3042 4670 4914 93 457 2872 2566 3977 4853 2980 3310 2145 3306 3247 1309 139 4282 2337 2002 2047 2059 1052 3290 1563 3798 4427 1673 2698 4594 2303 1411 992 1372 2500 3188 4717 119
1167 2747 2543 1844 380 2289 1947 4396 2948 2716 413 1727 3091 2947 2316 4550 2621 2266 4569 2841 943 731 4693 1175 4012 1282 907 895 3017 2781 1583 653 18 2651 3707 4726 1239 3027 3923 19 3722 2006 2009 1182 3919 1739 4773 419 3681 3747 2552 3834 2663 509 83 221 2247 520 1062 2925 1768 1236 48 762 2623 3789 2261 4303 507 4450 1324 1172 3975 2935 1508 100 2435 4070 3634 3861 1672 4187 4762 4519 1894 2974 3413 2535 1416 146 1086 4195 3314 3573 3696 4758 3861 1204 24 2180 847 4654 2930 1805 534 1191 342 1848 872 1521 2268 3537 1813 3451 3795 3503 115 1004 797 725 4946 4721 4413 4875 4525 2097 3273 1575 4156 962 135 4001 262 3839 445 2757 2207 4230 1546 538
3866 408 2227 4281 2594 267 1589 1450 4545 4633 2002 1437 2207 4943 2436 3368 2275 1496 2422 25 4091 3436 3193 3640 2971 774 1550 320 1970 3953 4289 650 2558 4489 2321 4312 47 3169 2522 793 2106 3587 1646 1367 3920 4938 1920 3305 3747 4623 3363 289 262 2018 3563 727 792 4452 3063 2581 3666 2006 1653 3665 3459 4323 1101 2560 2049 566 181 2889 3227 4903 1686 3698 4576 3502 1488 746 4439 552 4698 2527 4985 4169 4203 1793 4694 3554 4654 4862 3040 1290 349 4406 924 4877 3230 2129 3186 4283 4788 1482 1252 4244 708 1472 586 2928 3705 1894 1404 143 4262 1000 2779 1508 2667 3767 2275 2874 1744 4934 4273 2834 330 3226 3716 4202 4876 4159 3979 2223 2531 3080 3368 1387 139 3651
4819 1258 2666 4461 4268 275 4946 3279 501 1745 797 3731 736 603 2351 2240 3360 826 2914 4357 3354 556 3596 3807 4802 2530 1459 3549 1974 2299 2526 2241 1335 3912 2757 4231 198 1643 581 228 3372 4137 4920 102 1253 2731 883 1233 2552 3363 4419 1557 2497 4073 4552 2114 1533 1922 2617 2033 4631 1784 3884 4806 1517 2915 192 4250 3818 607 3583 3066 2648 1988 1844 211 2862 2313 2172 2372 4597 3807 4668 3757 148 3997 3032 3368 2141 3719 3558 1583 2033 2335 1247 3378 115 4463 4097 2820 239 2466 3717 2365 70 2101 3704 4616 3679 3142 4071 4460 789 2452 855 4352 4894 2627 4365 4740 745 555 2362 3917 2112 4908 3440 1766 3971 4087 1807 3145 3050 2535 3737 98 2905 3092 1457 3006
4951 4621 1519 4630 2332 518 2736 4252 946 1612 2392 911 3035 4638 1001 1143 4739 4501 593 608 1714 310 4034 994 858 188 1835 3110 1031 2571 359 2357 4478 348 4801 2599 734 3825 4146 1239 3497 3640 4712 3428 4276 4177 3193 111 3834 289 1557 2402 182 4603 3028 3081 1604 4412 1690 4844 2866 1721 2527 4429 3994 1298 2115 634 4727 58 873 4116 3714 764 1281 4768 4275 1880 4777 3968 4009 1880 1302 1546 2048 271 139 4121 1923 1879 225 2867 3657 3240 3766 999 167 829 208 2253 912 1532 2227 3259 2020 231 3044 4184 120 3665 2635 2159 2294 2306 4788 1165 3031 3340 4060 2664 4876 3035 4981 2184 3065 4263 3279 1622 64 1732 4930 2662 4624 3093 3821 2688 2018 1094 2001 2966
303 2155 1065 2461 3986 2675 4180 4575 3654 1927 972 4192 4684 4359 1609 2231 753 2236 1246 1583 887 2460 3268 2211 3212 1193 3072 3686 3083 3584 511 1308 1435 1626 1901 215 1372 2421 3722 4108 1722 4205 1023 778 4271 1535 979 2084 2663 262 2497 182 2376 2195 3643 3797 1362 1767 3918 540 254 4039 1978 656 131 1855 1776 3228 4522 4082 4154 4040 737 1095 4110 4275 4360 1026 1616 2378 2882 3451 4570 2467 1046 3940 1033 1399 3806 3889 2503 4369 3084 205 2701 1132 1078 4692 1503 4027 347 1542 4454 2406 4044 1075 2613 64 4139 2362 3896 374 4476 4636 729 4724 2355 3245 3394 3760 3806 702 509 2367 364 4687 3560 1622 2822 1206 3217 3624 3197 1410 3095 690 2945 1445 1862 1238
4185 919 824 3181 3361 4851 4648 1547 1581 403 917 1961 2729 2154 3630 464 3322 1139 3930 4020 1326 2091 1481 346 2080 1392 1269 2588 3863 2467 2030 3089 350 845 32 1107 703 285 4688 606 4123 910 3233 745 2777 3000 2700 2471 509 2018 4073 4603 2195 4598 471 148 4407 3656 1009 4863 2990 2882 3185 1418 3106 3939 3707 3295 4016 3801 3513 1615 584 939 1579 2165 3444 4017 1898 1936 3102 1416 1868 1658 1942 248 1419 4531 1777 3565 1556 2096 384 159 1476 1285 1516 293 2245 1508 2661 731 4924 2596 2922 3459 3226 285 1120 58 1718 2263 377 2671 4022 4200 887 1536 88 1616 4428 2573 4698 2831 3905 1192 1761 4029 1540 410 2394 1728 4908 390 4651 2092 1594 423 4645 2846
2421 4032 2081 2177 2003 3310 680 636 736 493 1001 1893 1559 2878 1505 4176 2592 2524 4069 4320 707 2658 1992 1237 1680 1353 3436 4412 116 845 4807 2749 929 2139 2303 4124 4375 3914 4298 4830 4518 3521 908 4980 4915 884 3013 3829 83 3563 4552 3028 3643 471 4217 1845 2484 4860 3341 2082 2572 1937 2005 4134 4543 1263 3388 1419 2232 1416 805 4295 2736 2860 143 631 112 660 43 2241 1232 505 1325 4123 1559 4160 455 3317 806 4895 2571 2100 4571 3952 62 1736 1216 3701 368 4758 4932 1234 890 4708 786 286 4016 2498 4263 1985 2835 841 3967 3404 4948 3792 1228 2620 1711 1402 815 770 3301 1320 2010 2541 2171 27 1759 2831 2659 1371 4530 597 3779 4251 75 2840 4307 4222
1519 3295 4592 3010 2196 4835 436 3284 1751 3182 4595 3417 1090 711 1701 1086 4461 1069 2139 1101 3937 4200 977 3723 186 2481 1611 2789 291 152 1499 2827 4216 750 182 3250 416 2811 3878 3253 4774 1710 4037 2840 2220 1069 1942 1461 221 727 2114 3081 3797 148 1845 4359 4772 1362 2342 2699 681 141 3278 1728 1514 1248 4729 2649 3734 3086 649 4806 4410 3830 4237 291 486 2295 353 1991 3751 4014 3749 743 1233 3679 2077 3416 4102 2408 1081 1194 1349 4879 1700 2835 3477 1585 1471 4372 3874 540 4774 3158 1621 824 2338 3472 4572 3706 780 2169 1649 728 1731 2950 879 938 4394 1358 361 2505 2120 1586 1851 153 1502 2841 1693 1098 4858 2451 2303 4182 4853 2711 1824 1239 1850 2896
2732 3720 231 4878 3061 2002 2915 3171 2069 525 2315 2119 2355 4457 1119 430 1512 1247 4921 2938 4325 773 1780 4444 2522 451 2092 431 204 844 4771 3685 475 1397 4604 1097 3139 3010 3248 1788 4946 3673 1816 2840 2806 3436 1240 4790 2247 792 1533 1604 1362 4407 2484 4772 1316 4303 4120 1809 3290 3392 610 1779 1731 4629 1230 320 3149 2122 3673 3649 2843 848 3557 4909 3399 3422 2500 2037 2435 2705 103 62 1905 4284 4473 2051 596 2499 435 1895 704 584 58 4219 1767 1122 4181 755 2434 1733 3375 2340 544 1389 4029 3842 3691 2761 393 817 940 4672 3555 720 3878 963 100 758 1556 3195 2071 4354 416 1946 2309 1478 845 741 4482 3619 2059 376 4851 3116 860 2637 4827 1532
1561 979 3818 103 28 4819 1213 972 3823 1326 1875 4539 1947 1362 3344 3244 2640 455 3545 4576 1562 1686 2714 2688 3391 2495 1842 4244 176 1188 303 4176 1257 2260 4243 3362 791 4616 2959 1584 4792 3523 3673 175 107 4943 4500 2296 520 4452 1922 4412 1767 3656 4860 1362 4303 648 2217 1975 2454 1954 2905 1575 4032 692 3351 3163 2653 3041 3050 1400 2851 4208 3620 4581 4534 3038 4766 46 4552 1183 136 1907 1641 524 4470 1318 2318 1692 1804 567 2594 1210 699 3697 1175 3224 1915 928 3956 4124 4589 4063 2489 4372 3536 3088 4146 3484 4412 662 4086 2508 2545 1342 4769 4449 4044 4574 1616 649 245 4478 3927 1161 4208 694 4366 3965 3555 4431 4553 237 3894 2041 621 677 1361 1410
1022 2565 4931 2220 1234 4381 1168 4361 802 1784 2359 3837 2142 4001 4557 1059 3227 3319 680 3573 1404 2805 2624 1034 1651 4619 1417 4502 1850 1699 4374 2704 1061 4682 4707 995 4479 4451 1042 3956 3543 4148 4054 4916 4933 4666 1410 159 1062 3063 2617 1690 3918 1009 3341 2342 4120 2217 2088 4971 3844 3780 4158 658 4721 2871 3141 4321 259 3457 4121 4763 2970 860 4653 3530 4879 2083 55 4846 2024 3149 1141 2680 3083 4917 2096 368 2709 299 4743 2742 3963 587 1818 3242 46 626 539 4231 397 3238 4500 3899 3070 1849 3644 3241 4281 2472 4691 3390 168 4772 2438 964 87 1503 2841 1332 4108 143 960 1950 3770 1790 1170 757 546 3370 1212 4539 4965 3744 438 3227 1953 3586 4115 396
2419 3908 2631 15 3891 4418 4154 3019 1237 2312 1366 4280 3203 728 4553 3007 3254 1845 685 705 160 409 3054 803 2022 2050 3670 1342 2593 2747 3303 2866 2976 1839 361 299 3515 1206 760 4309 1509 3893 2328 4933 4632 1039 291 4799 2925 2581 2033 4844 540 4863 2082 2699 1809 1975 4971 2897 2289 3873 4911 1604 1014 1356 2019 4070 4365 1038 4390 4844 3892 1746 1817 2436 4828 4714 273 2824 1960 843 75 4803 1745 2859 4346 1895 1199 1900 3489 1451 2612 510 4272 3420 2701 2834 3171 4914 2480 4116 1253 4843 1036 4735 261 3139 2778 4820 1396 220 4139 1602 1087 4229 3942 3486 1292 1044 4220 3486 113 2235 2223 2527 1083 2127 2185 3729 250 2965 4685 229 1333 2917 802 2114 1560 4944
3827 3881 321 2870 1475 3582 1565 172 266 247 4475 2160 1482 533 2407 3557 424 174 3315 937 1342 2964 1670 1721 3603 1828 165 4418 4890 362 1159 2407 736 4208 576 3913 818 4960 3796 2841 3623 1745 3711 1227 3208 1878 2698 297 1768 3666 4631 2866 254 2990 2572 681 3290 2454 3844 2289 553 460 2828 4950 4398 2656 1752 3353 3178 4497 2779 267 2304 4418 3523 3112 418 2817 3498 1538 4519 4400 4166 3972 1002 391 1079 2735 1975 460 651 1282 481 2014 3486 1156 1396 639 460 3746 3615 816 611 3611 2519 3927 645 1603 3220 4328 1449 3437 2046 154 2367 1381 1090 3027 615 1507 1284 4732 3875 2903 2080 74 1531 3244 2891 3559 975 973 2013 1229 56 314 225 219 739 2144
3316 3581 4761 1080 3141 447 3943 4887 2093 860 1493 1619 4686 2954 3164 1296 3177 3901 87 4086 3961 2195 1388 571 2907 3381 2527 1043 1398 769 4655 1558 1650 3749 1556 1648 894 511 4727 4807 2929 2344 232 1379 985 3486 1866 1638 1236 2006 1784 1721 4039 2882 1937 141 3392 1954 3780 3873 460 4678 4131 2142 4476 2250 1033 3218 4951 1821 2637 2755 1256 3993 3380 3919 2796 587 394 940 2908 1722 2036 1909 4920 2822 2883 2717 1254 23 4607 46 472 76 3968 3835 1609 1931 3482 1080 3176 3254 3231 2791 3710 827 2642 1041 3845 4656 2882 2747 3961 4388 2167 1650 2775 2627 4845 3861 1814 3092 2218 2200 1593 2270 3030 3461 4428 2857 2483 1197 2759 877 4239 4171 567 2832 2193 773
3330 3698 2692 3313 4323 377 2344 3804 1618 4729 500 3831 299 623 2348 705 1845 3902 4884 2245 528 2112 746 3410 1357 4783 4314 3974 2563 4348 1256 92 3805 2008 2532 423 2189 4358 2618 2338 3607 331 4784 2788 1293 2330 4206 4226 48 1653 3884 2527 1978 3185 2005 3278 610 2905 4158 4911 2828 4131 4915 937 2491 4698 14 2595 496 3578 3629 3792 561 2905 4465 1232 3430 3252 4761 2688 3155 4299 758 2619 2445 1571 4240 4341 1650 4107 2832 3260 4831 2895 472 4185 2316 333 1336 2892 3188 2768 877 1665 2762 3387 2228 1741 482 2926 1248 399 753 3785 4845 2216 168 4949 3844 4096 3340 1223 4344 4793 1716 3663 71 934 3469 4388 957 3865 528 4338 1535 3969 3784 37 2501 4752
1280 4109 4393 212 1821 22 3616 4830 4440 4825 2309 2311 4307 2849 4805 4180 4598 3631 4294 3427 600 4026 3064 1996 3595 4211 3316 4276 3443 3375 4108 288 1832 3560 654 2175 364 3739 2191 3347 4747 784 4312 3632 4457 4946 4638 2174 762 3665 4806 4429 656 1418 4134 1728 1779 1575 658 1604 4950 2142 937 2091 3640 4014 2496 3025 2070 2236 2450 3116 1567 2799 4919 4786 370 3693 985 1092 4981 2451 3293 4580 2635 366 4996 3628 965 1525 1461 1601 666 2568 3127 973 4021 734 2746 3195 56 4539 1779 4388 639 1228 4020 3966 1539 2719 2544 1596 2466 1043 3637 2158 1265 851 393 2147 2222 2246 661 4687 1510 144 4638 2124 344 3875 4705 499 598 2996 2152 416 1492 2139 1139 2144
4658 389 1082 3223 638 2786 4464 3831 2195 3848 386 44 417 637 2085 2749 710 4722 3066 2349 2720 2077 1144 4138 3458 1715 991 1680 443 1568 1388 3930 874 4713 1541 2104 2469 3172 1141 4617 1118 4321 1726 2908 2716 3919 3232 228 2623 3459 1517 3994 131 3106 4543 1514 1731 4032 4721 1014 4398 4476 2491 3640 3419 3445 2105 3804 645 4855 2952 3734 724 3792 4854 778 3484 1443 117 2741 3416 2133 4876 1077 73 2550 3018 2558 1354 2662 45 4600 4290 1369 2171 1446 511 3184 4335 1644 993 1875 3102 4870 4076 4469 1446 1552 3786 2402 4688 4099 1136 2509 766 1420 4113 1253 711 3512 133 2022 4946 3912 4663 4436 1975 3788 2130 830 1586 631 2712 1848 4059 573 3640 4687 1516 3335
157 1514 1789 2007 4255 1188 2528 3595 1291 1127 1128 2251 4812 1664 2307 3565 1784 2445 3513 3053 1736 4166 2812 916 1379 12 465 4678 1322 3939 4536 785 1867 4631 2816 4090 2882 548 4872 2805 863 174 253 3496 494 2018 1459 2267 3789 4323 2915 1298 1855 3939 1263 1248 4629 692 2871 1356 2656 2250 4698 4014 3445 3258 452 3306 594 756 1358 1842 1265 3627 2769 2964 666 4445 2616 3161 4517 518 3112 3575 589 2250 2203 2691 2470 1785 2915 786 3544 605 3662 303 2941 1540 945 2619 609 2725 3040 176 4103 4419 4041 2066 49 703 2259 3658 1901 3024 2381 1120 4206 4054 3965 1699 48 475 1314 1917 1062 2457 3149 2339 848 3411 4006 2058 1748 27 1253 1660 1867 2791 3144 1799
3936 818 2315 975 2095 900 4461 2836 2075 1532 4864 1493 1791 3720 1264 453 379 4982 2875 4548 1578 4771 124 1821 646 4500 286 57 2593 2260 4060 1279 4529 179 878 3340 1174 3403 3959 1313 4155 3729 1504 1504 4060 3165 653 965 2261 1101 192 2115 1776 3707 3388 4729 1230 3351 3141 2019 1752 1033 14 2496 2105 452 3885 2605 386 520 3599 4115 271 391 1095 4651 1698 3577 4748 2583 3184 4037 1518 1460 3333 2175 1464 1517 239 2430 548 4663 2990 1295 1755 4509 2864 2247 3556 953 1972 262 3331 4483 3690 4694 2511 3143 3682 1632 4367 3783 4099 2650 939 1351 2210 2526 3964 2637 1304 3108 499 4337 2838 2329 161 2659 759 758 1552 2099 3553 2228 1250 2469 610 3049 297 3940
1554 226 524 4934 1990 4847 2292 1137 2369 628 4726 1615 2200 1407 4844 277 478 414 3334 4355 907 1392 2631 1462 1842 3944 4774 900 2842 1892 462 193 213 2028 1819 2518 314 667 4631 3495 4273 1856 3306 3603 4746 3523 1700 4478 4303 2560 4250 634 3228 3295 1419 2649 320 3163 4321 4070 3353 3218 2595 3025 3804 3306 2605 1436 1309 46 1668 655 351 61 486 3564 4775 3273 4722 31 4025 2768 2995 4409 1059 1193 4424 69 3275 2661 154 1223 3587 1380 2919 1944 43 1991 1562 281 4761 3496 2415 4035 1007 709 3610 607 1406 549 2718 1544 238 3286 1661 3848 1387 2662 75 4781 933 1865 2546 3196 3178 3627 1800 1229 4397 1146 2058 2745 1987 2368 495 370 164 4690 1792 2433
1206 4409 3053 3098 2483 1466 4611 2033 3167 2239 983 546 2426 829 4793 1699 1794 368 3036 3964 1695 3812 2980 326 3201 3354 1689 1711 4009 2123 4541 79 3205 65 1532 3176 3409 4451 3270 1461 517 1302 46 3187 4672 403 4988 3953 507 2049 3818 4727 4522 4016 2232 3734 3149 2653 259 4365 3178 4951 496 2070 645 594 386 1309 3904 2495 2982 257 1876 43 337 2514 1541 955 3246 973 1321 2134 611 3491 4997 800 4516 2877 14 495 2007 1505 1857 1078 667 4830 435 1353 587 2383 616 4697 4747 2827 2342 3820 1328 3038 3705 743 872 4910 1105 1800 1142 4103 4346 456 4927 1750 3690 2503 943 1471 4425 2664 2148 1191 4642 139 3513 3367 3564 2800 2660 3369 4142 2817 4213 4205
3328 1057 2462 4205 2101 2802 353 1176 1761 952 4688 3047 4083 2685 756 3894 1615 2818 3178 4713 4992 4019 2623 1810 1344 1691 3640 785 3020 4212 3662 282 1541 2266 4968 3584 2261 1128 4299 1710 2596 1097 3566 2575 902 219 2718 3296 4450 566 607 58 4082 3801 1416 3086 2122 3041 3457 1038 4497 1821 3578 2236 4855 756 520 46 2495 4882 639 3850 1172 1643 1133 1330 3972 2226 4307 3353 2015 531 2671 1591 4804 2398 168 1132 2254 284 150 984 4877 2646 3879 3608 4864 608 2073 3599 2539 1802 1916 4721 1470 2778 2796 75 1011 4082 2917 2106 1639 4379 2540 3745 2599 582 2214 4894 4851 4497 650 2355 4823 3642 2285 4550 315 988 4590 345 3825 2928 4646 559 846 2749 1877 2771
1988 1768 4976 2203 3961 211 2076 465 977 1160 4083 1003 1824 197 1764 1963 211 231 4061 1937 580 1188 44 2626 187 2283 3463 2919 3640 2017 1234 3979 335 2310 4953 3400 3362 3872 3912 592 67 1654 2596 1430 4899 693 1585 100 1324 181 3583 873 4154 3513 805 649 3673 3050 4121 4390 2779 2637 3629 2450 2952 1358 3599 1668 2982 639 469 4661 3213 1949 2100 466 4305 2623 2678 3259 3369 2075 1945 1392 3834 4565 612 811 85 4274 986 3449 12 2998 1015 1108 394 4786 3861 1730 3841 2425 240 3990 882 1212 2255 3449 3196 3711 260 3648 4710 3859 4089 2686 4198 1164 3148 600 3655 4050 1283 4668 1568 2284 188 3778 4908 4664 2327 4912 4532 1771 1052 4277 814 2575 2045 2154
702 580 1502 4694 460 4157 4232 2152 1098 1454 1748 4319 4817 122 3826 1190 1637 1535 3362 4820 2458 1063 1657 2736 4206 3089 2780 207 522 1196 1903 1282 908 4861 1863 4266 2206 3566 1716 4673 943 435 619 4865 419 97 4067 745 1172 2889 3066 4116 4040 1615 4295 4806 3649 1400 4763 4844 267 2755 3792 3116 3734 1842 4115 655 257 3850 4661 1434 4864 2424 1098 3387 864 2017 4074 827 858 3128 3823 3566 1576 3575 1000 3507 3824 802 4705 4497 3856 934 1490 3735 4854 1661 3077 1927 2009 2485 1098 4869 2243 3021 817 1573 787 4372 2856 4522 855 3293 2006 4321 2395 3083 3978 4173 976 1239 353 3720 1585 3820 46 1690 4598 2106 3151 1957 2170 4956 3818 404 4215 277 296 2404
1032 3178 2728 4647 2047 34 623 1393 1006 4922 4223 1863 1987 4359 4140 1374 4164 3189 3865 3110 3530 801 3769 1025 1117 1994 2119 1348 1565 893 4299 677 2277 2170 1554 4537 3299 3537 707 1944 1621 1159 448 2535 3685 3323 3185 880 3975 3227 2648 3714 737 584 2736 4410 2843 2851 2970 3892 2304 1256 561 1567 724 1265 271 351 1876 1172 3213 4864 4201 788 3886 2218 4130 2860 542 3464 3515 4885 3142 1185 1562 2149 3031 4595 4692 3021 3673 2591 2705 2574 902 3439 3226 3497 4398 515 4362 4857 3255 1972 2718 764 4899 388 652 3292 1956 3680 2883 2807 35 891 847 1699 2860 2731 2864 3925 163 3237 2638 2355 1981 4312 4076 4497 3468 1296 4262 2839 2484 2403 1664 928 373 4794
926 4316 1099 487 940 3002 3538 4107 109 2140 4338 726 4136 322 4698 4404 280 87 971 3692 113 3180 3550 2590 1663 3810 4617 4426 802 3060 4220 2770 3004 1656 304 4432 4718 3282 4396 1234 4533 2102 1624 3621 98 4452 3290 3924 2935 4903 1988 764 1095 939 2860 3830 848 4208 860 1746 4418 3993 2905 2799 3792 3627 391 61 43 1643 1949 2424 788 813 4151 2522 3732 3380 2388 179 4943 4727 1540 3063 926 3282 4738 3849 810 2220 4224 3114 2074 4182 1096 3536 1998 4143 2649 637 1138 4140 699 3094 4999 1864 213 4158 3860 2856 1561 3045 2145 4089 760 4719 4579 2591 1064 2604 4310 1934 3332 3586 2166 2080 2629 4004 4478 1722 2601 4835 2247 2089 1741 4840 4477 1818 2517 3064
3715 944 4244 243 2686 669 3422 1498 3449 1549 2414 4105 3541 4066 112 2056 4430 2956 4019 2610 3650 567 3906 3402 3322 4941 2755 4509 4304 4910 3113 2656 1159 164 3851 4013 603 372 2343 4501 4879 1394 3515 2881 2331 1072 2456 4963 1508 1686 1844 1281 4110 1579 143 4237 3557 3620 4653 1817 3523 3380 4465 4919 4854 2769 1095 486 337 1133 2100 1098 3886 4151 1581 3676 2932 2023 295 2271 4129 4080 2952 2412 4091 2443 1437 4689 4508 3025 3466 775 4487 2700 2659 3797 483 3868 2327 3110 911 3046 862 3938 591 2172 1448 525 1169 4610 335 4473 138 3876 4409 1886 848 3798 3444 1973 3091 133 3378 4903 4650 578 473 1615 4292 478 4337 3886 4488 740 713 4151 1693 2974 2634 1249
4395 1541 4128 2951 4086 1222 4380 2929 4099 3400 629 424 4528 259 533 4607 4945 1902 226 3290 2037 841 2321 1371 282 2508 1433 1055 3983 1046 662 981 3516 3543 1180 2790 3047 219 3913 4895 2244 3237 4033 475 1209 3633 4885 2119 100 3698 211 4768 4275 2165 631 291 4909 4581 3530 2436 3112 3919 1232 4786 778 2964 4651 3564 2514 1330 466 3387 2218 2522 3676 4994 4668 4027 4012 4967 4449 81 251 4103 2730 412 3781 1104 1738 909 4202 4078 4043 4749 4345 2977 269 4585 4668 665 475 538 708 3996 1319 4928 3033 3561 4292 744 3635 957 1466 3786 3325 264 2409 866 3000 3626 4489 2600 2832 4066 4088 266 4866 4290 4534 4186 773 1716 2731 3788 2481 4571 274 2705 3927 829
2173 2813 1541 1542 4521 1918 2694 2972 1924 1109 4601 632 492 4225 171 3224 2024 4301 2119 4324 2752 3228 4609 3815 1041 3857 2001 4401 3464 2415 94 2536 1057 3360 3757 3991 2454 4333 1130 4369 1912 1119 1444 1942 3583 4813 2802 3123 2435 4576 2862 4275 4360 3444 112 486 3399 4534 4879 4828 418 2796 3430 370 3484 666 1698 4775 1541 3972 4305 864 4130 3732 2932 4668 1644 1507 3555 266 3867 1723 4938 2838 2760 1029 3825 4043 2358 1677 1704 3694 4392 2200 2869 1011 1282 2320 2943 4361 2162 4738 791 4355 1998 2476 3217 4051 4845 1064 990 1651 818 1994 3330 2061 4767 186 2629 1523 3080 199 1947 3001 3951 1209 4912 2519 2051 3458 1205 3522 1127 1512 4346 1681 1752 1907 1810 2775
824 4817 2654 3191 1312 3050 2346 862 863 1708 1379 1550 1497 2679 741 4808 908 3559 534 2164 4472 3854 2367 3803 694 419 1596 969 4213 2696 3705 2779 4923 3025 993 1570 341 1194 3817 1342 956 2516 3104 4655 1639 2495 4083 102 4070 3502 2313 1880 1026 4017 660 2295 3422 3038 2083 4714 2817 587 3252 3693 1443 4445 3577 3273 955 2226 2623 2017 2860 3380 2023 4027 1507 256 1027 3640 2510 4992 3173 1356 1281 4317 1174 3720 359 2316 1749 1803 623 1469 3846 4825 628 3511 3946 1040 3545 601 3232 4968 935 900 1846 3188 370 2559 1149 314 3143 3796 2194 301 2789 4433 3200 3885 1953 1838 4813 4089 2900 4304 387 622 2142 1107 3179 2810 4124 4112 3869 4944 3649 3775 4194 4146
1157 4057 975 4988 3767 1325 335 1383 2257 4569 1325 4792 3222 706 2527 2583 2657 4694 566 4161 956 3458 4051 4481 1790 992 4549 2546 2113 4942 3079 3432 3527 2356 762 899 2198 908 1853 3309 223 2534 3038 2578 2531 2288 4978 3190 3634 1488 2172 4777 1616 1898 43 353 2500 4766 55 273 3498 394 4761 985 117 2616 4748 4722 3246 4307 2678 4074 542 2388 295 4012 3555 1027 1615 4210 2174 280 2468 482 3223 1977 1768 1444 872 3153 29 2833 2488 1549 356 1472 3021 1337 4497 3659 1714 1858 2346 1172 2910 664 3219 206 3704 3962 2759 1922 4986 1102 4927 1137 2788 3500 4680 577 2515 624 1297 4546 3900 2453 3421 1720 3294 3535 1312 243 1079 1032 2733 2990 637 4612 3896 1345
3339 586 95 4837 3625 4856 4442 2987 4354 3366 1033 3022 735 4079 4461 3603 1607 3791 3572 1486 4847 2195 1817 4328 1804 168 3798 3190 2302 1603 498 1207 4848 2660 3642 4019 3383 2916 772 533 3060 4997 95 4868 2599 917 4292 2065 3861 746 2372 3968 2378 1936 2241 1991 2037 46 4846 2824 1538 940 2688 1092 2741 3161 2583 31 973 3353 3259 827 3464 179 2271 4967 266 3640 4210 3225 1002 4571 4506 1896 4646 639 344 85 2866 333 2050 1574 1260 554 3337 3125 3471 3100 1014 514 783 3452 4611 4746 1897 4897 2266 3396 4058 1111 3964 4844 3784 1882 2797 897 2707 4406 37 4292 2037 2579 4002 3642 2761 1508 2998 2731 3229 3655 3262 1200 1003 2474 164 4154 3529 3500 2827 4502
1750 2441 1236 4156 938 3774 1222 4042 4449 2112 82 2815 2984 689 2503 545 1797 4162 3094 846 213 1652 4810 2815 2585 2566 866 4175 4515 423 2971 3456 4081 4911 280 1893 2588 1760 3912 4551 4430 2925 3045 4853 472 1261 4294 2141 1672 4439 4597 4009 2882 3102 1232 3751 2435 4552 2024 1960 4519 2908 3155 4981 3416 4517 3184 4025 1321 2015 3369 858 3515 4943 4129 4449 3867 2510 2174 1002 1612 2409 1439 3265 2048 4696 452 4692 1489 1095 649 588 3004 2865 2676 285 3009 816 1088 1194 4823 3918 1498 1884 4338 3800 52 3988 2609 325 2935 1557 3681 644 828 634 3666 643 1491 2548 3421 2553 2373 2838 3529 1505 3806 4246 4857 2489 4900 321 39 2209 1544 4401 2291 4007 972 1872
2432 1470 3734 1397 3659 1870 4655 2064 3464 738 45 4490 828 3148 578 833 2542 1716 3681 231 3660 1088 2055 734 3024 4292 272 4374 984 3723 2185 3533 4987 4982 854 660 4968 3184 3691 448 168 1900 3456 1263 589 902 152 4660 4187 552 3807 1880 3451 1416 505 4014 2705 1183 3149 843 4400 1722 4299 2451 2133 518 4037 2768 2134 531 2075 3128 4885 4727 4080 81 1723 4992 280 4571 2409 1033 4781 536 2247 1771 517 3098 2852 1273 1386 2728 3830 4565 4203 4690 4746 1528 3487 2404 1206 1128 3607 3410 643 3323 1877 1833 3245 2450 776 719 899 4265 3257 4544 3759 652 1173 2084 4280 3078 4172 195 2050 1546 1296 3232 1409 1107 2296 2223 4584 3449 1412 4190 1063 3682 4047 2413
1544 2097 3805 4504 2657 52 3152 2952 3131 2748 2295 4715 942 2170 4523 4634 3234 1008 1840 2465 3688 394 4436 3648 4711 1419 3991 591 1031 1864 1073 4291 4578 368 4726 2113 3948 4913 1635 507 4057 2695 2180 4194 4609 412 4019 3268 4762 4698 4668 1302 4570 1868 1325 3749 103 136 1141 75 4166 2036 758 3293 4876 3112 1518 2995 611 2671 1945 3823 3142 1540 2952 251 4938 3173 2468 4506 1439 4781 4711 3195 4369 692 2076 4961 1023 3881 1150 2140 2454 1827 4395 867 4168 3396 1178 2629 2465 730 578 1036 1673 1414 1443 4166 3669 3680 4734 4153 338 2466 3636 4045 4208 3740 4679 540 2942 4990 4043 236 3252 2675 807 177 3326 3284 2299 4107 328 4212 4538 3280 840 164 2644 2874
2606 897 4918 3861 1446 2154 127 1008 388 4580 1632 3711 679 3736 66 4049 276 2720 838 4132 4425 2384 74 2753 3925 310 3805 844 1721 894 1282 3867 32 2368 2474 4989 998 3090 1575 4664 950 693 1725 3342 797 657 4126 4588 4519 2527 3757 1546 2467 1658 4123 743 62 1907 2680 4803 3972 1909 2619 4580 1077 3575 1460 4409 3491 1591 1392 3566 1185 3063 2412 4103 2838 1356 482 1896 3265 536 3195 1754 3457 3273 194 2499 2902 1045 3414 651 2954 4952 483 2806 2604 4302 2966 4748 3783 1297 1854 2327 3314 4290 1473 1751 3894 3795 616 92 191 556 1779 1680 1826 823 3264 792 170 224 2429 4134 434 1039 4505 2829 3519 3342 734 3766 628 1666 2568 411 2859 2468 3761 243
470 3583 3428 1486 456 1404 1299 4584 706 818 2482 4110 3025 4709 1626 2202 1439 2624 4087 4992 325 4731 3211 2148 1141 1865 4139 1933 708 4194 2878 2006 3830 1352 466 474 2884 710 4125 2441 4038 2003 4301 1896 3109 3834 523 1397 1894 4985 148 2048 1046 1942 1559 1233 1905 1641 3083 1745 1002 4920 2445 2635 73 589 3333 1059 4997 4804 3834 1576 1562 926 4091 2730 2760 1281 3223 4646 2048 2247 4369 3457 3379 1115 4619 388 2275 1633 4659 380 3526 3378 1281 1283 1481 2187 3775 4931 1302 994 1892 873 4358 2866 2109 2729 1224 2556 3936 936 3572 1824 1114 2969 4900 735 4882 4305 2359 4835 2897 101 4447 4193 1560 4271 2389 2499 518 1408 1582 2689 2370 3409 2580 3533 37 4240
2974 4358 2458 1027 1911 1853 2571 4342 3444 3584 4869 3628 219 1817 3336 3869 1119 1952 264 4777 2732 4149 1617 1961 3980 2635 67 4233 4409 4426 3048 1373 2328 720 3992 4196 4222 1037 2938 3533 2288 2044 2216 1603 2310 1017 1827 2904 2974 4169 3997 271 3940 248 4160 3679 4284 524 4917 2859 391 2822 1571 366 2550 2250 2175 1193 800 2398 4565 3575 2149 3282 2443 412 1029 4317 1977 639 4696 1771 692 3273 1115 3829 2380 2579 386 3101 265 204 4197 2665 2256 1747 2023 426 3365 4092 905 4090 379 2098 1268 4598 1821 1825 1133 3862 759 4082 1751 3458 2346 2139 2846 1166 255 3023 4714 3660 348 3201 3017 2271 1715 1931 2867 692 4753 4440 2856 3137 2380 3473 4538 1557 3050 3580
910 3769 762 2195 2600 4970 468 2164 2679 2119 1007 1167 1404 4789 4207 4775 3286 4519 2418 233 3906 3386 1213 2869 4164 610 2676 1010 2574 4242 238 4725 2200 2755 3280 4064 2400 4567 742 1012 3716 3549 1521 1933 756 834 2857 376 3413 4203 3032 139 1033 1419 455 2077 4473 4470 2096 4346 1079 2883 4240 4996 3018 2203 1464 4424 4516 168 612 1000 3031 4738 1437 3781 3825 1174 1768 344 452 517 2076 194 4619 2380 1075 2745 645 4375 2849 2753 1398 2905 4705 2166 525 4860 4592 2427 3674 2862 4738 709 3220 4733 3381 3705 4565 1322 367 342 1094 3091 3675 3354 3087 4393 888 4404 158 4393 3291 3235 3870 2310 4464 2561 2920 2325 790 4553 1562 2769 2279 1778 2134 1452 4427 4195
1533 1933 3125 4330 4118 1225 1057 4373 3811 667 1027 3905 4164 809 1292 1839 2027 2719 1500 2980 681 1824 1281 2570 4078 2019 317 1154 4772 4238 1285 3553 4219 2367 4251 2240 2537 3286 2667 25 4193 536 2997 4487 234 4772 2830 4185 2535 1793 3368 4121 1399 4531 3317 3416 2051 1318 368 1895 2735 2717 4341 3628 2558 2691 1517 69 2877 1132 811 3507 4595 3849 4689 1104 4043 3720 1444 85 4692 3098 4961 2499 388 2579 2745 3380 4147 1807 831 3053 3259 2589 4362 2956 1159 477 2953 2807 306 2455 3947 4515 3295 4204 4588 1393 3291 1567 2350 4014 4204 3554 1020 737 2407 606 4660 3628 696 294 3134 4040 1913 540 3299 1109 1232 4112 854 4967 4149 3038 1614 3857 3866 1258 3607 678
2066 2164 1310 3648 3972 1960 1993 145 1740 411 3728 1379 920 4937 393 3466 128 1813 387 4793 3596 1376 2208 541 3977 3236 1896 1246 3219 3372 4529 2824 1441 3722 3518 2944 2088 570 2027 85 903 518 807 1115 298 3283 3313 135 1416 4694 2141 1923 3806 1777 806 4102 596 2318 2709 1199 1975 1254 1650 965 1354 2470 239 3275 14 2254 85 3824 4692 810 4508 1738 2358 359 872 2866 1489 2852 1023 2902 2275 386 645 4147 3602 1361 2366 209 3974 2362 4894 4404 1730 2049 4901 4570 2851 332 2330 4388 2811 2377 2672 609 4683 1116 2525 1966 1713 4939 2967 3806 1339 1358 4608 4224 4291 157 3244 1801 4836 3401 2528 2386 2538 1709 2951 420 1510 1850 2274 2192 3271 3673 4636 4083
512 1646 1732 3080 31 2150 1728 1988 4957 4172 810 4184 95 3011 1373 2498 487 4828 4266 2966 4797 524 2262 2140 3992 2831 514 2847 1529 4407 2699 1015 2883 1669 2125 1502 558 4411 1470 849 640 2024 3625 1474 2022 2749 1160 2560 146 3554 3719 1879 3889 3565 4895 2408 2499 1692 299 1900 460 23 4107 1525 2662 1785 2430 2661 495 284 4274 802 3021 2220 3025 909 1677 2316 3153 333 1095 1273 3881 1045 1633 3101 4375 1807 1361 4522 3735 3221 4839 2828 929 3416 2417 3387 336 482 3006 3354 3763 1405 2719 3568 109 1908 154 2054 489 3216 57 155 3436 4207 317 2621 111 1656 1440 4594 2958 1199 4741 1974 4275 4283 3764 1500 2534 600 801 3712 3783 256 3231 2996 1172 4948
1502 3024 689 3735 4786 133 1338 1309 4540 512 2698 1839 1645 3590 3580 977 2764 1914 3644 1373 2701 1611 1819 2594 411 532 4939 4511 732 4049 986 4025 4354 1180 1114 723 2316 3943 4226 495 2619 3286 4427 2111 4773 4423 3168 1776 1086 4654 3558 225 2503 1556 2571 1081 435 1804 4743 3489 651 4607 2832 1461 45 2915 548 154 2007 150 986 4705 3673 4224 3466 4202 1704 1749 29 2050 649 1386 1150 3414 4659 265 2849 831 2366 3735 4775 192 1471 1374 388 566 3843 4457 2571 4942 3069 42 4622 2272 4484 4969 3677 3133 1523 4263 929 191 3709 3058 2589 514 912 1223 1427 3582 4734 929 1099 4447 2633 1657 4798 526 223 4359 542 2912 1846 4207 1590 3923 3681 4548 887 1186
94 4786 4005 2455 53 1845 600 4397 612 3105 3017 1250 4435 2186 4415 349 1028 1639 1891 698 4546 601 1015 4933 2912 1287 319 1528 3776 3887 3391 4860 2994 4313 1607 3786 1477 4379 4004 3252 1964 1021 3064 3192 1337 2145 4394 315 4195 4862 1583 2867 4369 2096 2100 1194 1895 567 2742 1451 1282 46 3260 1601 4600 786 4663 1223 1505 984 3449 4497 2591 3114 775 4078 3694 1803 2833 1574 588 2728 2140 651 380 204 2753 3053 209 3221 192 2730 1040 2024 172 119 4300 991 4716 1130 2888 3623 4618 3026 273 1102 4080 2931 1642 2961 3641 2266 1653 1954 4476 3446 2112 221 4005 1088 918 4387 4471 4716 1102 2292 3594 2082 135 3967 3682 146 4897 120 2934 3910 3241 2443 4067 598
951 212 634 1980 3693 3803 4758 4485 571 1048 355 1895 4858 4821 1304 2385 1694 4902 4798 2256 1247 3362 4413 2254 2080 3769 3035 3698 1159 2728 3154 2169 290 1427 4901 3751 4375 2080 3425 1770 2061 1320 1612 1913 3251 2018 1232 2951 3314 3040 2033 3657 3084 384 4571 1349 704 2594 3963 2612 481 472 4831 666 4290 3544 2990 3587 1857 4877 12 3856 2705 2074 4487 4043 4392 623 2488 1260 3004 3830 2454 2954 3526 4197 1398 3259 3974 4839 1471 1040 4426 4605 4736 1557 1175 3293 4121 661 4480 4759 3198 713 4551 2056 4068 696 3918 4428 3311 1576 907 2459 3248 4009 966 1075 172 4267 2375 56 3910 2788 2896 3191 1581 2352 4504 2334 278 4347 3572 574 2141 3510 2216 3569 369 3743
2747 1019 2410 3822 1913 3123 4134 4796 2251 2159 462 1031 898 3020 836 531 4106 2610 2173 3531 2759 809 4211 3052 2514 382 2712 1652 1918 3444 1708 4809 4455 2898 4835 2158 1611 2092 1276 4753 2623 308 611 2009 3248 1575 4893 2182 3573 1290 2335 3240 205 159 3952 4879 584 1210 587 510 2014 76 2895 2568 1369 605 1295 1380 1078 2646 2998 934 2574 4182 2700 4749 2200 1469 1549 554 2865 4565 1827 4952 3378 2665 2905 2589 2362 2828 1374 2024 4605 1172 373 1714 1422 3796 1060 1395 860 3226 309 2980 696 3987 1298 2160 1566 3812 4536 3254 824 3598 3633 298 2055 2678 1302 144 1541 4809 3630 2879 2504 2715 3117 130 2396 1375 1149 1137 2844 2956 3354 3842 1200 3981 3262 2457
3162 400 1145 1803 2361 2126 699 3313 27 1566 4150 3884 4679 3639 494 3078 4616 2347 4384 2462 4384 2615 427 3395 526 2510 3941 2360 805 2768 1169 1001 2928 4203 836 1946 806 4403 3460 1571 3332 2912 3988 3652 1713 2042 2461 4235 3696 349 1247 3766 2701 1476 62 1700 58 699 1818 4272 3486 3968 472 3127 2171 3662 1755 2919 667 3879 1015 1490 902 1096 2659 4345 2869 3846 356 3337 2676 4203 4395 483 1281 2256 4705 4362 4894 929 388 172 4736 373 752 923 4560 954 2263 1948 3755 4725 935 572 558 927 1368 1355 116 4666 2327 2767 4778 3663 1440 2591 2223 3594 3866 2699 202 3199 3382 3689 1813 4152 3034 3299 80 2707 1481 2619 1162 3607 4072 3152 1384 1090 4009 270
690 783 2453 4587 827 3883 723 2707 1971 1937 3412 4179 1786 870 2749 2391 4357 1722 342 2683 1613 3346 375 584 1449 1430 2581 2011 439 699 2689 1748 4928 1886 4472 4064 349 4388 815 4668 204 299 4168 3905 377 2764 4220 4384 4758 4406 3378 999 1132 1285 1736 2835 4219 3697 3242 3420 1156 3835 4185 973 1446 303 4509 1944 4830 3608 1108 3735 3439 3536 3797 2977 1011 4825 1472 3125 285 4690 867 2806 1283 1747 2166 2956 4404 3416 566 119 1557 1714 923 4356 2040 4881 1487 4544 3696 4244 2889 3576 80 1298 4999 221 1631 844 3049 3957 1646 1044 583 3281 1764 924 4256 2865 671 879 3605 3571 74 3054 4211 4497 4801 1632 2901 2751 1313 554 1738 2211 3010 621 4984 2936
1725 1058 1692 1273 73 4791 3400 4512 2853 3120 3715 4521 1450 3797 2677 3490 3307 576 850 3762 365 2294 284 3722 2136 1948 1341 991 2779 4878 4135 2142 1567 1714 234 2008 1803 1867 1145 3795 2910 153 3001 4874 4359 3901 4043 2737 3861 924 115 167 1078 1516 1216 3477 1767 1175 46 2701 1396 1609 2316 4021 511 2941 2864 43 435 4864 394 4854 3226 1998 483 269 1282 628 3021 3471 3009 4746 4168 2604 1481 2023 525 1159 1730 2417 3843 4300 1175 1422 4560 2040 4849 2768 2655 504 3484 4657 2151 4114 1935 736 4720 2781 3381 4255 4322 1447 144 648 4276 1100 2674 2557 4168 4198 1644 4502 552 4939 2710 968 3125 2792 1073 191 2783 1514 2644 4918 480 1812 910 865 2678 387
1899 2504 2581 2718 3754 2572 2286 2814 3733 1728 3433 1811 182 4710 994 1386 710 4439 4593 4618 2992 2786 414 3033 2338 3236 2688 1748 4555 3714 1343 4863 3589 1538 4832 4704 2997 4553 3687 220 1797 4284 4230 3997 1823 3730 113 2861 1204 4877 4463 829 4692 293 3701 1585 1122 3224 626 2834 639 1931 333 734 3184 1540 2247 1991 1353 608 4786 1661 3497 4143 3868 4585 2320 3511 1337 3100 816 1528 3396 4302 2187 426 4860 477 2049 3387 4457 991 3293 3796 954 4881 2768 2312 363 2735 2561 2470 774 4019 235 2079 4065 3776 2269 1934 3554 193 4699 4042 3220 2016 558 4582 1124 3365 2953 781 2749 156 233 1746 2449 3727 4565 1993 2649 1787 4994 1954 898 3957 637 469 3857 1788
1271 16 4504 1265 3117 1934 3427 3588 1331 217 500 618 3661 2228 2555 1421 4816 1669 4794 4682 2469 1607 329 2291 2328 3837 1332 2481 1295 3696 3393 2337 4602 1101 2090 246 4024 2491 2964 354 4564 14 1645 1760 4282 3120 443 369 24 3230 4097 208 1503 2245 368 1471 4181 1915 539 3171 460 3482 1336 2746 4335 945 3556 1562 587 2073 3861 3077 4398 2649 2327 4668 2943 3946 4497 1014 1088 3487 1178 2966 3775 3365 4592 2953 4901 336 2571 4716 4121 1060 2263 1487 2655 363 887 2230 1435 3790 664 991 3784 4158 354 4194 3297 929 243 1555 928 3439 857 1888 566 1770 915 1511 4867 1304 2648 849 2996 3153 2965 1613 3723 2376 2771 4407 539 3583 770 3960 861 2918 2139 4512
3350 651 1379 2142 3196 2186 4057 1015 2778 1643 3089 1132 2921 2862 4092 1802 4354 2385 2640 3519 425 1568 2126 2781 1480 1223 3427 2152 2169 2305 4770 3399 4957 4850 1395 3616 859 4576 2682 3579 2677 2353 2111 4550 4858 1683 519 28 2180 2129 2820 2253 4027 1508 4758 4372 755 928 4231 4914 3746 1080 2892 3195 1644 2619 953 281 2383 3599 1730 1927 515 637 3110 665 4361 1040 3659 514 1194 2404 2629 4748 4931 4092 2427 2807 4570 482 4942 1130 661 1395 1948 4544 504 2735 2230 639 2246 1291 3321 4003 2748 267 1799 2513 3307 3849 4380 4880 1696 4708 2445 4949 1908 2385 4806 2811 1443 898 691 404 4319 1593 4616 756 1716 42 2844 3781 1302 4960 4622 3899 375 2268 1377 1435
4770 4367 1960 3845 4754 507 13 4291 2242 4299 2611 4815 3892 4034 4467 2743 1416 2121 3418 3996 1923 570 1401 1584 35 4440 3325 4420 696 1955 627 2955 4922 2390 4658 2489 1594 2028 350 660 2690 2342 2771 810 4330 1657 980 1136 847 3186 239 912 347 2661 4932 3874 2434 3956 397 2480 3615 3176 3188 56 993 609 1972 4761 616 2539 3841 2009 4362 1138 911 475 2162 3545 1714 783 4823 1206 2465 3783 1302 905 3674 306 2851 3006 3069 2888 4480 860 3755 3696 3484 2561 1435 2246 827 2850 4997 1018 4844 4211 867 4453 1118 2457 2448 1272 524 1629 2151 87 1822 288 952 1286 1255 1435 2749 4916 3039 4568 4869 4733 362 1380 1465 31 4994 2364 1485 3689 3903 2531 4251 1421
981 2649 2299 3289 2411 675 15 799 4895 3054 1587 4464 4489 4564 897 3690 1314 4122 4968 1450 4673 303 3378 3306 1266 69 4365 4406 1103 55 3903 451 2628 929 3224 149 4926 3421 2011 2677 94 448 4924 2405 1111 288 3052 4159 4654 4283 2466 1532 1542 731 1234 540 1733 4124 3238 4116 816 3254 2768 4539 1875 2725 262 3496 4697 1802 2425 2485 4857 4140 3046 538 4738 601 1858 3452 3918 1128 730 1297 994 4090 2862 2455 332 3354 42 3623 4759 3226 4725 4244 4657 2470 3790 1291 2850 3698 2806 4287 2545 4515 1310 4679 2026 4242 4558 4114 4998 2363 1521 4817 1542 3223 4189 1570 923 2886 3099 2069 4741 2443 706 4322 2576 1913 2045 4564 2895 4733 302 861 504 655 4466 3275
4563 3780 3678 2968 1443 1044 327 4660 2861 3039 2524 4488 4409 2018 4077 2542 2330 1697 4467 2530 2700 1903 2329 892 4778 4181 1402 4391 4581 2106 1770 1726 2762 2087 4433 3301 2511 1604 2419 1128 1762 1396 2489 2834 4219 3519 3441 4150 2930 4788 3717 2227 4454 4924 890 4774 3375 4589 4500 1253 611 3231 877 1779 3102 3040 3331 2415 4747 1916 240 1098 3255 699 862 708 791 3232 2346 4611 1498 3607 578 1854 1892 379 4738 3947 2330 3763 4622 4618 3198 309 935 2889 2151 774 664 3321 4997 2806 2190 908 3081 2468 3964 2360 1044 4220 4859 399 2644 4023 3961 1867 4542 2655 4463 309 2257 3459 4435 1901 3417 4390 3989 1571 3190 1710 510 2645 2095 899 4210 3950 3680 2346 3194 2248
4524 800 4672 668 3605 1012 3613 4294 4723 4136 4564 3011 3168 4428 1260 2389 4135 4184 2524 1976 2400 1154 4068 1077 4064 3889 3719 166 3115 3860 2611 2033 2893 60 2990 1902 17 249 915 4349 3737 1211 2913 3669 3245 3947 4636 3042 1805 1482 2365 3259 2406 2596 4708 3158 2340 4063 3899 4843 3611 2791 1665 4388 4870 176 4483 4035 2827 4721 3990 4869 1972 3094 3938 3996 4355 4968 1172 4746 1884 3410 1036 2327 873 2098 709 4515 4388 1405 2272 3026 713 2980 572 3576 4114 4019 991 4003 1018 4287 908 4686 2541 4759 1511 2177 3948 878 2187 1591 4507 4558 2979 4354 2929 4946 298 215 3117 3923 1082 452 666 2479 4824 3684 2750 1229 965 4611 3533 3462 4437 1151 447 1195 1522 3428
2373 4939 3325 4206 4294 1556 3211 4031 2812 1441 2422 2172 4171 2661 89 1719 4241 4138 4760 3833 2969 4774 979 697 1870 1276 2439 3842 3601 2983 3148 3823 2261 3087 4345 1206 2506 4558 1024 1601 2757 3770 1788 984 992 4362 781 4670 534 1252 70 2020 4044 2922 786 1621 544 2489 3070 1036 2519 3710 2762 639 4076 4103 3690 1007 2342 1470 882 2243 2718 4999 591 1319 1998 935 2910 1897 4338 643 1673 3314 4358 1268 3220 3295 2811 2719 4484 273 4551 696 558 80 1935 235 3784 2748 4844 2545 3081 2541 4050 4541 2273 1068 3503 3403 4257 1398 1869 3141 2803 73 613 4356 1597 4917 1589 3410 16 3361 4723 3287 2551 2578 4415 2313 4385 2900 2412 3974 4407 2378 2715 1119 2867 4453
1496 2328 1137 626 3096 727 551 4410 3924 1206 753 2161 1596 4885 109 4475 2709 3603 4364 533 3398 218 2150 2263 160 1871 4358 1587 3620 1281 362 2014 376 1589 2249 462 4319 278 4621 2911 4816 595 391 2560 1633 4584 2007 4914 1191 4244 2101 231 1075 3459 286 824 1389 4372 1849 4735 3927 827 3387 1228 4469 4419 4694 709 3820 2778 1212 3021 764 1864 2172 4928 2476 900 664 4897 3800 3323 1414 4290 2866 4598 4733 4204 2377 3568 4969 1102 2056 3987 927 1298 736 2079 4158 267 4211 4515 2468 4759 4541 1149 1071 4513 3984 1668 4615 1525 1367 4734 3036 1104 1291 2417 2851 2396 2672 2146 4538 122 2231 272 4003 1671 3780 2761 1194 4363 513 1999 4127 2681 929 1571 3273 1732
4867 3178 17 2462 3588 1091 4613 3621 2535 3809 2092 2690 4358 742 4492 2563 1223 4449 4413 3508 2538 3674 3856 2325 2796 126 263 2622 3289 352 1944 3889 2814 1066 1649 1618 4041 62 4870 3089 2659 4680 4107 2746 4905 103 4215 93 342 708 3704 3044 2613 3226 4016 2338 4029 3536 3644 261 645 2642 2228 4020 1446 4041 2511 3610 1328 2796 2255 817 4899 213 1448 3033 3217 1846 3219 2266 52 1877 1443 1473 2109 1821 3381 4588 2672 109 3677 4080 4068 1298 1368 4999 4720 4065 354 1799 867 1310 3964 1511 2273 1071 4656 3149 1338 229 2597 2664 1877 1273 523 1358 976 3543 1863 1205 4829 4194 454 2879 3898 4373 4182 3859 755 3778 3269 1422 4212 3471 1325 2366 2518 168 4934 2656
3301 2130 619 3580 309 4490 1171 2447 4398 3956 1636 126 4420 831 3267 4000 1708 972 3142 1959 12 2376 1958 2743 1926 3539 226 618 2281 3284 391 1226 4579 322 2730 2045 4569 3246 4893 1718 4492 3106 2557 3030 876 3578 1818 457 1848 1472 4616 4184 64 285 2498 3472 3842 3088 3241 3139 1603 1041 1741 3966 1552 2066 3143 607 3038 75 3449 1573 388 4158 525 3561 4051 3188 206 3396 3988 1833 4166 1751 2729 1825 3705 1393 609 1908 3133 2931 696 2160 1355 221 2781 3776 4194 2513 4453 4679 2360 2177 1068 4513 3149 2446 3815 36 3244 732 3105 3398 4688 2876 2393 2591 3453 1933 2592 3750 1400 3951 127 3553 91 175 3590 714 1304 4136 2233 3197 2909 1320 1599 887 2143 1838
2071 1955 3470 3592 1862 4089 3184 3862 1419 895 1790 4783 3727 4783 3543 1902 2699 3346 1259 2475 4491 929 4571 833 422 4631 1602 4786 4712 4143 2934 2322 2012 2671 2945 1323 3210 498 2830 184 3805 2291 4262 3450 2783 131 1159 2872 872 586 3679 120 4139 1120 4263 4572 3691 4146 4281 2778 3220 3845 482 1539 3786 49 3682 1406 3705 1011 3196 787 652 3860 1169 4292 4845 370 3704 4058 2609 3245 3669 3894 1224 1133 4565 3291 4683 154 1523 1642 3918 1566 116 1631 3381 2269 3297 3307 1118 2026 1044 3948 3503 3984 1338 3815 1615 2532 2917 3166 4985 4260 443 682 3691 2955 1068 3000 3449 2169 4515 3265 3237 3756 2274 1549 4180 2481 2546 4454 2797 596 38 3565 2764 2884 175 749
1922 3675 1497 3523 3568 2480 4363 1748 30 1858 4708 3124 1931 516 4889 1083 4758 770 957 1354 1099 1150 134 3408 29 4550 164 2857 1983 4349 2997 3330 2054 1092 4286 94 3672 1855 1100 1290 4627 2226 2469 2448 1262 4071 1204 2566 1521 2928 3142 3665 2362 58 1985 3706 2761 3484 2472 4820 4328 4656 2926 2719 2402 703 1632 549 743 4082 3711 4372 3292 2856 4610 744 1064 2559 3962 1111 325 2450 3680 3795 2556 3862 1322 1567 1116 2054 4263 2961 4428 3812 4666 844 4255 1934 929 3849 2457 4242 4220 878 3403 1668 229 36 2532 521 932 15 4782 974 1452 2942 1431 4036 4975 3885 3225 51 4923 975 2586 4781 4452 4342 4944 1720 3251 2242 1947 1047 265 782 4688 4605 3356 3587
492 1473 3352 958 4160 1600 979 3896 1103 3159 2492 3316 2019 3979 4836 1152 1490 3724 3118 4100 1765 2636 1092 3247 3480 1225 4348 3707 2849 58 2588 1912 1810 3115 28 1438 3525 2355 3132 4098 3420 4933 76 75 2377 3594 166 3977 2268 3705 4071 2635 3896 1718 2835 780 393 4412 4691 1396 1449 2882 1248 2544 4688 2259 4367 2718 872 2917 260 2856 1956 1561 335 3635 990 1149 2759 3964 2935 776 4734 616 3936 759 367 2350 2525 489 929 3641 3311 4536 2327 3049 4322 3554 243 4380 2448 4558 4859 2187 4257 4615 2597 3244 2917 932 4754 2907 4325 4441 1080 650 2760 71 4686 1392 994 764 4066 2040 3500 2615 3557 322 434 2490 1402 945 4513 4710 3151 596 1642 4820 4326 3942
3168 3509 3315 1121 2013 2810 2117 2171 91 3779 1318 3057 550 1123 4579 3233 4959 2126 2235 3063 3541 333 1550 1212 4002 3884 79 3187 4749 2228 3017 625 4170 1915 3742 3957 159 4351 662 1553 1489 3512 321 2262 573 4955 1143 4853 3537 1894 4460 2159 374 2263 841 2169 817 662 3390 220 3437 2747 399 1596 4099 3658 3783 1544 4910 2106 3648 4522 3680 3045 4473 957 1651 314 1922 4844 1557 719 4153 92 936 4082 342 4014 1966 3216 191 2266 1576 3254 2767 3957 1447 193 1555 4880 1272 4114 399 1591 1398 1525 2664 732 3166 15 2907 4528 2369 3553 1464 4677 4014 2007 2709 4123 4032 1798 1040 3119 1820 3077 2704 4296 2266 1177 4705 2625 1506 219 165 1534 4952 2670 1405 1210
3667 1593 3437 4901 2744 1259 3503 2856 3167 4166 3637 2936 1056 670 4454 1062 2520 4866 3065 72 4728 1416 365 1603 2693 1696 4592 779 1706 2222 211 4962 753 934 2004 2826 4771 908 2367 2255 2833 2898 61 2561 4369 4144 1751 2980 1813 1404 789 2294 4476 377 3967 1649 940 4086 168 4139 2046 3961 753 2466 1136 1901 4099 238 1105 1639 4710 855 2883 2145 138 1466 818 3143 4986 3784 3681 899 338 191 3572 1751 1094 4204 1713 57 3709 1653 907 824 4778 1646 144 4699 928 1696 524 4998 2644 4507 1869 1367 1877 3105 4985 4782 4325 2369 2276 4936 312 4253 2160 2141 4351 2265 3003 901 4379 1603 3609 2888 10 1613 3136 841 920 4843 4005 2440 4963 3830 2138 3132 3020 4049
273 467 4655 2023 1067 2501 2825 119 1032 2869 2095 2121 1068 1573 1427 3498 1965 2557 226 4423 3585 2129 2029 667 3440 4154 1048 1091 1415 506 3788 4687 872 3736 3064 1921 1708 1603 4096 4298 2808 1409 2295 918 4347 168 310 3310 3451 143 2452 2306 4636 2671 3404 728 4672 2508 4772 1602 154 4388 3785 1043 2509 3024 2650 3286 1800 4379 3859 3293 2807 4089 3876 3786 1994 3796 1102 1882 644 4265 2466 556 1824 3458 3091 3554 4939 155 3058 1954 2459 3598 3663 1044 648 4042 3439 4708 1629 2363 4023 4558 3141 4734 1273 3398 4260 974 4441 3553 4936 1327 55 1343 1485 4282 1080 2064 548 1705 4865 3370 4358 3397 1006 989 4875 3570 443 2317 3000 1468 3516 3726 1348 3036 3254 3647
4270 1679 4217 4269 711 1562 3641 801 1510 1484 1556 1389 4442 3403 3186 4416 1875 2167 3963 2508 3841 1343 1871 1178 4977 4993 435 2826 973 2266 4475 2846 1524 1703 3813 1440 549 916 3598 61 92 4183 290 1524 1201 4237 4473 2145 3795 4262 855 4788 729 4022 4948 1731 3555 2545 2438 1087 2367 2167 4845 3637 766 2381 939 1661 1142 2540 4089 2006 35 760 4409 3325 3330 2194 4927 2797 828 3257 3636 1779 1114 2346 3675 1020 2967 3436 2589 4476 3248 3633 1440 583 4276 3220 857 2445 2151 1521 3961 2979 2803 3036 523 4688 443 1452 1080 1464 312 55 4673 1648 3925 1975 1241 2882 3850 1222 4576 4748 4172 4781 1982 3642 3278 4387 3831 4759 3175 4591 3851 885 2546 797 3802 2866
1333 1332 3945 2436 1987 134 4482 201 4466 2229 4660 2888 2668 2896 2379 520 1775 4340 2222 1308 4203 3842 251 616 1686 4332 2880 1184 3847 1117 1965 2501 404 4105 1816 1753 512 3220 3508 1803 2891 1159 697 586 3460 2718 1964 3306 3503 1000 4352 1165 4724 4200 3792 2950 720 1342 964 4229 1381 1650 2216 2158 1420 1120 1351 3848 4103 3745 2686 4321 891 4719 1886 264 2061 301 1137 897 634 4544 4045 1680 2969 2139 3354 737 3806 4207 514 3446 4009 298 2591 3281 1100 2016 1888 4949 87 4817 1867 4354 73 1104 1358 2876 682 2942 650 4677 4253 1343 1648 1131 4779 4034 2889 4132 2895 4050 1139 761 4615 4878 4129 2894 2531 2485 2840 908 174 1815 1269 4802 1074 990 1894 425
2761 417 4436 4061 265 3171 1215 545 384 4600 4366 3397 478 4432 1170 3535 3525 3768 2753 1599 3161 713 3957 4881 3924 4782 484 416 4742 1757 4688 282 4182 1259 2495 4589 118 16 207 3502 214 3119 3051 4619 4398 1470 4294 3247 115 2779 4894 3031 2355 887 1228 879 3878 4769 87 3942 1090 2775 168 1265 4113 4206 2210 1387 4346 2599 4198 2395 847 4579 848 2409 4767 2789 2788 2707 3666 3759 4208 1826 4900 2846 3087 2407 1339 317 912 2112 966 2055 2223 1764 2674 558 566 1908 1822 1542 4542 2929 613 1291 976 2393 3691 1431 2760 4014 2160 1485 3925 4779 636 3091 4562 3723 1476 2953 1184 3304 3206 1984 4252 4703 2921 3281 3982 2721 915 636 4626 4821 920 993 4697 3829
1942 380 1719 1479 3300 1220 1901 3798 4492 799 3914 1818 4782 1762 1806 2141 1086 3603 2842 1042 2997 48 371 3712 4901 654 3292 3565 3281 1700 4747 2733 1646 582 897 70 4826 1769 4368 3424 275 4599 607 694 3959 3495 726 1309 1004 1508 2627 3340 3245 1536 2620 938 963 4449 1503 3486 3027 2627 4949 851 1253 4054 2526 2662 456 582 1164 3083 1699 2591 3798 866 186 4433 3500 4406 643 652 3740 823 735 1166 4393 606 1358 2621 1223 221 1075 2678 3594 924 2557 4582 1770 2385 288 3223 2655 4946 4356 2417 3543 2591 2955 4036 71 2007 2141 4282 1975 4034 3091 4283 3857 4198 4525 498 3751 3389 857 2553 576 4361 1423 1747 3816 421 2052 892 3452 4237 3097 2174 2179 2160
534 3135 4896 912 1093 4330 2514 2354 4941 2898 3119 2217 2879 1598 4298 4502 4172 2933 4626 2852 4914 2013 2700 4775 4698 1404 4470 3161 2823 3899 3822 397 4586 4498 3889 4823 1441 1271 4674 2484 1174 2490 1937 1094 978 4062 968 139 797 2667 4365 4060 3394 88 1711 4394 100 4044 2841 1292 615 4845 3844 393 711 3965 3964 75 4927 2214 3148 3978 2860 1064 3444 3000 2629 3200 4680 37 1491 1173 4679 3264 4882 255 888 4660 4608 111 1427 4005 172 1302 3866 4256 4168 1124 915 4806 952 4189 4463 298 1597 2851 1863 3453 1068 4975 4686 2709 4351 1080 1241 2889 4562 3857 2093 2117 4934 339 2442 1826 4012 1128 594 3143 3171 4884 1810 1700 4458 2871 4517 4457 3848 522 1582 4681
3512 4129 1393 669 3202 3138 499 2844 963 3749 1985 2103 4915 1077 342 2732 1260 1841 4070 1904 1852 4005 2904 1979 3285 475 1782 4910 1145 223 1853 1562 2643 2876 2522 2034 4136 360 2231 4908 929 1901 4727 3303 1868 2190 3948 4282 725 3767 4740 2664 3760 1616 1402 1358 758 4574 1332 1044 1507 3861 4096 2147 3512 1699 2637 4781 1750 4894 600 4173 2731 2604 1973 3626 1523 3885 577 4292 2548 2084 540 792 4305 3023 4404 3628 4224 1656 3582 1088 4267 144 2699 2865 4198 3365 1511 2811 1286 1570 309 215 4917 2396 1205 1933 3000 3885 1392 4123 2265 2064 2882 4132 3723 4198 2117 1571 2905 3608 580 4951 2106 2703 3570 2738 4609 2724 4781 4553 2266 3186 3710 3312 1014 3586 1154 4027
507 1512 4965 3028 604 4676 3358 760 4513 190 358 868 3206 4589 2181 894 1408 452 1105 2564 1217 207 4708 1099 1669 4541 4592 760 3486 2212 418 2470 4359 3681 3197 680 3708 1068 2733 2734 51 614 1756 4897 405 1516 703 2337 4946 2275 745 4876 3806 4428 815 361 1556 1616 4108 4220 1284 1814 3340 2222 133 48 1304 933 3690 4851 3655 976 2864 4310 3091 4489 3080 1953 2515 2037 3421 4280 2942 170 2359 4714 158 696 4291 1440 4734 918 2375 1541 202 671 1644 2953 4867 1443 1255 923 2257 3117 1589 2672 4829 2592 3449 3225 994 4032 3003 548 3850 2895 1476 4525 4934 2905 2553 1664 4572 2632 1641 2481 4733 788 1614 1082 2801 2951 1244 3143 3746 4992 4823 2276 3310 2876
2298 2973 1105 3465 1055 3273 235 3892 559 4404 2620 3183 3974 3705 4369 333 1017 1142 2922 3402 4675 3145 2217 1300 2092 2143 4203 2738 3762 467 4361 926 4470 238 2177 989 360 2867 1688 3585 4397 2367 989 1004 2399 732 4889 2002 4721 2874 555 3035 702 2573 770 2505 3195 649 143 3486 4732 3092 1223 2246 2022 475 3108 1865 2503 4497 4050 1239 3925 1934 133 2600 199 1838 624 2579 2553 3078 4990 224 4835 3660 4393 294 157 4594 929 4387 56 4809 3199 879 4502 781 1304 898 1435 2886 3459 3923 3410 2146 4194 3750 2169 51 764 1798 901 1705 1222 4050 2953 498 339 3608 1664 1812 1270 1288 2010 2359 10 1821 4394 512 3937 4247 4377 1899 1216 434 3738 3278 4130 360
482 1981 3424 1161 4123 2653 1818 3059 4067 4254 1415 1220 3831 4366 1162 3653 4668 3598 713 4152 203 1608 1075 389 3464 3736 4964 1960 1507 4153 4541 2993 2095 4706 1557 173 3506 1131 1349 4431 3391 4256 4148 2258 4909 2344 1776 2047 4413 1744 2362 4981 509 4698 3301 2120 2071 245 960 113 3875 2218 4344 661 4946 1314 499 2546 943 650 1283 353 163 3332 3378 2832 1947 4813 1297 4002 2373 4172 4043 2429 2897 348 3291 3134 3244 2958 1099 4471 3910 3630 3382 3605 552 2749 2648 691 2749 3099 4435 1082 16 4538 454 1400 4515 4923 4066 1040 4379 4865 4576 1139 1184 3751 2442 580 4572 1270 799 254 2431 3931 3023 4377 1563 4858 1598 2125 3438 946 4317 4683 3290 2840 4970 714
2467 2600 2711 862 1051 2996 1255 4129 2402 4064 1188 3391 2031 1257 4956 522 411 576 3229 286 719 291 3910 2992 176 4885 1034 2300 4195 2155 2639 235 2042 578 4127 1786 1222 4015 2001 4053 3854 2063 470 4275 4116 4666 2882 2059 4875 4934 3917 2184 2367 2831 1320 1586 4354 4478 1950 2235 2903 2200 4793 4687 3912 1917 4337 3196 1471 2355 4668 3720 3237 3586 4903 4066 3001 4089 4546 3642 2838 195 236 4134 101 3201 3235 4040 1801 1199 4447 4716 2788 2879 3689 3571 4939 156 849 404 4916 2069 1901 452 3361 122 2879 3951 3265 975 2040 3119 1603 3370 4748 761 3304 3389 1826 4951 2632 1288 254 1958 2075 2255 4949 3677 3165 1311 4042 483 3143 2139 789 207 1736 1448 3868 1116
1432 555 2831 1180 2257 791 2592 4099 2498 2729 3534 2625 2560 2289 3851 3618 4690 2044 2054 3484 1558 1262 2870 3036 4671 2027 2035 3267 4812 669 2193 434 3812 2478 2080 1859 2552 579 4468 1624 3420 54 3667 1326 4809 3935 3361 1052 4525 4273 2112 3065 364 3905 2010 1851 416 3927 3770 2223 2080 1593 1716 1510 4663 1062 2838 3178 4425 4823 1568 1585 2638 2166 4650 4088 3951 2900 3900 2761 3529 2050 3252 434 4447 3017 3870 1913 4836 4741 2633 1102 2896 2504 1813 74 2710 233 2996 4319 3039 4741 3417 666 4723 2231 3898 127 3237 2586 3500 1820 3609 4358 4172 4615 3206 857 4012 2106 1641 2010 2431 2075 1302 514 4678 2045 650 2246 4292 2038 3972 1467 1125 4174 1074 3760 3548 21
1799 1415 3785 423 2597 3514 3395 4116 4326 2598 290 1767 2183 4382 3567 4238 626 2773 4727 4137 4482 1378 1749 1250 87 1714 1424 3346 2829 121 4615 4196 4374 116 4989 4310 3391 558 1983 1691 4265 1622 3196 3758 233 4173 2429 3290 2097 2834 4908 4263 4687 1192 2541 153 1946 1161 1790 2527 74 2270 3663 144 4436 2457 2329 3627 2664 3642 2284 3820 2355 2080 578 266 1209 4304 2453 1508 1505 1546 2675 1039 4193 2271 2310 540 3401 1974 1657 2292 3191 2715 4152 3054 968 1746 3153 1593 4568 2443 4390 2479 3287 272 4373 3553 3756 4781 2615 3077 2888 3397 4781 4878 1984 2553 1128 2703 2481 2359 3931 2255 514 4999 2885 890 3392 1862 55 2103 2269 3276 1072 1245 3522 1577 4454 2746
3932 2101 3033 1705 3105 2130 3728 674 265 2927 2378 3933 2101 1361 4532 2140 4123 630 4278 4090 3148 1217 3385 3631 1696 4215 647 4632 1725 4086 2954 2525 3043 2275 945 3346 1735 4157 1300 2282 653 2816 3186 3610 4291 2465 4367 1563 3273 330 3440 3279 3560 1761 2171 1502 2309 4208 1170 1083 1531 3030 71 4638 1975 3149 161 1800 2148 2285 188 46 1981 2629 473 4866 4912 387 3421 2998 3806 1296 807 4505 1560 1715 4464 3299 2528 4275 4798 3594 1581 3117 3034 4211 3125 2449 2965 4616 4869 706 3989 4824 2551 4003 4182 91 2274 4452 3557 2704 10 1006 1982 4129 4252 576 594 3570 4733 10 3023 4949 4678 2885 3683 465 1996 1153 4599 3764 3811 3218 1888 2855 428 2264 123 3864
290 3012 1586 871 1197 4745 4948 1137 368 3745 3628 1966 3657 701 4603 3059 4029 4701 3141 642 4395 3164 951 1272 2735 2693 3839 1572 2810 4287 384 3733 342 1907 4443 492 1730 2539 2112 4068 1993 4359 3298 4235 2386 2906 1418 3798 1575 3226 1766 1622 1622 4029 27 2841 1478 694 757 2127 3244 3461 934 2124 3788 2339 2659 1229 1191 4550 3778 1690 4312 4004 1615 4290 2519 622 1720 2731 4246 3232 177 2829 4271 1931 2561 1109 2386 4283 526 2082 2352 130 3299 4497 2792 3727 1613 756 4733 4322 1571 3684 2578 1671 3859 175 1549 4342 322 4296 1613 989 3642 2894 4703 4361 3143 2738 788 1821 4377 3677 2045 890 465 4835 2816 1709 371 3885 1359 289 4734 1967 4200 3321 2946 4873
4240 3174 1823 3378 1196 373 92 4282 2995 4443 929 3409 2005 2995 1352 4680 4667 2848 4181 1031 182 3980 126 3865 1806 4954 3842 891 1224 4696 2359 3963 3907 254 900 2901 3778 305 1140 3468 1461 2310 3791 1387 2700 1047 2935 4427 4156 3716 3971 64 2822 1540 1759 1693 845 4366 546 2185 2891 4428 3469 344 2130 848 759 4397 4642 315 4908 4598 4076 4478 4292 4534 2051 2142 3294 3229 4857 1409 3326 3519 2389 2867 2920 1232 2538 3764 223 135 4504 2396 80 4801 1073 4565 3723 1716 362 2576 3190 2750 4415 3780 755 3590 4180 4944 434 2266 3136 4875 3278 2531 2921 1423 3171 4609 1614 4394 1563 3165 650 3392 1996 2816 1543 1743 721 154 4204 4360 832 669 1080 1471 3429 245
648 690 4072 4492 2371 4907 4821 3741 856 3917 4665 4659 2192 2408 3961 3127 4428 3585 1029 3723 4530 4797 801 2804 89 3252 1863 1382 3938 661 3017 1845 4380 1715 381 4647 4668 937 136 2659 3178 1671 2582 2691 1883 2571 4463 1673 962 4202 4087 1732 1206 410 2831 1098 741 3965 3370 3729 3559 2857 4388 3875 830 3411 758 1146 139 988 4664 2106 4497 1722 478 4186 3458 1107 3535 3655 2489 1107 3284 3342 2499 692 2325 4112 1709 1500 4359 3967 2334 1375 2707 1632 191 1993 2376 42 1380 1913 1710 1229 2313 2761 3778 714 2481 1720 2490 1177 841 3570 4387 2485 3281 1747 4884 2724 1082 512 4858 1311 2246 1862 1153 1709 1743 3523 192 4783 323 3801 4377 2728 4328 4936 247 2063
1516 4723 106 3519 2410 3705 4681 2885 3025 784 3384 447 4546 1726 1198 2001 145 4216 3430 902 2747 3098 4348 3908 2491 4296 3059 3591 191 840 3354 3997 4282 2511 431 4428 3698 4068 4254 3803 1562 2005 1977 3139 113 4693 432 2698 135 4876 1807 4930 3217 2394 2659 4858 4482 3555 1212 250 975 2483 957 4705 1586 4006 1552 2058 3513 4590 2327 3151 3468 2601 4337 773 1205 3179 1312 3262 4900 2296 2299 734 518 4753 790 854 2951 2534 542 3682 278 1149 1481 2901 2783 2649 2771 2844 1465 2045 510 965 4385 1194 3269 1304 2546 3251 1402 4705 920 443 3831 2840 3982 3816 1810 4781 2801 3937 1598 4042 4292 55 4599 371 721 192 2167 4222 2192 3464 1193 4974 745 2874 4929 4391
2291 4872 1821 1129 1791 469 4470 1889 1140 2034 2849 2163 2294 3726 4910 3057 3972 2767 4747 2380 4237 2760 3113 2416 2800 2887 4154 1136 4411 1038 1498 745 4901 3076 3266 1110 1330 909 1283 741 1688 1470 1882 1260 4521 2686 4964 4594 4001 4159 3145 2662 3624 1728 1371 2451 3619 4431 4539 2965 973 1197 3865 499 631 2058 2099 2745 3367 345 4912 1957 1296 4835 3886 1716 3522 2810 243 1200 321 2223 4107 3766 1408 4440 4553 4967 420 600 2912 146 4347 1137 2619 2751 1514 1787 4407 3781 31 4564 2645 4611 2900 4363 1422 4136 4454 2242 945 2625 4843 2317 4759 908 2721 421 1700 4553 2951 4247 2125 483 2038 2103 3764 3885 154 4783 4222 4375 1929 2827 4882 889 4275 1548 1601 1210
4063 4809 2465 2366 3502 1841 2435 2386 161 4662 1177 72 4653 3800 4623 212 2881 1282 1846 3811 543 3815 4676 1473 52 3351 422 1226 4029 1832 4893 3048 2045 1176 536 1212 94 855 2178 4035 1611 2361 1410 1924 3735 4456 3742 2303 262 3979 3050 4624 3197 4908 4530 2303 2059 4553 4965 4685 2013 2759 528 598 2712 1748 3553 1987 3564 3825 4532 2170 4262 2247 4488 2731 1127 4124 1079 1003 39 4584 328 628 1582 2856 1562 4149 1510 801 1846 4897 3572 2844 1162 1313 2644 4994 539 1302 4994 2895 2095 3533 2412 513 4212 2233 2797 1947 4513 1506 4005 3000 3175 174 915 2052 4458 2266 1244 4377 3438 3143 3972 2269 3811 1359 4204 323 2192 1929 3816 3257 313 197 592 1350 3200 2875
1606 1513 576 462 735 854 1913 356 1465 4206 2833 4592 2688 1586 2480 3283 3880 3906 1619 3705 3551 1090 4614 2560 4449 3637 171 4115 3090 2088 1361 194 4198 575 473 679 4059 2975 1201 2137 2916 4724 3004 2228 799 4339 3069 1411 3839 2223 2535 3093 1410 390 597 4182 376 237 3744 229 1229 877 4338 2996 1848 27 2228 2368 2800 2928 1771 4956 2839 2089 740 3788 1512 4112 1032 2474 2209 3449 4212 1666 2689 3137 2769 3038 1850 3712 4207 120 574 2956 3607 554 4918 1954 3583 4960 2364 4733 899 3462 3974 1999 3471 3197 596 1047 4710 219 2440 1468 4591 1815 636 892 2871 3186 3143 1899 946 2139 1467 3276 3218 289 4360 3801 3464 2827 3257 3938 2678 3797 1809 3686 878 4397
2959 3854 4254 3904 829 38 1978 3899 659 4081 4552 1090 2080 339 1241 1591 1727 4424 1639 1373 587 4005 2086 1738 4343 1718 2559 734 414 3906 4127 359 2284 2247 1756 1428 67 1846 217 2208 3771 4844 972 1329 4360 1709 897 992 445 2531 3737 3821 3095 4651 3779 4853 4851 3894 438 1333 56 4239 1535 2152 4059 1253 1250 495 2660 4646 1052 3818 2484 1741 713 2481 4346 3869 2733 164 1544 1412 4538 2568 2370 2380 2279 1614 2274 3783 1590 2934 2141 3354 4072 1738 480 898 770 4622 1485 302 4210 4437 4407 4127 1325 2909 38 265 3151 165 4963 3516 3851 1269 4626 3452 4517 3710 3746 1216 4317 789 1125 1072 1888 4734 832 4377 1193 4882 313 2678 3008 4597 3721 2674 2824 2788
637 2819 1636 4537 319 1835 1056 2371 731 82 955 143 3638 4071 277 885 4263 36 430 816 2458 4109 1351 1675 1147 3910 1260 1025 710 1775 881 2138 1164 3256 442 3250 4479 3663 3080 1425 2842 1976 4865 341 3122 768 2110 1372 2757 3080 98 2688 690 2092 4251 2711 3116 2041 3227 2917 314 4171 3969 416 573 1660 2469 370 3369 559 4277 404 2403 4840 4151 4571 1681 4944 2990 4154 4401 4190 3280 411 3409 3473 1778 3857 2192 256 3923 3910 3510 3842 3152 2211 1812 3957 3960 3899 3689 861 3950 1151 2378 2681 2366 1320 3565 782 596 1534 3830 3726 885 4802 4821 4237 4457 3312 4992 434 4683 207 4174 1245 2855 1967 669 2728 4974 889 197 3797 4597 4175 1590 1212 489 3736
3013 2306 1478 3345 509 2822 4850 1416 1679 1581 810 1638 1312 526 435 1937 715 1674 2537 3191 3492 4728 73 473 4621 2983 1382 2516 2743 1595 1283 1947 594 4725 2098 4633 4140 646 900 754 4063 1649 2335 3841 2510 1931 3196 2500 2207 3368 2905 2018 2945 1594 75 1824 860 621 1953 802 225 567 3784 1492 3640 1867 610 164 4142 846 814 4215 1664 4477 1693 274 1752 3649 637 3529 2291 1063 840 2859 2580 4538 2134 3866 3271 3231 3681 3241 2216 1200 1384 3010 910 637 861 375 3903 504 3680 447 2715 929 2518 1599 2764 4688 1642 4952 2138 1348 2546 1074 920 3097 3848 1014 4823 3738 3290 1736 1074 3522 428 4200 1080 4328 745 4275 592 1809 3721 1590 4978 4957 3827 2529
2900 1776 1056 2371 2068 1808 4305 1267 225 3080 812 1112 1112 3336 788 4215 4636 1436 4433 1421 3870 2497 3954 2213 4788 496 353 3048 4095 4467 790 1312 711 2173 3430 2884 864 2602 4923 861 3382 1998 4948 1929 3725 959 593 3188 4230 1387 3092 1094 1445 423 2840 1239 2637 677 3586 2114 219 2832 37 2139 4687 2791 3049 4690 2817 2749 2575 277 928 1818 2974 2705 1907 3775 4612 3500 4007 3682 164 2468 3533 1557 1452 1258 3673 2996 4548 2443 3569 3981 1090 621 865 469 2918 2268 2531 655 2346 1195 1119 1571 168 887 2884 4605 4820 2670 3132 3036 797 990 993 2174 522 3586 2276 3278 2840 1448 3760 1577 2264 3321 1471 4936 2874 1548 1350 3686 2674 1212 4957 875 2621 3933
1204 535 4579 3432 3300 1655 1957 2251 2440 3676 3412 4356 4464 634 4602 135 3286 3576 2889 3665 2460 1935 1770 2610 1943 1198 3274 2782 2612 2814 2104 219 1148 569 969 1205 4149 364 3685 2107 1715 3722 1381 1474 174 135 2512 4717 1546 139 1457 2001 1862 4645 4307 1850 4827 1361 4115 1560 739 2193 2501 1139 1516 3144 297 1792 4213 1877 2045 296 373 2517 2634 3927 1810 4194 3896 2827 972 4047 2644 3761 37 3050 4427 3607 4636 1172 887 4067 369 3262 4009 4984 2678 3857 2139 1377 4251 4466 3194 1522 2867 3273 4934 2143 175 3356 4326 1405 3020 3254 3802 1894 4697 2179 1582 1154 3310 4130 4970 3868 3548 4454 123 2946 3429 247 4929 1601 3200 878 2824 489 3827 2621 3598 4492
2483 4043 2589 2314 719 3114 1564 1830 2304 2373 1811 1297 3167 2771 840 1038 2805 386 560 3834 3586 307 3707 4328 4113 2823 1076 653 3380 3032 2393 2248 4986 1937 2585 1152 4697 810 3948 3015 424 813 2970 3895 3171 2007 2964 119 538 3651 3006 2966 1238 2846 4222 2896 1532 1410 396 4944 2144 773 4752 2144 3335 1799 3940 2433 4205 2771 2154 2404 4794 3064 1249 829 2775 4146 1345 4502 1872 2413 2874 243 4240 3580 4195 678 4083 4948 1186 598 3743 2457 270 2936 387 1788 4512 1435 1421 3275 2248 3428 4453 1732 2656 1838 749 3587 3942 1210 4049 3647 2866 425 3829 2160 4681 4027 2876 360 714 1116 21 2746 3864 4873 245 2063 4391 1210 2875 4397 2788 3736 2529 3933 4492 1033
