N: 140
M: 20
Symmetric: true
Triangle: false
2 69 82
4 61 56 124 95
4 99 5 77 29
15 58 14 72 27 128 79 11 135 37 59 102 16 90 17 35
7 30 101 25 38 104 32 106
6 136 138 21 6 129 70
11 33 85 86 9 78 120 50 42 87 60 40
8 28 43 22 139 123 13 119 23
9 125 89 45 26 1 15 93 48 92
13 88 97 54 81 24 98 131 76 83 46 137 66 103
7 105 71 75 126 111 121 49
7 134 20 73 19 107 65 52
6 112 34 114 132 110 113
6 62 100 4 63 68 109
5 91 122 10 8 74
4 67 94 108 118
8 57 130 31 47 36 44 64 53
6 127 41 117 115 12 80
6 96 84 51 116 3 39
6 7 133 140 2 18 55
821 3820 3187 1929 2444 1981 1894 2180 994 4620 323 2066 1637 2047 527 3618 558 238 4698 3558 3232 3040 2452 3248 279 686 663 516 4954 1412 3244 2977 1928 893 1573 458 4620 190 1323 3087 2128 2055 3675 4776 1500 1343 3839 4468 1010 4164 1832 459 2971 418 110 3878 1190 3610 1061 4611 1570 873 1711 4069 4130 2608 16 3680 4289 3415 1783 144 979 273 2563 4953 4922 4512 919 580 3153 137 1120 4983 3711 2742 1473 1168 3486 4272 3905 3850 1980 1461 3896 3529 2261 1150 226 4632 2967 2409 2191 1953 2660 3346 1687 4626 2967 4016 4292 2908 258 2520 265 3144 4252 4656 1322 2456 2147 4287 2514 2609 1728 3386 3633 4537 573 4419 1290 3686 3426 3729 239 910 3771 3438 162 4147
3820 4684 2343 1946 4145 2708 2847 2205 2684 4542 3887 130 4549 1969 4135 1733 2119 3262 392 3837 295 210 2676 4572 3975 1894 4192 4314 458 1497 2236 4086 1231 3298 2368 150 3695 3817 1767 192 3970 1740 1039 1261 256 3971 3952 11 1841 957 1286 2456 1097 4504 736 3309 3562 2124 4356 3102 4352 273 1769 3845 1236 1057 4189 1620 1015 4063 338 97 3356 4841 4368 4572 1228 4089 4302 4691 3831 3403 2667 845 2825 2628 897 4346 4781 1370 1350 4281 4433 561 4002 2083 2797 525 721 3928 64 4523 2792 29 3791 1386 716 4792 4024 1523 3025 1735 3080 3566 2754 2215 173 4208 4804 3300 4555 3477 2601 260 987 2612 4226 1946 793 1314 3917 1382 3408 4062 2130 4031 2004 3696 1177 4708
3187 2343 950 4916 4773 4495 2853 3845 4343 94 4971 584 294 2485 3983 4519 3681 361 2583 1130 2965 41 4230 3864 1979 3690 1528 1481 79 656 2969 964 3447 1471 4340 1188 752 542 1357 2488 2064 3371 136 2242 2662 3887 3344 4869 406 1865 3610 76 3702 1514 4110 1037 2730 23 4753 2696 2083 4839 4076 1786 389 3829 1985 2432 4207 2585 2033 2902 4952 932 1301 2204 520 4047 1326 4951 537 3284 492 4539 4189 1554 119 633 2643 659 774 82 1973 2910 1231 3045 3719 2441 853 4013 4926 1567 549 4005 3289 2141 2664 1781 4169 3030 1896 833 1382 1501 3551 3324 1338 2504 4520 79 3518 2171 1894 2867 4534 3215 2495 3732 4038 3445 4786 346 41 2289 1769 1756 2746 1038 4636 631
1929 1946 4916 3494 2564 3114 287 1530 2089 3911 3563 3164 1996 3419 1283 3790 3811 3539 4350 3090 1943 1440 937 2744 356 403 3052 2044 3299 2813 984 1591 3326 3830 2057 546 4538 4740 3457 2125 1039 2887 1075 4291 629 3383 3760 1279 4527 2160 812 494 2487 3942 4233 4284 515 4774 371 815 4505 4042 3902 463 3586 3311 2697 3052 3073 4192 1514 4648 1374 3906 579 811 4876 2204 3401 4061 814 3540 4997 46 1407 540 4345 2162 2989 4183 3439 679 596 4615 1590 2149 3284 4805 3206 4787 3211 1614 50 600 1773 4600 4425 4381 882 739 3711 862 1492 3180 1527 600 1899 4066 4947 3786 846 3866 2656 2838 1437 3800 2685 1400 973 2399 3277 1323 1102 3295 491 1964 553 1494 4770 710
2444 4145 4773 2564 2355 4040 984 4506 1772 2902 3099 1302 2373 188 3476 1176 1963 3020 4626 4842 4213 2813 383 1499 1442 4448 1088 3658 3068 1069 1231 701 4668 2559 678 2346 2105 3381 41 4370 1966 4300 2689 3509 4718 980 1240 2013 125 224 1205 3868 847 1403 91 3848 1601 2751 3823 3203 1984 4243 2069 1568 1923 2030 1602 522 2192 4440 111 2965 1835 3769 3249 1848 1797 1988 3811 1313 926 3822 1317 630 817 4236 4567 4552 1101 2208 4285 1460 2815 2382 2433 2287 2025 2176 2786 3160 499 2630 4762 2139 2703 4160 1887 3188 2343 4098 1037 2114 2369 652 219 2352 2964 3511 3684 1604 1423 2230 2302 787 1141 3666 595 2832 4562 1761 3712 131 289 2923 2444 4674 2907 1547 2648 2219
1981 2708 4495 3114 4040 2511 3898 4797 1161 107 3452 3284 3978 161 356 4161 1941 2428 2194 4372 2713 395 2246 661 1615 4335 3773 2647 2205 3053 364 3410 2720 3753 1496 3246 1272 219 3631 4910 934 28 1307 3389 507 4241 2133 2225 2703 2943 1687 1117 3725 2384 540 4935 1884 2847 4162 4196 4979 4585 2034 4620 1343 179 1235 4209 2648 1305 860 3821 3176 273 4596 3679 70 4280 1494 4701 2253 3600 396 165 3551 3807 2928 1005 3814 4404 4514 2423 2214 978 1588 1660 4341 315 2076 4377 3613 1343 3093 681 3676 4285 3866 3206 3720 1163 2894 1664 4577 2060 4095 1470 3270 4355 4869 2754 2242 3042 2202 4554 489 796 294 4584 4603 4085 1394 440 2832 767 2305 2882 3236 4896 2509 3538
1894 2847 2853 287 984 3898 2517 2731 1152 2610 4993 1238 432 3541 2739 1867 3835 1910 4692 2874 2069 4293 3679 796 3223 2028 67 2254 2148 3872 451 3432 2462 426 3011 1561 263 4805 4572 1103 4182 4457 37 165 1894 432 1193 1138 1569 2529 4287 1465 2225 4777 4841 714 78 3546 4424 2398 617 3741 2410 1568 1877 3673 1922 4433 2772 2742 4074 2161 4006 2333 4007 4316 4739 1058 1441 3609 3970 3493 1147 1086 3586 1813 3797 3632 2387 4048 2422 1428 2961 951 1342 2289 466 2327 4237 3672 3231 2440 1212 3734 1288 2787 348 2506 3308 431 2970 4381 735 2958 1491 1934 3971 2150 1792 3122 3349 2597 3242 1354 2785 1481 122 2270 3115 2044 2286 4102 3518 57 1566 2180 3596 3102 1320 1865
2180 2205 3845 1530 4506 4797 2731 2587 1789 2778 2954 787 1178 3522 4098 3540 2031 3665 2007 4640 1323 4525 3521 1532 3591 3935 3840 4392 2505 4064 2338 2395 1977 4683 1323 4137 2928 1303 2097 4653 2771 2209 4960 4334 894 1008 4615 3341 874 4436 2190 4627 33 4624 2298 522 4385 640 3895 282 2425 2107 2586 1813 3612 4601 925 2581 2961 2869 40 1362 2342 3504 1366 3709 3934 579 4702 2375 1098 4002 3329 184 3452 885 330 1090 4839 404 501 2611 3100 4306 2562 4704 1363 3897 206 1725 3650 2917 1237 1997 1579 118 1718 2400 2322 2335 2944 931 4988 3653 122 647 1710 829 4279 3379 4653 3108 1977 2321 3675 4224 2904 4611 2812 2186 3054 4089 133 1078 2059 559 1400 1583 3005 483
994 2684 4343 2089 1772 1161 1152 1789 4657 4812 1692 1356 530 3073 4755 873 4038 4283 1899 1202 1729 1425 1082 1439 395 2635 4020 284 988 1423 671 1786 2994 3328 1481 3879 960 4442 2485 3131 552 162 1622 3971 2021 1605 1487 1013 2057 1261 707 2918 4138 3866 1568 125 3454 3735 592 225 3158 3518 1697 1322 3596 1958 382 2695 2703 3151 4062 1082 2987 2724 230 4491 2551 3751 906 2413 1769 2802 1835 511 347 693 809 1394 940 3219 3455 3539 2503 1161 4575 233 2136 2391 4332 3625 1770 1068 2481 4660 1290 3243 2097 1417 1470 1364 1868 2509 4836 3391 310 2579 4640 722 4146 4989 1002 89 3469 3350 3493 610 2341 4385 3546 1559 292 1414 964 2695 142 2675 2473 2861 4560 2903
4620 4542 94 3911 2902 107 2610 2778 4812 3768 2223 1263 1884 2311 4884 1736 230 4688 1465 878 693 1271 3408 3209 2743 83 2328 4847 593 1379 475 3020 4940 2217 3586 4191 32 3787 4125 4059 4626 2175 304 4206 4978 1891 1503 1782 4143 464 214 2101 30 570 3642 2187 2139 3607 2324 2781 2050 3636 4272 632 3714 315 4529 4104 3590 4443 1095 1281 4393 2667 4394 3661 2711 4211 4508 495 69 1310 4694 3358 1269 4853 4022 1333 3226 3720 3375 2873 4862 4471 930 335 724 2295 1774 1016 2883 505 1412 1978 2944 4307 3088 3805 2411 1689 4878 4398 3739 2921 1529 4851 3463 2962 905 1362 1663 3251 280 1678 1033 4616 81 1927 2452 1786 2596 4901 4805 3479 2220 4137 524 2288 2098 3691
323 3887 4971 3563 3099 3452 4993 2954 1692 2223 1944 1009 619 292 1673 4985 465 3237 2898 4766 24 3234 2039 1778 1102 138 1321 74 215 1848 2425 1436 2958 1437 4917 4558 3379 374 392 3606 1362 1031 4685 3296 3737 1144 76 3899 2824 2571 4044 538 545 3732 344 1544 1583 579 4245 2919 3227 3119 4176 2968 2084 2135 2023 2137 3082 4125 1291 1645 2438 3180 840 2220 4125 1760 3684 2431 4719 4843 3518 2299 2183 3469 1894 1515 3559 4455 255 2820 4462 2524 2487 3636 4424 2148 1648 3241 2003 2343 3970 3214 1271 3363 2459 599 1950 3736 4111 1946 567 3187 2749 182 1145 377 4041 482 2353 4924 1134 1402 4454 2826 3648 759 2145 2357 4690 4915 3386 4475 2533 424 3486 4492 2527 29
2066 130 584 3164 1302 3284 1238 787 1356 1263 1009 70 1416 3204 1236 4264 2237 664 2217 1552 755 2195 2595 586 1327 2180 4915 1784 3086 3846 278 543 3980 1708 4086 29 735 3577 3923 2703 2743 4232 977 2369 1377 2345 987 2219 3824 4599 3435 2442 3272 1957 1225 62 2452 650 4780 798 2657 4905 622 4903 2066 38 498 2577 3876 4598 542 630 3746 4464 3800 94 135 4332 4275 2099 478 4161 4050 4393 149 1667 2712 2420 2574 3766 152 3232 422 3745 3932 1718 4681 1465 452 3765 2944 2020 127 3611 1423 3639 390 578 1290 1947 3776 3054 3021 2662 3622 4767 2295 2115 4904 4139 4566 522 804 24 3920 427 366 2925 831 4599 820 4794 3849 1269 1019 139 2872 3647 4515 313
1637 4549 294 1996 2373 3978 432 1178 530 1884 619 1416 2936 2232 2793 578 2435 1335 2607 4406 545 3941 389 3303 3116 1469 3037 2023 1993 2285 4850 1332 2616 3278 2326 2772 4803 2040 2895 1234 2979 4999 3449 4641 4824 143 3260 2070 872 792 4092 4624 1890 4771 4597 3143 4358 1175 1322 4349 1907 1391 1742 1772 4925 379 36 1677 730 4814 3913 3867 1731 2215 455 4286 2607 873 137 4747 878 1506 821 4662 1612 2296 4077 10 1507 4024 1150 2685 4269 420 3281 4326 315 2775 4319 1805 1477 3053 252 1821 851 357 1579 4077 4139 2160 3873 4507 3878 2163 2422 2302 1472 4371 925 3235 4426 89 317 4882 3272 959 1767 1141 4464 4727 581 4207 339 804 4450 1816 2731 3953 2259 4670
2047 1969 2485 3419 188 161 3541 3522 3073 2311 292 3204 2232 2530 964 3845 3899 3021 3798 4785 274 1561 336 2395 4678 4116 3680 3299 2871 1237 4485 2324 2449 2680 4298 3357 3003 4611 1083 1099 615 4501 1925 1202 3850 2915 432 1302 1576 2315 4963 1389 186 619 2272 4722 870 4303 3479 66 2000 864 4719 4014 477 2217 2385 1213 1063 936 4053 1427 1808 4373 536 327 1268 3573 1512 3248 185 3606 1768 1288 3775 1125 1553 2783 84 4094 3364 374 2609 1921 430 3583 4974 2058 755 3654 3193 890 3076 399 2813 2319 1485 3383 1701 1429 869 2477 1323 4488 3186 1463 1854 214 648 3537 3057 1248 2689 3816 4599 1237 3325 624 572 1235 2640 4539 4219 3560 520 3036 2944 1510 1136 397
527 4135 3983 1283 3476 356 2739 4098 4755 4884 1673 1236 2793 964 4313 2821 4000 3133 3802 706 2623 4685 3000 1842 579 3873 3460 3016 3611 2847 392 776 860 3484 2667 1121 1767 3630 2956 164 3820 62 3297 708 443 4985 4485 4194 1405 3303 947 3422 3431 2012 2553 3079 4694 703 2640 3854 2683 3683 1755 413 1810 4799 1110 1726 1217 3611 4469 2545 1347 897 1953 4541 4666 4632 1936 2865 2079 1259 4975 2758 3153 2770 4065 999 3649 739 1362 3786 2957 4201 1873 3038 152 3040 1798 2189 4043 4030 2084 4532 1961 454 1622 3390 686 464 3898 4263 3561 4072 3505 2506 3498 3236 2665 4685 981 3809 2084 194 2248 1030 1330 1780 3869 3885 2846 1600 4742 3022 2405 1900 3548 1382 2769 1372
3618 1733 4519 3790 1176 4161 1867 3540 873 1736 4985 4264 578 3845 2821 204 275 107 3714 4736 4973 1466 3435 334 4557 410 3870 1068 1923 4544 2954 1937 399 2545 1982 2657 2403 719 4129 3889 194 1971 3889 3614 2272 3278 1630 2076 3301 4546 2831 1034 83 1814 2681 122 1849 4451 3730 1471 1149 314 1598 630 2185 3858 53 3293 2521 1556 3858 3456 4669 3712 3373 2829 345 2672 1210 4808 1955 2577 4951 2343 1587 2532 1069 4549 1600 716 2771 2974 3562 4891 3237 1725 2791 2883 4294 4297 2244 2239 3182 296 4691 4195 4730 1264 898 623 749 4902 3936 3799 3067 4743 3182 4643 1435 1709 4739 3279 4154 4076 3099 270 3027 4768 3684 1461 4903 2706 4676 4158 3605 1227 1733 3395 436 2271
558 2119 3681 3811 1963 1941 3835 2031 4038 230 465 2237 2435 3899 4000 275 3531 987 3367 3190 3318 1071 4755 1910 1004 220 3476 347 3622 127 471 447 4496 636 2079 4904 25 2751 4927 3279 3176 3785 4570 4480 1030 1514 1943 1911 637 1892 1641 4334 1528 1681 4552 3117 4996 4487 4874 2144 4934 4254 2688 1840 1886 909 703 1918 3149 3428 3527 2372 134 2681 381 1862 163 3313 1112 4174 2474 4864 1382 1385 1578 1003 4242 1138 1020 1155 4207 2921 4694 1350 4260 3151 314 869 2157 4256 4602 4773 1017 3357 3977 3891 4851 2491 1137 1891 4625 3449 626 1504 1614 1450 2134 2012 3039 2080 20 536 211 700 2416 4617 1089 4852 941 3114 3719 4437 3320 4608 463 58 4829 3288 400 3440
238 3262 361 3539 3020 2428 1910 3665 4283 4688 3237 664 1335 3021 3133 107 987 835 3773 2572 123 641 2307 1950 4133 2044 1950 3712 2649 2281 4078 1027 473 1796 1197 110 4575 3675 2657 3281 4045 4526 760 1628 1853 600 997 4398 866 698 2878 1423 282 4698 1712 1743 892 506 3892 685 1184 3988 4595 3978 3094 1777 391 1490 3090 1151 155 3496 1171 684 208 4730 3475 4006 1881 1309 1924 234 2834 3759 1051 3319 3310 3475 2764 4941 3037 1126 4792 871 2484 1263 787 885 4120 3379 3743 829 1997 3132 1468 4915 2282 2140 840 646 822 655 2047 3679 495 1584 4531 4606 2513 693 3204 3945 4646 2374 1557 3789 1505 85 1060 623 1191 4472 1925 4293 1229 1799 631 4900 4398 4911
4698 392 2583 4350 4626 2194 4692 2007 1899 1465 2898 2217 2607 3798 3802 3714 3367 3773 1419 875 3852 2866 3806 1690 4958 2616 1245 630 3725 754 2195 3134 4111 2573 598 3746 1343 307 3727 2166 1750 2343 4288 156 1684 3000 1624 3539 902 3492 1531 2739 687 235 147 3051 3534 3751 1511 2526 1414 459 4418 1019 2364 2457 2426 2196 3000 2057 1814 3119 3256 907 2999 446 1712 3386 3845 875 1851 3722 1840 3625 4940 3430 3299 206 827 2504 4677 1000 3731 3586 1974 3761 3672 439 1508 1464 279 1860 2493 3290 1697 3895 2606 4835 800 3539 3194 473 2705 1612 2078 4214 664 735 3615 4965 2342 2186 3522 966 3721 4838 2312 3564 1957 3278 794 3109 3221 2002 2478 646 463 2758 4834 1171
3558 3837 1130 3090 4842 4372 2874 4640 1202 878 4766 1552 4406 4785 706 4736 3190 2572 875 2569 2500 1997 4482 1399 4308 4390 291 1481 4492 3040 3158 3892 2731 1607 2011 197 4824 2801 74 4493 1504 2420 1614 3637 75 1203 2134 796 1901 2061 544 3873 2975 1557 3904 2872 221 2693 4102 383 4362 1001 549 935 1189 3979 1180 4259 3110 272 2011 2825 1949 1789 3135 4424 4672 4090 4340 2169 1051 1715 4703 48 2602 3775 3105 912 3714 1257 3888 4494 4891 3488 1366 4963 2248 338 3017 4413 1896 4835 2637 2087 818 2400 2974 4740 1264 4172 3488 1359 1037 4140 1669 540 4454 1841 1337 1581 3249 3004 249 4192 3751 733 741 3694 2909 3733 850 1510 3177 2075 4253 1686 4903 1625 57 4592
3232 295 2965 1943 4213 2713 2069 1323 1729 693 24 755 545 274 2623 4973 3318 123 3852 2500 127 865 2241 4131 1459 3719 2708 2969 3395 2730 2630 2385 1801 2098 4395 1824 4601 555 3106 3943 4775 3694 560 4244 949 1283 3978 4980 3188 1968 432 105 2788 387 28 2234 243 1776 4808 1415 3078 1178 419 4370 3544 3896 1690 1351 3183 4309 1218 4161 3375 96 2002 2858 3955 4465 628 3253 2507 1905 672 2952 1060 4146 782 3987 1185 4632 1588 846 554 3926 4573 3251 4237 4205 2916 4443 3353 1874 3198 3141 4246 3206 2859 1109 3362 3997 1688 3268 1410 2183 2763 4860 1520 1204 2752 3955 3339 17 2136 762 4051 1789 4829 2083 1039 770 975 3733 1508 4029 1213 264 405 2322 1204 815
3040 210 41 1440 2813 395 4293 4525 1425 1271 3234 2195 3941 1561 4685 1466 1071 641 2866 1997 865 2661 2960 4143 4142 4089 3831 3404 1004 659 4555 3547 923 4223 2322 4262 3072 2150 4922 884 1992 337 3941 2562 3198 3546 4523 3893 1309 1356 2010 3806 4102 3704 141 2887 3752 16 3003 1100 551 1072 1362 2883 2468 2894 912 1358 4142 360 4938 3879 1287 3371 2312 758 4205 2031 2027 2301 273 4821 1037 4280 4491 4829 1457 1178 3292 4063 3697 362 2042 4102 1193 161 1490 4685 1321 1800 2177 673 496 2270 2897 4473 258 4301 3797 1858 1195 28 4374 4042 1697 1560 3338 2918 1419 1890 319 868 3431 3518 3176 4061 1192 4135 3688 493 364 3380 673 3726 3124 2224 1058 4046 3482 1260
2452 2676 4230 937 383 2246 3679 3521 1082 3408 2039 2595 389 336 3000 3435 4755 2307 3806 4482 2241 2960 1619 41 2107 498 3037 3517 4869 2174 3646 3549 4398 1798 3300 3922 2264 745 810 1574 1977 983 2774 4091 3223 4561 4132 2462 2915 2397 4653 4281 4554 4877 2057 4813 724 3325 4386 3909 2892 523 2253 3818 1471 2901 4639 4656 3120 2493 1300 3479 117 4660 1374 1596 4489 1327 702 2276 3381 1425 2296 3649 1590 14 1728 1586 3340 413 1928 4800 1437 532 2692 3185 1731 4774 2955 2252 1747 3908 1212 1520 1556 3551 4564 4044 1121 3179 2212 2178 1002 1231 613 3174 2568 1102 2945 4199 4495 3585 3022 3331 3486 3742 1863 1515 918 496 3317 3924 4521 1613 2179 1301 4081 1385 4275 4492
3248 4572 3864 2744 1499 661 796 1532 1439 3209 1778 586 3303 2395 1842 334 1910 1950 1690 1399 4131 4143 41 4223 392 1700 3374 4236 4887 196 169 1560 3890 1786 4292 3006 3945 2490 1426 3573 2521 201 293 4874 151 2693 1207 629 2535 182 2881 4822 2941 1830 1565 3252 4097 4221 2195 1458 2627 756 1098 1036 2637 2392 2413 2430 938 4090 2467 1083 2129 2752 4905 3111 2354 684 3633 819 3832 218 4416 1818 2548 2822 2874 3639 4399 4375 2301 3847 1715 2535 4832 3983 4554 1514 461 1852 4041 3266 2383 3459 3858 626 4943 3363 1881 3936 2037 1687 4790 3918 3558 3819 1513 3268 1592 4716 1003 55 271 3559 708 4376 1734 646 1375 1661 3224 3128 3802 467 2305 3103 4153 2048 780 3727
279 3975 1979 356 1442 1615 3223 3591 395 2743 1102 1327 3116 4678 579 4557 1004 4133 4958 4308 1459 4142 2107 392 2511 1859 3292 3099 1247 2371 957 632 2110 2146 357 1732 4664 4922 3346 567 2275 1282 631 2113 3590 1181 1744 4803 2007 540 902 391 4719 4603 3049 44 2192 4600 969 4436 4020 3408 2558 2864 1414 2736 3410 2099 4493 1109 528 962 1562 2300 2735 253 4087 4448 2783 4790 2152 4305 1647 237 653 1153 826 907 4744 4706 3661 947 3826 1934 2968 3596 3227 3358 182 446 4226 1838 2085 1458 1159 1899 3559 76 1776 991 4917 3820 1933 3575 662 2238 1938 702 243 4457 3640 1668 2179 2391 1751 435 1309 16 3144 293 1777 427 1131 1713 841 548 3584 182 3070 4041
686 1894 3690 403 4448 4335 2028 3935 2635 83 138 2180 1469 4116 3873 410 220 2044 2616 4390 3719 4089 498 1700 1859 3433 2583 157 3815 80 3986 1275 4472 2385 4892 1714 4427 4756 3155 1053 4101 210 1232 1944 4226 4169 3392 34 427 171 3530 3372 162 1797 3869 316 2520 710 3058 1490 932 2741 1127 1078 914 4505 4490 4003 809 316 988 1081 3337 1941 2014 146 2931 2026 1671 3949 3820 1375 3490 3324 2402 1827 4978 3369 469 2488 2685 3418 1386 2916 2995 3215 3100 1905 4941 3328 3185 4514 1235 3827 4954 4190 2437 4384 3358 1921 3729 1778 4150 4862 1781 4262 2949 3217 3510 3142 80 4932 1095 4890 3670 3297 4713 4679 3867 3512 3146 1085 1213 3926 3432 3933 1255 2305 3985 2592
663 4192 1528 3052 1088 3773 67 3840 4020 2328 1321 4915 3037 3680 3460 3870 3476 1950 1245 291 2708 3831 3037 3374 3292 2583 3476 3814 1392 2284 1583 91 269 1244 1147 3502 2493 2156 2727 1372 2552 2961 3333 4986 199 866 3746 3647 744 819 1419 39 993 4069 1223 3765 4690 2579 4019 4138 4533 4177 3548 4756 2177 4043 3515 57 1867 4070 2516 2787 1819 1656 933 399 3357 2805 327 3351 1815 3288 4172 1085 1714 4704 4648 4660 1857 4071 522 1320 1478 930 3657 3579 2843 4790 4928 604 534 3145 4241 1844 3898 3488 4328 1115 933 856 4354 3343 583 4495 2317 3333 1745 4844 4059 2178 4823 1405 2561 1896 786 374 3098 2283 4566 2351 1157 3529 626 3686 1246 4267 341 170 3454 3924
516 4314 1481 2044 3658 2647 2254 4392 284 4847 74 1784 2023 3299 3016 1068 347 3712 630 1481 2969 3404 3517 4236 3099 157 3814 2612 3699 3893 3217 1750 736 591 3785 3898 658 3893 4789 1437 2193 1846 2899 4434 845 2312 3852 169 867 4593 1037 1461 2483 4683 4495 136 2080 2864 4560 1246 4418 169 2926 2962 1023 3667 4568 4367 4906 2101 4810 4873 585 1088 2849 2262 1314 2082 3320 2090 1790 2326 3479 3330 3614 411 805 2071 1942 2544 3562 4898 4832 1688 3249 4774 4711 1645 3255 3078 1718 1999 2347 652 4844 2890 4773 4325 3082 3959 3845 2611 1362 4372 3468 1381 259 209 3821 4134 4226 961 4279 178 39 2050 481 999 3972 3744 3525 2258 4060 2242 3477 469 3991 189 49 4580
4954 458 79 3299 3068 2205 2148 2505 988 593 215 3086 1993 2871 3611 1923 3622 2649 3725 4492 3395 1004 4869 4887 1247 3815 1392 3699 1534 4418 815 3589 4784 1649 2196 3594 132 3851 3593 1831 2630 1991 2631 1968 3051 1175 2303 1364 4123 2848 1083 4224 535 1045 303 1135 1675 4852 706 2720 2727 318 4229 3336 4624 2140 2589 345 3191 2666 4995 4631 3134 461 291 4182 986 4000 2273 3124 4551 1484 1835 153 4814 3424 4953 2343 4099 2123 1572 2440 2196 3754 4853 720 296 4316 1459 155 4504 1119 115 103 1837 2742 4381 4661 4437 4230 3819 4691 4997 1605 1919 577 3866 1335 3797 3543 3856 1618 2583 838 3607 4568 3919 3753 4763 2905 2012 604 2980 795 1245 4773 2663 2273 4289 4119
1412 1497 656 2813 1069 3053 3872 4064 1423 1379 1848 3846 2285 1237 2847 4544 127 2281 754 3040 2730 659 2174 196 2371 80 2284 3893 4418 1907 922 3844 1014 130 17 3625 4890 1619 1284 635 485 3314 4373 656 589 3833 2542 948 4251 1575 233 3909 2526 2836 2568 2863 3497 4087 960 4145 1826 1781 3128 1769 4858 4240 4641 1078 1350 4206 814 2641 3130 766 2597 3748 897 4980 3365 4044 2102 656 2657 3061 3963 2517 1971 893 4808 776 4419 1603 1604 2163 2279 3600 23 4765 2591 3265 339 324 2396 306 3000 1088 3546 2314 4845 268 4283 2565 2514 3972 2476 2646 3018 2605 3950 3409 218 53 1836 4428 1037 2665 1860 756 1133 1440 1105 3046 1320 832 2246 1344 4146 4928 4858 302
3244 2236 2969 984 1231 364 451 2338 671 475 2425 278 4850 4485 392 2954 471 4078 2195 3158 2630 4555 3646 169 957 3986 1583 3217 815 922 4540 1822 3233 4816 4205 4588 219 3954 1823 2431 3558 3010 2317 756 1574 2534 2571 4192 656 332 1896 886 1392 3491 2621 4808 940 4596 3329 4091 2659 3088 783 1950 4615 4273 4654 4844 1070 2603 4305 2888 4613 1593 1610 387 1421 2391 2612 450 4848 532 4331 3608 1138 3216 3629 4997 4224 2538 4582 2739 4106 4615 2319 3836 541 2617 2740 1079 4667 4005 1835 1864 1329 406 2784 2115 3293 3671 3463 3311 1069 844 3051 1560 1009 912 4979 1169 1170 917 2957 1014 3415 4118 2332 549 3533 1180 2049 2909 4793 2770 1378 4111 3435 4000 1614 1490
2977 4086 964 1591 701 3410 3432 2395 1786 3020 1436 543 1332 2324 776 1937 447 1027 3134 3892 2385 3547 3549 1560 632 1275 91 1750 3589 3844 1822 3566 2326 489 2558 4951 4841 3328 4107 4531 3272 3984 1357 1830 2645 406 2891 4548 81 4144 1202 4938 1494 350 3666 2286 56 4592 3165 3174 869 120 4114 2587 2797 2598 4927 1060 2754 2016 1445 3833 1178 102 2145 2474 655 2327 3968 416 3091 4013 1929 936 2201 658 1885 1996 2977 4507 396 43 1228 2791 1932 1555 3379 1725 734 1728 4734 1542 2111 4211 2720 2703 2548 3152 870 3065 1162 3735 1947 3861 4167 1356 986 1275 1804 3067 358 1363 3725 4525 3541 4397 2022 977 4648 472 2251 3763 2253 4315 4820 2480 2806 4441 3365 3130
1928 1231 3447 3326 4668 2720 2462 1977 2994 4940 2958 3980 2616 2449 860 399 4496 473 4111 2731 1801 923 4398 3890 2110 4472 269 736 4784 1014 3233 2326 2376 4527 2218 3960 4217 4434 2155 2057 2306 1758 2186 2676 1492 1937 2394 2376 3454 4819 3973 1339 949 4591 3826 4349 1311 1841 2245 4025 2014 4705 1933 4698 2480 2410 2623 1578 4177 545 1641 430 4466 2598 2438 673 978 4022 1851 4217 3499 1939 3912 3606 4057 3309 4132 4266 1401 621 2236 502 2188 1649 4488 1586 2490 3321 1870 4684 4115 3065 264 2376 4539 425 2933 97 151 1396 1782 1747 2559 2406 2347 1990 1102 3385 1785 595 1756 4775 4473 3334 4589 3540 831 4934 332 1856 2665 1827 3509 4107 1175 2603 3872 1353 3823 4900
893 3298 1471 3830 2559 3753 426 4683 3328 2217 1437 1708 3278 2680 3484 2545 636 1796 2573 1607 2098 4223 1798 1786 2146 2385 1244 591 1649 130 4816 489 4527 183 3997 2114 3506 4952 3607 951 864 4068 3155 3743 3173 636 4310 3723 2908 2892 3671 4086 381 4818 534 1572 769 1115 4491 2118 931 3321 4414 2972 3198 4546 1716 2834 2071 4641 4283 4299 2922 1830 2830 1042 1205 185 2201 530 2755 1082 1605 3156 4303 2353 1621 946 2419 3079 2798 2190 46 826 888 2309 817 327 782 29 3489 961 1711 2391 3246 4342 4110 4828 4965 3753 2708 819 4490 786 1427 3921 3001 1245 4196 1198 3022 1445 3297 2086 2333 485 1919 2211 2851 1579 150 4055 960 559 2555 62 4078 4651 1149 1460
1573 2368 4340 2057 678 1496 3011 1323 1481 3586 4917 4086 2326 4298 2667 1982 2079 1197 598 2011 4395 2322 3300 4292 357 4892 1147 3785 2196 17 4205 2558 2218 3997 3471 94 1916 1139 2528 2465 92 2942 2902 2096 164 311 2638 706 4802 1805 3802 1125 251 4880 4712 3154 4043 2692 469 3816 4988 760 3339 1360 4553 795 809 4665 1311 2321 1245 1806 2906 3084 689 374 403 168 1815 2556 1992 3561 1499 3738 1663 2980 1966 4830 1982 4795 4529 4766 3281 2729 1763 1463 4059 3036 2611 1693 2653 1605 3977 3013 4890 3176 2039 1390 985 3242 3051 1483 2738 3744 3917 493 2826 2239 2156 246 2599 952 4081 3408 1498 4255 2553 3480 3701 728 2689 4979 2316 2323 739 357 2648 3367 3744 907
458 150 1188 546 2346 3246 1561 4137 3879 4191 4558 29 2772 3357 1121 2657 4904 110 3746 197 1824 4262 3922 3006 1732 1714 3502 3898 3594 3625 4588 4951 3960 2114 94 2500 2070 4926 1839 1109 4752 4907 157 4786 609 2619 899 989 1995 4217 2712 3416 1661 4715 1787 1836 4416 3043 2215 1927 253 3294 4809 4274 4372 4978 3639 3905 103 1726 693 4389 2733 3692 2830 4196 3301 3301 4738 4082 3840 2050 2676 3513 3349 558 4099 1924 3316 2408 817 1286 692 1471 520 1016 266 3140 4109 4414 1241 2971 337 4691 4213 1723 2658 4044 1214 200 4004 1798 1919 2738 2028 3400 3350 577 4495 3006 1258 4352 492 2753 692 1494 4414 1763 1228 4264 4073 4865 161 1305 2016 4835 824 837 2807 4340
4620 3695 752 4538 2105 1272 263 2928 960 32 3379 735 4803 3003 1767 2403 25 4575 1343 4824 4601 3072 2264 3945 4664 4427 2493 658 132 4890 219 4841 4217 3506 1916 2070 226 524 23 216 713 4555 3198 4316 2982 253 2557 2410 4520 4766 1377 1978 2324 2398 2373 4034 2955 4743 2593 2835 2054 3475 3947 2155 2241 4141 2297 1038 271 4013 4471 3673 1655 2775 420 576 958 2408 669 1153 2342 4204 3897 3540 3765 2120 735 4477 649 4556 3862 1404 4780 837 3844 1835 3414 1054 3686 4351 4860 855 1694 580 3348 3204 4923 1329 2505 193 4608 3742 2218 1203 3406 1375 2617 3091 2490 3326 1640 4908 4085 3414 153 1676 355 2059 2635 3332 578 3310 2835 4356 1006 1600 1080 4486 2823 1029
190 3817 542 4740 3381 219 4805 1303 4442 3787 374 3577 2040 4611 3630 719 2751 3675 307 2801 555 2150 745 2490 4922 4756 2156 3893 3851 1619 3954 3328 4434 4952 1139 4926 524 4528 2108 1926 2959 192 2843 3555 4676 979 3313 3424 1258 1246 4968 4314 3883 237 2491 4311 1146 3827 1563 1385 1420 1874 939 1728 279 3040 256 16 3627 4453 1604 532 4785 1048 1602 1515 488 4788 3628 1252 3999 4635 2470 1472 1717 4614 4993 3896 613 2916 3590 493 1250 3152 3034 2693 1475 4695 4028 3379 289 2820 2127 2677 468 1855 3928 1267 2689 4506 1225 4294 342 2879 4664 1851 2322 972 1814 3293 1579 4926 1445 3577 1740 4392 1805 1698 1074 4887 3091 3309 769 747 3929 3445 2986 3006 1759 101
1323 1767 1357 3457 41 3631 4572 2097 2485 4125 392 3923 2895 1083 2956 4129 4927 2657 3727 74 3106 4922 810 1426 3346 3155 2727 4789 3593 1284 1823 4107 2155 3607 2528 1839 23 2108 3972 1694 4986 1814 4194 3871 3059 1548 319 2740 1388 3755 370 4976 1574 1075 98 2113 1348 4200 162 3449 3913 3880 2108 2227 549 1716 1785 1584 2242 4043 298 4645 2284 4023 4103 159 854 2015 4374 2836 1585 3095 1674 212 1626 1818 2483 4527 2405 4822 1601 403 3593 3296 3532 4516 315 2491 3818 4926 229 4514 633 4657 30 4616 1484 3545 3063 204 3502 4622 3182 4921 3412 1895 4964 474 3441 2894 10 1723 3383 763 21 4315 330 2661 1098 346 1041 1790 4427 1191 1924 3593 914 3853 1783 2639
3087 192 2488 2125 4370 4910 1103 4653 3131 4059 3606 2703 1234 1099 164 3889 3279 3281 2166 4493 3943 884 1574 3573 567 1053 1372 1437 1831 635 2431 4531 2057 951 2465 1109 216 1926 1694 4483 3383 1445 2151 3507 2426 1833 78 2492 3068 234 3169 125 2343 238 4027 4918 4795 1168 137 160 688 361 3707 4706 4748 4680 1208 4128 3822 3639 1135 2781 2490 45 3002 4241 4146 4272 3483 3540 107 4324 2154 4022 2505 3971 147 3678 1702 2403 3271 3620 525 3008 3925 3325 2689 3890 4563 246 1199 2619 2905 2777 152 25 4148 4856 3304 2150 2541 666 3537 135 3614 3246 2710 1938 1272 2343 2007 4397 180 4382 1136 3760 2385 1033 1281 1823 1035 4937 1439 1291 4083 4113 4075 188 1066 4744
2128 3970 2064 1039 1966 934 4182 2771 552 4626 1362 2743 2979 615 3820 194 3176 4045 1750 1504 4775 1992 1977 2521 2275 4101 2552 2193 2630 485 3558 3272 2306 864 92 4752 713 2959 4986 3383 4675 871 1048 2284 4548 1917 1299 2824 3065 1668 4783 3716 2170 3405 2710 2512 4527 316 4988 263 3152 4404 1898 215 3139 2021 35 3090 3608 2834 3776 4476 1608 4119 3736 1736 1860 1246 2898 2582 134 3361 2660 2949 4297 3437 2895 1841 125 1927 4309 1930 4163 835 1718 2837 393 3456 1324 3859 1742 4896 3247 3748 3770 2014 2945 4289 1800 3974 3076 3353 199 4847 3859 3984 1170 855 427 4955 284 259 4388 970 1725 4489 3506 4497 99 2631 3198 3557 4983 114 4261 4966 4382 3833 696 633
2055 1740 3371 2887 4300 28 4457 2209 162 2175 1031 4232 4999 4501 62 1971 3785 4526 2343 2420 3694 337 983 201 1282 210 2961 1846 1991 3314 3010 3984 1758 4068 2942 4907 4555 192 1814 1445 871 3512 4403 3167 4274 3632 2053 1654 3941 3853 3883 1943 1875 3967 2456 4040 4731 1416 1889 1386 1760 2643 1694 1632 2860 4750 3040 1501 805 4023 1605 1483 3660 1139 4873 4608 2360 1319 41 1549 944 265 2722 4367 598 1183 356 1887 2222 886 3355 2900 914 4352 3841 3356 2202 3749 2703 3350 4351 1484 761 621 1764 2071 3961 4934 2477 1519 815 1531 4982 906 754 4490 3530 1000 299 3934 3049 1226 2038 2883 1539 3698 3707 4846 1000 477 4261 3721 176 3598 4287 4296 1784 382 2050 3300
3675 1039 136 1075 2689 1307 37 4960 1622 304 4685 977 3449 1925 3297 3889 4570 760 4288 1614 560 3941 2774 293 631 1232 3333 2899 2631 4373 2317 1357 2186 3155 2902 157 3198 2843 4194 2151 1048 4403 2106 1191 3094 889 3618 1002 1351 3308 2830 2682 927 1223 362 165 589 705 2128 3934 1585 2656 1331 4682 1818 114 1295 4086 2142 177 944 593 4257 4265 3967 4546 4073 2805 2938 2906 1970 4590 4403 162 834 3956 1782 2145 2479 2061 1201 663 4209 2932 2228 378 1048 4695 3282 369 4410 1630 47 1589 4345 3598 1997 1941 3894 2466 2564 515 4167 4560 2031 4599 3927 1127 451 441 2239 4173 3497 1733 2392 4788 2936 4392 1952 534 906 4163 1603 240 2669 3006 1809 1924 3900 3720
4776 1261 2242 4291 3509 3389 165 4334 3971 4206 3296 2369 4641 1202 708 3614 4480 1628 156 3637 4244 2562 4091 4874 2113 1944 4986 4434 1968 656 756 1830 2676 3743 2096 4786 4316 3555 3871 3507 2284 3167 1191 1464 2231 4013 58 996 549 360 2171 316 1586 2481 3923 3934 2675 2999 1622 1959 1328 1711 3663 3126 1506 3551 2232 2208 1237 4939 1808 1556 1313 2208 860 2298 4354 350 217 4419 3513 1302 4420 2393 2558 3137 2377 4818 20 3986 47 3490 3424 1993 3888 3863 165 2351 3960 4451 2431 2642 4904 1420 1308 2950 372 4280 3137 46 1042 2308 1494 3703 2840 4633 1388 823 4917 1973 2079 3352 3617 2995 1009 4717 1319 3579 2009 4359 264 2981 375 893 1291 17 935 4441 3692 1226
1500 256 2662 629 4718 507 1894 894 2021 4978 3737 1377 4824 3850 443 2272 1030 1853 1684 75 949 3198 3223 151 3590 4226 199 845 3051 589 1574 2645 1492 3173 164 609 2982 4676 3059 2426 4548 4274 3094 2231 4392 2971 2542 1404 1076 4231 945 2817 4737 176 4841 960 995 2388 36 1881 1375 1385 1728 4867 925 2765 3872 930 3243 2009 2480 793 1775 741 4164 3535 3787 1834 2535 2166 3764 1223 16 4124 4489 3154 1772 2681 470 4038 2825 576 2264 4796 3795 275 3904 2165 4742 2316 3344 4059 3682 36 1053 2011 3260 962 790 3637 1732 2923 2672 2943 4875 3266 363 240 4055 4800 2546 3839 4946 3127 1839 1328 2274 2275 1613 2576 934 4952 2650 3359 3821 4246 3947 1373 1792 4498
1343 3971 3887 3383 980 4241 432 1008 1605 1891 1144 2345 143 2915 4985 3278 1514 600 3000 1203 1283 3546 4561 2693 1181 4169 866 2312 1175 3833 2534 406 1937 636 311 2619 253 979 1548 1833 1917 3632 889 4013 2971 1546 3337 2831 3948 2084 3506 3679 546 1164 598 4911 3650 477 400 4574 493 3732 1709 3171 3954 2332 1975 2815 776 4247 3995 3501 12 3319 22 2713 2253 3424 1303 3451 4380 1380 3072 4002 2624 3420 856 4796 173 1494 1181 2399 726 4105 586 53 3048 2506 455 4681 2681 4522 4114 3240 4609 2428 476 1404 2895 3434 1196 929 238 3519 4657 2276 2821 3221 2888 1906 4655 1839 557 3506 765 740 1822 4880 3428 3944 1794 4576 1027 414 1758 4493 278 3380 4786 1025
3839 3952 3344 3760 1240 2133 1193 4615 1487 1503 76 987 3260 432 4485 1630 1943 997 1624 2134 3978 4523 4132 1207 1744 3392 3746 3852 2303 2542 2571 2891 2394 4310 2638 899 2557 3313 319 78 1299 2053 3618 58 2542 3337 4488 4457 833 4979 587 436 41 1987 2536 4277 1484 2460 26 2527 4070 792 3976 4892 1652 2583 4376 3019 385 4908 1538 4668 3870 3117 4372 1355 1808 1268 1242 4368 669 4553 4170 2987 909 2962 1542 1395 891 4196 1017 3324 3057 2521 3433 1675 4079 4055 4529 1041 4758 3092 1098 1864 4314 454 3417 1577 1536 3901 4026 1593 2813 4441 3646 1095 1597 3267 3519 2365 4924 1399 4750 3354 2876 2358 3247 1532 4794 912 2133 4822 4208 2261 2909 690 295 3936 3871 4215
4468 11 4869 1279 2013 2225 1138 3341 1013 1782 3899 2219 2070 1302 4194 2076 1911 4398 3539 796 4980 3893 2462 629 4803 34 3647 169 1364 948 4192 4548 2376 3723 706 989 2410 3424 2740 2492 2824 1654 1002 996 1404 2831 4457 489 3345 1602 4533 2144 2787 461 4135 47 3465 800 758 1740 106 1752 1778 3470 786 1579 1924 4465 3188 2587 904 919 1067 4543 4996 2523 1727 4958 2004 4905 3128 3386 325 1368 4732 4074 104 2249 1000 2767 1759 1257 552 1880 559 4648 4747 2096 905 3275 3118 1620 3916 2656 1128 3359 660 3540 2505 3978 962 4137 1981 2378 1805 608 4894 361 3447 402 2909 2847 1611 3012 794 1476 2430 4673 2670 803 3289 888 2055 1060 3405 3398 4072 3501 55 1699
1010 1841 406 4527 125 2703 1569 874 2057 4143 2824 3824 872 1576 1405 3301 637 866 902 1901 3188 1309 2915 2535 2007 427 744 867 4123 4251 656 81 3454 2908 4802 1995 4520 1258 1388 3068 3065 3941 1351 549 1076 3948 833 3345 1162 3646 4248 762 2897 2217 603 4353 2337 4656 546 258 4717 4507 78 4379 558 721 2839 1098 3320 3905 2060 3564 2279 2284 4888 245 596 3691 3510 1977 3574 1695 2398 1408 2425 1192 852 3499 3036 4438 1462 2804 1362 2497 3729 1755 3698 1333 941 4729 4462 4082 4996 1578 2287 500 1049 732 871 1650 2234 3025 2915 3575 4329 1845 4351 4942 2216 164 1286 1331 366 4194 2918 1517 771 2808 3283 224 1753 1363 3548 1723 3333 2234 117 2477 200 4963
4164 957 1865 2160 224 2943 2529 4436 1261 464 2571 4599 792 2315 3303 4546 1892 698 3492 2061 1968 1356 2397 182 540 171 819 4593 2848 1575 332 4144 4819 2892 1805 4217 4766 1246 3755 234 1668 3853 3308 360 4231 2084 4979 1602 3646 3051 4317 4294 1201 457 4428 2735 662 3600 3991 3681 1828 4903 709 93 4859 3105 1098 4449 3292 1949 4534 4351 4225 4976 1712 3130 4933 289 2570 3719 4312 4556 355 3568 2809 3524 1474 1581 811 1599 3906 175 42 997 2414 4398 1626 3918 338 3300 1597 1445 2115 4697 4388 402 1137 2052 3603 546 1404 2495 3456 1101 4313 1192 1202 2213 1148 2396 1076 4277 4122 1975 1495 2838 2880 4818 4353 1068 368 2038 1628 854 3412 3162 2255 1515 25 3828
1832 1286 3610 812 1205 1687 4287 2190 707 214 4044 3435 4092 4963 947 2831 1641 2878 1531 544 432 2010 4653 2881 902 3530 1419 1037 1083 233 1896 1202 3973 3671 3802 2712 1377 4968 370 3169 4783 3883 2830 2171 945 3506 587 4533 4248 4317 1032 4574 4723 102 3040 1656 3894 3608 2576 681 2839 3820 2671 2659 4929 730 4733 2726 1548 2628 3801 865 2938 4915 1050 4300 1831 796 1032 2554 395 191 2174 1099 429 3044 2039 4139 3531 2258 1540 243 2262 2398 1698 3545 1191 4223 449 3335 368 2389 2653 1487 3345 236 1839 922 3254 4705 284 1801 570 3523 2831 2186 1123 2701 1639 4411 2938 3639 487 1511 4449 3252 3366 2701 2900 2823 1902 819 1393 4279 3472 1542 1444 4992 3320 2672
459 2456 76 494 3868 1117 1465 4627 2918 2101 538 2442 4624 1389 3422 1034 4334 1423 2739 3873 105 3806 4281 4822 391 3372 39 1461 4224 3909 886 4938 1339 4086 1125 3416 1978 4314 4976 125 3716 1943 2682 316 2817 3679 436 2144 762 4294 4574 3703 2472 1160 3989 1480 4061 4835 367 4603 2766 1669 3836 2381 4392 3852 4967 3773 234 351 4092 3995 357 2849 4982 3462 4562 4762 3394 94 3191 309 1921 1423 274 1684 2864 1067 237 97 4110 3930 4210 1877 2710 4966 1661 3206 4966 1918 3233 3599 3849 547 4310 4615 3698 4485 1379 4274 3900 4434 2082 3814 1523 3302 3186 2692 1440 469 1723 2517 1713 1265 2554 4166 2908 4641 2845 589 460 2258 1628 1404 2127 928 3727 1225 4637 771
2971 1097 3702 2487 847 3725 2225 33 4138 30 545 3272 1890 186 3431 83 1528 282 687 2975 2788 4102 4554 2941 4719 162 993 2483 535 2526 1392 1494 949 381 251 1661 2324 3883 1574 2343 2170 1875 927 1586 4737 546 41 2787 2897 1201 4723 2472 3473 4455 1403 1792 3595 4793 3699 3844 1615 2680 4636 2645 3797 1364 3067 4114 1136 4612 1854 1199 2495 3500 3310 3090 3348 4996 4229 406 3012 3980 2032 4242 120 958 4758 3166 2361 72 3072 3634 1488 689 3375 709 4143 2548 3810 2395 2432 2112 957 3001 3182 3561 2860 4280 4730 3030 165 2550 3314 77 3543 3527 2225 1359 1964 3764 3193 4978 376 2738 4160 4558 101 4374 1768 4457 155 3032 2949 3736 4222 2135 2561 77 2199 1511
418 4504 1514 3942 1403 2384 4777 4624 3866 570 3732 1957 4771 619 2012 1814 1681 4698 235 1557 387 3704 4877 1830 4603 1797 4069 4683 1045 2836 3491 350 4591 4818 4880 4715 2398 237 1075 238 3405 3967 1223 2481 176 1164 1987 461 2217 457 102 1160 4455 1857 4774 1749 853 4670 4109 3538 3689 4391 4273 2853 1385 3821 2542 1408 1200 2925 1913 1272 2788 2180 2476 3939 4381 2894 2574 539 2116 4721 4483 4552 4969 4292 1388 3040 495 4475 3060 3871 2291 3121 384 2673 4047 1666 1764 303 2816 2216 2164 284 1900 508 3884 1954 597 2093 219 4690 954 1466 2253 2226 4647 1973 2883 2054 2040 1904 1526 2810 1344 4523 1815 2493 3659 4453 683 2415 3338 2766 177 1514 191 4131 1573 3066
110 736 4110 4233 91 540 4841 2298 1568 3642 344 1225 4597 2272 2553 2681 4552 1712 147 3904 28 141 2057 1565 3049 3869 1223 4495 303 2568 2621 3666 3826 534 4712 1787 2373 2491 98 4027 2710 2456 362 3923 4841 598 2536 4135 603 4428 3040 3989 1403 4774 578 1414 4145 2293 4866 2872 2816 2046 2869 876 3011 4619 532 4176 1069 1569 2158 4782 4402 3315 1660 913 811 2264 3079 3063 2111 2816 4303 1379 3284 978 3354 657 3367 999 3975 1530 4667 2817 3319 3012 3312 4709 3005 2366 2500 3633 855 1999 3025 2712 1180 642 3125 2487 264 2440 2708 2070 707 2635 1038 4236 27 2800 2425 2490 18 942 748 2054 400 2451 1644 3200 4370 4634 2291 1911 3702 2998 2651 4025 1029 4543
3878 3309 1037 4284 3848 4935 714 522 125 2187 1544 62 3143 4722 3079 122 3117 1743 3051 2872 2234 2887 4813 3252 44 316 3765 136 1135 2863 4808 2286 4349 1572 3154 1836 4034 4311 2113 4918 2512 4040 165 3934 960 4911 4277 47 4353 2735 1656 1480 1792 1749 1414 2057 3593 3964 2737 2165 1960 2823 587 200 412 2581 2427 3506 3622 4421 4745 3232 647 2849 3457 529 1939 3132 291 3420 3443 756 3964 3549 651 4284 952 3677 4972 1908 3632 3483 1217 4983 2489 910 4287 1826 1157 3699 1804 2521 2100 3132 563 1853 1998 3186 828 399 1817 2870 4849 1309 3385 2068 2841 1554 2563 4048 939 2722 4436 3119 2934 4035 3923 4693 3642 4688 3707 2072 1110 1975 943 3639 4296 3180 2090 2232
1190 3562 2730 515 1601 1884 78 4385 3454 2139 1583 2452 4358 870 4694 1849 4996 892 3534 221 243 3752 724 4097 2192 2520 4690 2080 1675 3497 940 56 1311 769 4043 4416 2955 1146 1348 4795 4527 4731 589 2675 995 3650 1484 3465 2337 662 3894 4061 3595 853 4145 3593 3520 3266 2661 1815 4234 2078 3772 2442 1146 2635 1953 3253 3687 3234 1573 1950 1276 731 457 983 580 1115 353 467 2896 3600 3025 1293 1260 1182 853 2975 3185 2692 4099 1928 4495 715 4167 3558 2711 4203 3377 2356 3735 3293 4730 1231 2122 1088 2307 4461 4935 2511 2065 1011 4010 726 1040 1344 3371 4386 1880 1213 3523 2239 4172 4024 3594 4970 2067 4039 4688 442 3866 3856 2684 616 436 916 1912 4485 4173 2674
3610 2124 23 4774 2751 2847 3546 640 3735 3607 579 650 1175 4303 703 4451 4487 506 3751 2693 1776 16 3325 4221 4600 710 2579 2864 4852 4087 4596 4592 1841 1115 2692 3043 4743 3827 4200 1168 316 1416 705 2999 2388 477 2460 800 4656 3600 3608 4835 4793 4670 2293 3964 3266 2740 2975 3517 2768 130 3020 1633 3031 4943 2341 3972 1612 4199 216 4412 1761 2507 1205 3496 3615 2109 3467 3560 2960 783 2923 1776 4256 4343 1855 1029 4393 4932 762 1282 3485 3183 3517 3976 963 2522 430 3143 3270 2311 4701 4823 3550 970 485 29 1974 1854 246 2572 4873 2539 753 4813 1434 4290 3176 4585 2393 2343 545 1954 2846 1717 1980 2991 2283 4618 2682 4928 1539 4619 1821 4314 4957 1622 3428 762
1061 4356 4753 371 3823 4162 4424 3895 592 2324 4245 4780 1322 3479 2640 3730 4874 3892 1511 4102 4808 3003 4386 2195 969 3058 4019 4560 706 960 3329 3165 2245 4491 469 2215 2593 1563 162 137 4988 1889 2128 1622 36 400 26 758 546 3991 2576 367 3699 4109 4866 2737 2661 2975 192 1716 2853 898 1014 1026 984 2164 247 1746 4059 4697 3236 691 3649 3495 938 25 905 1968 1184 2644 2942 4562 3589 2598 2724 4113 2217 3072 3496 4655 1069 3348 539 3420 1008 2821 2694 4507 2035 2598 4330 3643 1800 2298 816 3903 3800 3559 629 352 3374 4101 3295 653 3636 4361 2511 2674 238 921 3719 2335 476 1898 1535 2829 1520 4947 2140 3825 976 1881 1387 4276 2764 3215 2029 4865 1396 3616
4611 3102 2696 815 3203 4196 2398 282 225 2781 2919 798 4349 66 3854 1471 2144 685 2526 383 1415 1100 3909 1458 4436 1490 4138 1246 2720 4145 4091 3174 4025 2118 3816 1927 2835 1385 3449 160 263 1386 3934 1959 1881 4574 2527 1740 258 3681 681 4603 3844 3538 2872 2165 1815 3517 1716 4331 690 1871 149 3362 1804 759 3953 2609 1979 1795 1742 2556 1370 2920 2595 3007 3097 3394 4816 1346 4362 4593 2715 4377 542 1573 3859 4103 1214 4474 2251 2920 3721 3670 3628 4437 3380 3963 621 3553 4010 715 367 2812 2405 1839 4624 258 1750 2456 1618 1465 3112 1628 3495 2734 3597 4323 4389 3241 3765 2783 535 86 3106 4941 2630 2811 3630 4165 3275 1772 486 3066 588 742 4749 2500 2200 1357
1570 4352 2083 4505 1984 4979 617 2425 3158 2050 3227 2657 1907 2000 2683 1149 4934 1184 1414 4362 3078 551 2892 2627 4020 932 4533 4418 2727 1826 2659 869 2014 931 4988 253 2054 1420 3913 688 3152 1760 1585 1328 1375 493 4070 106 4717 1828 2839 2766 1615 3689 2816 1960 4234 2768 2853 690 1930 2191 1816 461 1587 2294 344 3303 2370 1141 3627 512 2719 1864 3450 3277 4169 3773 3753 3480 4770 854 4366 4262 3558 3217 2078 4898 2538 2425 1259 1553 1886 4564 2936 1123 2556 3820 2589 3701 4877 1103 2670 2982 1487 3307 4156 699 3818 2300 363 520 1694 4441 2744 642 3897 2000 2486 2641 2122 2523 983 3859 1092 2096 2801 2545 513 4757 1859 4479 2152 308 466 3968 3874 202 2089 3784
873 273 4839 4042 4243 4585 3741 2107 3518 3636 3119 4905 1391 864 3683 314 4254 3988 459 1001 1178 1072 523 756 3408 2741 4177 169 318 1781 3088 120 4705 3321 760 3294 3475 1874 3880 361 4404 2643 2656 1711 1385 3732 792 1752 4507 4903 3820 1669 2680 4391 2046 2823 2078 130 898 1871 2191 4852 3864 2230 3240 2497 3638 1662 2087 998 4118 3562 1282 4061 520 4609 2366 494 3321 2312 3089 2298 3295 3053 3072 3204 141 774 4957 154 4646 230 2848 2552 1417 2740 2793 2653 962 2979 106 2697 3091 3015 4503 893 179 242 1985 2518 3671 4285 864 4423 4534 3444 508 1760 3190 909 698 155 657 4575 3270 2513 1948 1287 162 151 4594 3531 4281 2063 110 4987 2486 2616 843 2265
1711 1769 4076 3902 2069 2034 2410 2586 1697 4272 4176 622 1742 4719 1755 1598 2688 4595 4418 549 419 1362 2253 1098 2558 1127 3548 2926 4229 3128 783 4114 1933 4414 3339 4809 3947 939 2108 3707 1898 1694 1331 3663 1728 1709 3976 1778 78 709 2671 3836 4636 4273 2869 587 3772 3020 1014 149 1816 3864 2318 360 3327 4657 3339 333 729 1922 4983 260 2857 4541 1495 2319 777 788 1611 2293 3087 805 2386 2836 79 3542 3078 54 4077 542 3566 2005 1192 1594 1578 1260 705 1822 3190 2542 4570 909 1770 531 2747 4682 314 2801 3176 1225 246 1108 4083 2774 4889 4362 4442 394 300 222 470 1856 1581 3853 3011 2993 2937 3734 3517 4204 4474 1545 232 1767 783 4872 3363 2376 672 2205
4069 3845 1786 463 1568 4620 1568 1813 1322 632 2968 4903 1772 4014 413 630 1840 3978 1019 935 4370 2883 3818 1036 2864 1078 4756 2962 3336 1769 1950 2587 4698 2972 1360 4274 2155 1728 2227 4706 215 1632 4682 3126 4867 3171 4892 3470 4379 93 2659 2381 2645 2853 876 200 2442 1633 1026 3362 461 2230 360 2462 726 261 4603 1383 1097 3260 3283 4395 1915 2229 1559 3565 4469 2035 1171 716 4271 2354 1447 205 3569 4224 2081 2933 2264 2519 343 4912 3659 3311 3948 1355 91 4495 4410 654 741 4468 3898 3008 2740 2813 1234 4932 712 2769 3250 1365 3672 1548 3831 4083 4985 4414 1419 388 1548 1836 3127 2955 1634 1625 94 3654 517 1375 1482 2526 4234 3987 340 1463 3411 2183 3124 2377
4130 1236 389 3586 1923 1343 1877 3612 3596 3714 2084 2066 4925 477 1810 2185 1886 3094 2364 1189 3544 2468 1471 2637 1414 914 2177 1023 4624 4858 4615 2797 2480 3198 4553 4372 2241 279 549 4748 3139 2860 1818 1506 925 3954 1652 786 558 4859 4929 4392 3797 1385 3011 412 1146 3031 984 1804 1587 3240 3327 726 564 4272 4069 3508 1229 3766 2300 708 2430 4267 2087 3546 877 2102 1372 935 290 2956 4425 207 2988 450 12 2279 4950 546 2345 3755 751 3324 3798 136 3822 3627 1670 4985 1674 1016 192 4717 766 4302 3268 4515 1496 1720 3446 4991 858 3230 2461 3251 2934 3696 4507 886 3614 4163 4469 373 2655 1089 1537 2209 1045 2900 1350 3559 4883 3661 4301 421 519 1175 4368 126
2608 1057 3829 3311 2030 179 3673 4601 1958 315 2135 38 379 2217 4799 3858 909 1777 2457 3979 3896 2894 2901 2392 2736 4505 4043 3667 2140 4240 4273 2598 2410 4546 795 4978 4141 3040 1716 4680 2021 4750 114 3551 2765 2332 2583 1579 721 3105 730 3852 1364 3821 4619 2581 2635 4943 2164 759 2294 2497 4657 261 4272 236 519 1837 1466 3253 2672 297 2396 409 3668 2871 4054 4307 227 4609 4972 3089 3494 4003 4224 2859 668 4264 2783 1997 3274 2260 748 916 1406 97 4577 970 2288 512 835 1228 1721 3053 1101 1261 1418 3387 4787 4926 2193 2031 4344 4139 2168 2919 440 2842 3725 1464 4383 3489 615 345 2627 4409 2432 192 651 1448 144 1636 4555 527 1530 2962 2023 478 4803 3486
16 4189 1985 2697 1602 1235 1922 925 382 4529 2023 498 36 2385 1110 53 703 391 2426 1180 1690 912 4639 2413 3410 4490 3515 4568 2589 4641 4654 4927 2623 1716 809 3639 2297 256 1785 1208 35 3040 1295 2232 3872 1975 4376 1924 2839 1098 4733 4967 3067 2542 532 2427 1953 2341 247 3953 344 3638 3339 4603 4069 519 1393 2027 4208 4610 3916 2390 2877 3362 3962 4722 685 990 1987 2563 2279 1978 776 3181 4782 4074 2490 391 867 4932 4377 1761 256 1116 87 4136 758 1449 4668 3910 300 3429 2299 1530 4247 3151 2486 1892 4647 2734 3408 4432 4506 1867 91 4930 4678 3534 1849 2480 4374 1912 1377 723 1790 3034 1006 898 4108 3853 2981 1280 4088 540 3693 1201 861 1370 2236 1140
3680 1620 2432 3052 522 4209 4433 2581 2695 4104 2137 2577 1677 1213 1726 3293 1918 1490 2196 4259 1351 1358 4656 2430 2099 4003 57 4367 345 1078 4844 1060 1578 2834 4665 3905 1038 16 1584 4128 3090 1501 4086 2208 930 2815 3019 4465 1098 4449 2726 3773 4114 1408 4176 3506 3253 3972 1746 2609 3303 1662 333 1383 3508 1837 2027 1934 4622 1232 1802 4085 1036 162 3100 2722 1543 2179 3814 1411 309 205 2109 3992 1092 993 2299 3377 3855 2507 4173 2034 2250 2274 4104 4125 3988 1160 4314 842 3107 293 3213 733 691 3518 223 3315 3219 1155 2944 1686 1942 3502 4839 4412 1596 2747 2359 4640 4182 3360 793 2690 4875 4520 4786 735 4187 3337 866 1444 4939 2459 2442 3587 4151 770 1704 709
4289 1015 4207 3073 2192 2648 2772 2961 2703 3590 3082 3876 730 1063 1217 2521 3149 3090 3000 3110 3183 4142 3120 938 4493 809 1867 4906 3191 1350 1070 2754 4177 2071 1311 103 271 3627 2242 3822 3608 805 2142 1237 3243 776 385 3188 3320 3292 1548 234 1136 1200 1069 3622 3687 1612 4059 1979 2370 2087 729 1097 1229 1466 4208 4622 283 2281 3025 3634 4567 2385 469 686 2793 3344 4724 4137 4980 3488 723 771 3548 4605 1291 2843 4038 4596 2020 4155 561 3895 1195 2059 1182 1550 4689 3453 2672 144 1189 3812 2166 1132 2688 1303 2264 2322 1638 4801 2156 880 3439 2179 2751 3673 1256 260 3466 3904 3725 2020 3917 3892 3385 3062 3593 4669 1406 4995 3170 4988 4812 3150 4915 1018 1041 1617
3415 4063 2585 4192 4440 1305 2742 2869 3151 4443 4125 4598 4814 936 3611 1556 3428 1151 2057 272 4309 360 2493 4090 1109 316 4070 2101 2666 4206 2603 2016 545 4641 2321 1726 4013 4453 4043 3639 2834 4023 177 4939 2009 4247 4908 2587 3905 1949 2628 351 4612 2925 1569 4421 3234 4199 4697 1795 1141 998 1922 3260 3766 3253 4610 1232 2281 2715 4644 797 4663 2084 2122 3114 2766 683 1936 3424 224 2950 3323 1816 3809 2181 2693 3082 406 4859 2942 4076 4029 2281 2898 4479 3642 937 2868 3799 1805 4462 932 3355 3628 2808 4508 318 4568 4518 359 264 2834 3588 4246 1819 2524 1694 3781 994 1831 2726 2866 4507 311 4591 3842 921 632 3218 4824 814 1405 1371 2448 3718 4253 3145 2454 1823
1783 338 2033 1514 111 860 4074 40 4062 1095 1291 542 3913 4053 4469 3858 3527 155 1814 2011 1218 4938 1300 2467 528 988 2516 4810 4995 814 4305 1445 1641 4283 1245 693 4471 1604 298 1135 3776 1605 944 1808 2480 3995 1538 904 2060 4534 3801 4092 1854 1913 2158 4745 1573 216 3236 1742 3627 4118 4983 3283 2300 2672 3916 1802 3025 4644 3474 4095 520 2989 4566 3490 1369 1268 4278 592 1107 1296 606 4082 4630 4133 1092 2039 3204 263 3536 4977 4353 4185 4208 2516 2968 1936 540 1608 4742 2898 4263 2018 244 4744 1837 1066 4755 505 1901 1810 778 1106 1132 1937 1933 2474 3080 1282 594 2715 2822 4243 4758 4654 249 4437 1316 2229 1298 3143 3056 3705 3223 3386 3805 4703 244 4881
144 97 2902 4648 2965 3821 2161 1362 1082 1281 1645 630 3867 1427 2545 3456 2372 3496 3119 2825 4161 3879 3479 1083 962 1081 2787 4873 4631 2641 2888 3833 430 4299 1806 4389 3673 532 4645 2781 4476 1483 593 1556 793 3501 4668 919 3564 4351 865 3995 1199 1272 4782 3232 1950 4412 691 2556 512 3562 260 4395 708 297 2390 4085 3634 797 4095 141 4218 3571 3107 1861 3614 3127 4963 3891 2733 3378 702 4680 1690 1957 4826 2248 3095 492 3581 3986 1146 2638 1859 4376 2015 3637 3975 468 2074 4991 2764 1283 2514 4483 3405 2651 951 2830 2448 2311 1471 2117 2903 908 1848 2722 2270 3777 4153 2226 123 1360 3384 4739 58 4590 2209 3000 420 1781 3031 3458 1847 3440 4203 887 2280 140
979 3356 4952 1374 1835 3176 4006 2342 2987 4393 2438 3746 1731 1808 1347 4669 134 1171 3256 1949 3375 1287 117 2129 1562 3337 1819 585 3134 3130 4613 1178 4466 2922 2906 2733 1655 4785 2284 2490 1608 3660 4257 1313 1775 12 3870 1067 2279 4225 2938 357 2495 2788 4402 647 1276 1761 3649 1370 2719 1282 2857 1915 2430 2396 2877 1036 4567 4663 520 4218 3830 4804 3420 4018 2230 3001 295 4869 3368 1014 4247 1107 702 4740 237 1374 390 2201 252 2186 724 2392 2170 3223 4722 1005 4099 4526 4949 3982 1624 706 1254 4938 3377 2003 2384 2590 4356 2276 4255 560 4663 4705 4863 619 4648 92 3538 640 1711 1239 3891 1175 933 1221 1914 1760 2614 2226 4332 784 865 4425 3828 4014 4492 4324
273 4841 932 3906 3769 273 2333 3504 2724 2667 3180 4464 2215 4373 897 3712 2681 684 907 1789 96 3371 4660 2752 2300 1941 1656 1088 461 766 1593 102 2598 1830 3084 3692 2775 1048 4023 45 4119 1139 4265 2208 741 3319 3117 4543 2284 4976 4915 2849 3500 2180 3315 2849 731 2507 3495 2920 1864 4061 4541 2229 4267 409 3362 162 2385 2084 2989 3571 4804 3309 1544 4554 679 2757 3441 869 2119 3746 1225 3893 680 408 3993 3952 4521 2639 1768 1637 1487 1258 4409 3439 1673 3756 4860 2458 1735 1307 453 345 2591 1895 1206 129 1646 323 343 1077 1502 2057 859 2942 3680 3592 4410 3829 2845 4957 2196 293 322 901 510 1101 854 4182 2067 3954 2736 2224 1668 4196 3794 2082 1356 2376
2563 4368 1301 579 3249 4596 4007 1366 230 4394 840 3800 455 536 1953 3373 381 208 2999 3135 2002 2312 1374 4905 2735 2014 933 2849 291 2597 1610 2145 2438 2830 689 2830 420 1602 4103 3002 3736 4873 3967 860 4164 22 4372 4996 4888 1712 1050 4982 3310 2476 1660 3457 457 1205 938 2595 3450 520 1495 1559 2087 3668 3962 3100 469 2122 4566 3107 3420 1544 4072 4099 4552 4839 1680 4000 2199 3474 163 3222 2981 81 940 3583 1737 1947 3513 3374 1766 143 3108 2345 1781 4308 2192 579 3103 1336 2161 649 3892 794 3275 271 4611 2047 250 709 2551 2017 1317 1077 201 1219 1249 1786 3215 4294 3284 2004 906 3514 1094 1472 1290 1922 4540 4105 2149 4368 4197 3648 4691 2736 3679 3653
4953 4572 2204 811 1848 3679 4316 3709 4491 3661 2220 94 4286 327 4541 2829 1862 4730 446 4424 2858 758 1596 3111 253 146 399 2262 4182 3748 387 2474 673 1042 374 4196 576 1515 159 4241 1736 4608 4546 2298 3535 2713 1355 2523 245 3130 4300 3462 3090 3939 913 529 983 3496 25 3007 3277 4609 2319 3565 3546 2871 4722 2722 686 3114 3490 1861 4018 4554 4099 1731 4983 4680 2865 926 4614 3391 1478 173 3716 1382 2232 4915 957 1335 1281 3731 673 1653 512 3545 1869 459 1097 4339 716 2801 4767 1459 69 4763 2073 281 1805 3299 3738 3412 2833 898 1004 3401 2917 4056 1126 2532 1863 2379 980 2551 4863 1905 3122 3867 3278 1548 3927 892 3953 638 4442 3619 4341 1943 3272 456
4922 1228 520 4876 1797 70 4739 3934 2551 2711 4125 135 2607 1268 4666 345 163 3475 1712 4672 3955 4205 4489 2354 4087 2931 3357 1314 986 897 1421 655 978 1205 403 3301 958 488 854 4146 1860 2360 4073 4354 3787 2253 1808 1727 596 4933 1831 4562 3348 4381 811 1939 580 3615 905 3097 4169 2366 777 4469 877 4054 685 1543 2793 2766 1369 3614 2230 679 4552 4983 1837 948 32 3870 2725 831 4044 4090 649 244 3946 3130 3628 1319 3767 4701 570 2146 362 273 1560 1472 3208 2493 2296 586 1089 1817 3376 2569 4668 4520 2027 3456 1938 4977 1844 2216 3807 853 4485 3569 1773 4152 4694 2511 4828 104 4990 80 4910 2912 3881 1616 4394 136 606 2750 1188 2859 3451 2005 4245 1429
4512 4089 4047 2204 1988 4280 1058 579 3751 4211 1760 4332 873 3573 4632 2672 3313 4006 3386 4090 4465 2031 1327 684 4448 2026 2805 2082 4000 4980 2391 2327 4022 185 168 3301 2408 4788 2015 4272 1246 1319 2805 350 1834 3424 1268 4958 3691 289 796 4762 4996 2894 2264 3132 1115 2109 1968 3394 3773 494 788 2035 2102 4307 990 2179 3344 683 1268 3127 3001 2757 4839 4680 948 1046 4626 2508 524 4337 2088 3570 2852 4282 157 4076 2126 3851 1089 231 2948 270 1672 4120 3258 3195 4645 954 467 4040 2591 2628 3141 2603 4274 4692 3902 726 534 2717 4519 4992 2576 502 4484 2094 212 2310 3490 190 2398 2464 3226 1258 484 2053 2386 1322 4291 254 2064 170 1957 3950 1704 536 2230 132
919 4302 1326 3401 3811 1494 1441 4702 906 4508 3684 4275 137 1512 1936 1210 1112 1881 3845 4340 628 2027 702 3633 2783 1671 327 3320 2273 3365 2612 3968 1851 2201 1815 4738 669 3628 4374 3483 2898 41 2938 217 2535 1303 1242 2004 3510 2570 1032 3394 4229 2574 3079 291 353 3467 1184 4816 3753 3321 1611 1171 1372 227 1987 3814 4724 1936 4278 4963 295 3441 1680 2865 32 4626 3528 4201 1241 2241 4903 2301 3667 819 942 594 3390 180 677 1688 4125 2682 2311 2595 780 1938 2289 1457 1212 3190 2850 4164 311 2562 2125 82 4639 1382 1847 3676 3137 314 139 2186 4457 4575 563 430 4308 3233 1675 4006 4855 4257 1336 3095 1120 2313 1011 3804 2179 1819 2643 1136 3659 250 2072 752
580 4691 4951 4061 1313 4701 3609 2375 2413 495 2431 2099 4747 3248 2865 4808 4174 1309 875 2169 3253 2301 2276 819 4790 3949 3351 2090 3124 4044 450 416 4217 530 2556 4082 1153 1252 2836 3540 2582 1549 2906 4419 2166 3451 4368 4905 1977 3719 2554 94 406 539 3063 3420 467 3560 2644 1346 3480 2312 2293 716 935 4609 2563 1411 4137 3424 592 3891 4869 869 4000 926 3870 2508 4201 142 4883 3869 1491 3571 1183 3248 4332 3717 286 821 2088 1078 4360 3626 1520 2866 3474 4814 416 1341 1452 336 3890 1854 1601 3559 1597 1134 1543 3690 755 2027 3445 1173 4971 2462 3933 184 2745 2046 91 434 2507 2001 2714 1656 4905 858 1125 1086 4187 4994 999 3786 1603 628 4320 2498 3153 3164
3153 3831 537 814 926 2253 3970 1098 1769 69 4719 478 878 185 2079 1955 2474 1924 1851 1051 2507 273 3381 3832 2152 3820 1815 1790 4551 2102 4848 3091 3499 2755 1992 3840 2342 3999 1585 107 134 944 1970 3513 3764 4380 669 3128 3574 4312 395 3191 3012 2116 2111 3443 2896 2960 2942 4362 4770 3089 3087 4271 290 4972 2279 309 4980 224 1107 2733 3368 2119 2199 4614 2725 524 1241 4883 2361 4291 3333 502 2750 1560 2211 1393 4716 4122 4606 1923 4343 224 2213 1434 3412 4556 4628 2169 1242 2737 1206 3577 2786 3508 3258 341 3398 1074 2499 3353 3154 4345 658 4660 4236 1444 4934 1725 3400 2888 1931 3734 4447 1819 2885 3125 4912 4222 571 2529 2872 956 2032 1155 1199 3130 543 2674
137 3403 3284 3540 3822 3600 3493 4002 2802 1310 4843 4161 1506 3606 1259 2577 4864 234 3722 1715 1905 4821 1425 218 4305 1375 3288 2326 1484 656 532 4013 1939 1082 3561 2050 4204 4635 3095 4324 3361 265 4590 1302 1223 1380 4553 3386 1695 4556 191 309 3980 4721 2816 756 3600 783 4562 4593 854 2298 805 2354 2956 3089 1978 205 3488 2950 1296 3378 1014 3746 3474 3391 831 4337 2241 3869 4291 638 4556 2426 3592 4254 2207 3753 3975 1197 4590 1240 1921 2575 2745 4919 2348 3737 2846 3137 3891 4903 4665 3418 2329 1407 4112 3776 3241 1635 1653 765 2133 1387 1032 3708 441 2339 41 3568 1392 2216 944 34 2642 4482 3092 2305 1916 3095 1447 2986 4907 3880 1236 3039 3578 1453 2771 4702
1120 2667 492 4997 1317 396 1147 3329 1835 4694 3518 4050 821 1768 4975 4951 1382 2834 1840 4703 672 1037 2296 4416 1647 3490 4172 3479 1835 2657 4331 1929 3912 1605 1499 2676 3897 2470 1674 2154 2660 2722 4403 4420 16 3072 4170 325 2398 355 2174 1921 2032 4483 4303 3964 3025 2923 3589 2715 4366 3295 2386 1447 4425 3494 776 2109 723 3323 606 702 4247 1225 163 1478 4044 2088 4903 1491 3333 4556 4412 1532 1233 920 2807 3199 4257 3885 2247 4509 4623 1337 2751 3386 1248 259 629 652 3869 2622 1536 1506 2220 2127 4932 345 4001 644 522 2170 850 4781 471 3001 2556 2947 4735 570 1411 336 342 1006 675 3778 2986 603 1257 4466 3294 706 1425 4254 2445 710 2337 977 389 3262
4983 845 4539 46 630 165 1086 184 511 3358 2299 4393 4662 1288 2758 2343 1385 3759 3625 48 2952 4280 3649 1818 237 3324 1085 3330 153 3061 3608 936 3606 3156 3738 3513 3540 1472 212 4022 2949 4367 162 2393 4124 4002 2987 1368 1408 3568 1099 1423 4242 4552 1379 3549 1293 1776 2598 4377 4262 3053 2836 205 207 4003 3181 3992 771 1816 4082 4680 1107 3893 3222 173 4090 3570 2301 3571 502 2426 1532 1144 3139 2171 3156 1502 3143 4002 3588 4902 2395 372 2129 2859 3718 423 3484 1408 3233 2247 4015 2594 2863 387 315 440 2147 3470 2108 2563 2163 1235 1389 1024 1553 285 3633 3272 1426 294 4012 52 372 873 1782 395 4927 623 1927 1459 944 4643 2750 3034 1222 353 4328 586
3711 2825 4189 1407 817 3551 3586 3452 347 1269 2183 149 1612 3775 3153 1587 1578 1051 4940 2602 1060 4491 1590 2548 653 2402 1714 3614 4814 3963 1138 2201 4057 4303 1663 3349 3765 1717 1626 2505 4297 598 834 2558 4489 2624 909 4732 2425 2809 429 274 120 4969 3284 651 1260 4256 2724 542 3558 3072 79 3569 2988 4224 4782 1092 3548 3809 4630 1690 702 680 2981 3716 649 2852 3667 1183 2750 3592 1233 3139 360 3108 3414 4356 4251 3624 194 4923 4545 1766 4989 2762 4212 739 3168 2407 949 1252 2759 843 4402 2178 2533 672 3664 1997 2685 3234 4512 203 4564 4020 1560 3113 491 1659 943 1129 1221 1173 1957 1725 1688 2159 2441 3776 4336 4146 810 996 89 70 819 4551 504 4238
2742 2628 1554 540 4236 3807 1813 885 693 4853 3469 1667 2296 1125 2770 2532 1003 3319 3430 3775 4146 4829 14 2822 1153 1827 4704 411 3424 2517 3216 658 3309 2353 2980 558 2120 4614 1818 3971 3437 1183 3956 3137 3154 3420 2962 4074 1192 3524 3044 1684 958 4292 978 4284 1182 4343 4113 1573 3217 3204 3542 4224 450 2859 4074 993 4605 2181 4133 1957 4740 408 81 1382 244 4282 819 3248 1560 4254 920 2171 3108 2834 336 1994 1010 460 2154 106 1763 2685 293 4708 3770 4525 2213 2980 4200 4245 4161 2481 324 3244 864 4001 176 2144 1134 1324 3523 3723 47 1229 4839 3212 611 2861 4602 1300 4864 192 4354 3538 1838 4948 2887 3714 4530 1036 1781 4857 4351 711 513 1089 4433 2435
1473 897 119 4345 4567 2928 3797 330 809 4022 1894 2712 4077 1553 4065 1069 4242 3310 3299 3105 782 1457 1728 2874 826 4978 4648 805 4953 1971 3629 1885 4132 1621 1966 4099 735 4993 2483 147 2895 356 1782 2377 1772 856 1542 104 852 1474 2039 2864 4758 1388 3354 952 853 1855 2217 3859 2078 141 3078 2081 12 668 2490 2299 1291 2693 1092 4826 237 3993 940 2232 3946 157 942 4332 2211 2207 2807 3156 3414 336 2196 1303 487 4402 4798 433 333 672 2178 220 987 2677 1578 3520 348 98 598 1474 1872 2334 1136 3192 1092 2373 3767 3230 1635 3307 2552 978 260 1652 1646 4754 4346 3653 1256 3835 3502 2722 998 4266 3909 1208 2026 4158 1758 795 221 3514 2790 4822 1057 4233
1168 4346 633 2162 4552 1005 3632 1090 1394 1333 1515 2420 10 2783 999 4549 1138 3475 206 912 3987 1178 1586 3639 907 3369 4660 2071 2343 893 4997 1996 4266 946 4830 1924 4477 3896 4527 3678 1841 1887 2145 4818 2681 4796 1395 2249 3499 1581 4139 1067 3166 3040 657 3677 2975 1029 3072 4103 4898 774 54 2933 2279 4264 391 3377 2843 3082 2039 2248 1374 3952 3583 4915 3130 4076 594 3717 1393 3753 3199 1502 4356 1994 1303 4432 2934 4214 4076 989 93 756 1961 3672 2604 1541 1996 2278 3154 1562 4168 3338 4545 4747 1103 449 3320 1165 3662 3190 1553 3256 4170 1296 4161 1772 3890 2876 532 3670 4678 1469 2354 499 4229 4043 3039 940 1727 2350 3557 4743 2279 4443 27 1089 3607 2404
3486 4781 2643 2989 1101 3814 2387 4839 940 3226 3559 2574 1507 84 3649 1600 1020 2764 827 3714 1185 3292 3340 4399 4744 469 1857 1942 4099 4808 4224 2977 1401 2419 1982 3316 649 613 2405 1702 125 2222 2479 20 470 173 891 1000 3036 811 3531 237 2361 495 3367 4972 3185 4393 3496 1214 2538 4957 4077 2264 4950 2783 867 3855 4038 406 3204 3095 390 4521 1737 957 3628 2126 3390 286 4716 3975 4257 3143 4251 1010 487 2934 1013 3678 4269 3043 1542 1270 2859 2329 709 3184 1909 3171 760 3641 4568 2314 1593 2921 2480 4726 2926 4025 4515 3247 2276 1074 3678 1285 2282 1506 1717 308 1447 1630 1102 134 183 3803 3230 4702 3562 1817 3482 1727 660 3101 1029 4861 2203 3002 818 37
4272 1370 659 4183 2208 4404 4048 404 3219 3720 4455 3766 4024 4094 739 716 1155 4941 2504 1257 4632 4063 413 4375 4706 2488 4071 2544 2123 776 2538 4507 621 3079 4795 2408 4556 2916 4822 2403 1927 886 2061 3986 4038 1494 4196 2767 4438 1599 2258 97 72 4475 999 1908 2692 4932 4655 4474 2425 154 542 2519 546 1997 4932 2507 4596 4859 263 492 2201 2639 1947 1335 1319 3851 180 821 4122 1197 3885 4002 3624 460 4402 4214 3678 4736 1170 4266 2801 2451 2100 147 1751 1846 2559 2453 317 274 4568 374 2113 1588 2467 2006 592 4365 1037 2577 2645 2052 3463 978 3635 3772 3001 772 290 2934 2706 1227 2337 21 162 1933 3813 3632 4446 2639 3486 3581 1051 684 1683 4906 3309 3113
3905 1350 774 3439 4285 4514 2422 501 3455 3375 255 152 1150 3364 1362 2771 4207 3037 4677 3888 1588 3697 1928 2301 3661 2685 522 3562 1572 4419 4582 396 2236 2798 4529 817 3862 3590 1601 3271 4309 3355 1201 47 2825 1181 1017 1759 1462 3906 1540 4110 3072 3060 3975 3632 4099 762 1069 2251 1259 4646 3566 343 2345 3274 4377 4173 2020 2942 3536 3581 252 1768 3513 1281 3767 1089 677 2088 4606 4590 2247 3588 194 2154 4798 4076 4269 1170 3987 2280 776 4293 366 2205 4628 355 677 3619 2057 3968 2160 2903 3550 2103 2330 2655 4725 2801 2940 517 3922 2198 3600 2484 2272 3214 4148 57 2798 2718 4648 2115 4888 3610 2218 2402 2234 2621 187 237 2265 3657 2843 1308 3602 2684 4227 2769
3850 4281 82 679 1460 2423 1428 2611 3539 2873 2820 3232 2685 374 3786 2974 2921 1126 1000 4494 846 362 4800 3847 947 3418 1320 4898 2440 1603 2739 43 502 2190 4766 1286 1404 493 403 3620 1930 2900 663 3490 576 2399 3324 1257 2804 175 243 3930 3634 3871 1530 3483 1928 1282 3348 2920 1553 230 2005 4912 3755 2260 1761 2034 4155 4076 4977 3986 2186 1637 3374 3731 4701 231 1688 1078 1923 1240 4509 4902 4923 106 433 989 3043 4266 2280 1256 2902 4696 629 4092 3084 3280 3078 4123 869 4687 509 3977 4031 2127 4313 2266 4896 4978 3404 938 935 2615 3538 4508 3389 788 2048 745 3176 4175 3326 3528 4520 4791 567 4857 4081 1780 3537 3050 4148 4646 1650 163 4739 3239 2326 4697
1980 4433 1973 596 2815 2214 2961 3100 2503 4862 4462 422 4269 2609 2957 3562 4694 4792 3731 4891 554 2042 1437 1715 3826 1386 1478 4832 2196 1604 4106 1228 2188 46 3281 692 4780 1250 3593 525 4163 914 4209 3424 2264 726 3057 552 1362 42 2262 4210 1488 2291 4667 1217 4495 3485 539 3721 1886 2848 1192 3659 751 748 256 2250 561 4029 4353 1146 724 1487 1766 673 570 2948 4125 4360 4343 1921 4623 2395 4545 1763 333 93 1542 2801 776 2902 138 2536 4219 201 2138 780 3638 934 132 4683 3894 3863 2373 2550 1556 2693 4965 2711 2704 2036 2642 347 3044 4928 3636 2809 72 3144 3072 3670 65 3138 4817 3039 3652 4783 4003 316 1379 3736 1353 4939 902 298 3972 3249 4338 3971
1461 561 2910 4615 2382 978 951 4306 1161 4471 2524 3745 420 1921 4201 4891 1350 871 3586 3488 3926 4102 532 2535 1934 2916 930 1688 3754 2163 4615 2791 1649 826 2729 1471 837 3152 3296 3008 835 4352 2932 1993 4796 4105 2521 1880 2497 997 2398 1877 689 3121 2817 4983 715 3183 3420 3670 4564 2552 1594 3311 3324 916 1116 2274 3895 2281 4185 2638 2392 1258 143 1653 2146 270 2682 3626 224 2575 1337 372 1766 2685 672 756 1270 2451 4293 4696 2536 1887 3931 502 2184 2111 1099 2930 4092 2499 2559 469 1766 914 2513 4505 521 4994 3240 458 2056 4670 2285 386 2417 4733 1392 1877 2608 2600 1099 3322 3019 4667 3154 2955 3543 1788 2086 3633 2334 984 4424 1490 522 2533 523 418
3896 4002 1231 1590 2433 1588 1342 2562 4575 930 2487 3932 3281 430 1873 3237 4260 2484 1974 1366 4573 1193 2692 4832 2968 2995 3657 3249 4853 2279 2319 1932 4488 888 1763 520 3844 3034 3532 3925 1718 3841 2228 3888 3795 586 3433 559 3729 2414 1698 2710 3375 384 3319 2489 4167 3517 1008 3628 2936 1417 1578 3948 3798 1406 87 4104 1195 2898 4208 1859 2170 4409 3108 512 362 1672 2311 1520 2213 2745 2751 2129 4989 293 2178 1961 2859 2100 366 629 4219 3931 3430 4149 3830 4809 2169 1233 1605 947 4686 1110 3912 4665 4897 1032 3455 4208 28 4445 4467 2890 753 565 1498 1297 3065 1125 3422 422 1349 1550 1952 709 4836 1894 524 3757 4905 2255 2597 4356 3559 3327 1972 4521 3913 3951
3529 2083 3045 2149 2287 1660 2289 4704 233 335 3636 1718 4326 3583 3038 1725 3151 1263 3761 4963 3251 161 3185 3983 3596 3215 3579 4774 720 3600 3836 1555 1586 2309 1463 1016 1835 2693 4516 3325 2837 3356 378 3863 275 53 1675 4648 1755 4398 3545 4966 709 2673 3012 910 3558 3976 2821 4437 1123 2740 1260 1355 136 97 4136 4125 2059 4479 2516 4376 3223 3439 2345 3545 273 4120 2595 2866 1434 4919 3386 2859 2762 4708 220 3672 2329 147 2205 4092 201 502 4149 2800 4740 1748 3583 1684 4567 4262 4742 4862 4565 1861 3349 2550 1887 2107 4758 3498 2179 311 2101 2474 4449 3572 4496 1311 2307 3611 4601 224 103 4784 731 2809 2634 2943 4373 2543 4927 1206 40 2051 4003 1644 2032 1997
2261 2797 3719 3284 2025 4341 466 1363 2136 724 4424 4681 315 4974 152 2791 314 787 3672 2248 4237 1490 1731 4554 3227 3100 2843 4711 296 23 541 3379 2490 817 4059 266 3414 1475 315 2689 393 2202 1048 165 3904 3048 4079 4747 3698 1626 1191 1661 4143 4047 3312 4287 2711 963 2694 3380 2556 2793 705 91 3822 4577 758 3988 1182 3642 2968 2015 4722 1673 1781 1869 1560 3258 780 3474 3412 2348 1248 3718 4212 3770 987 2604 709 1751 4628 3084 2138 2184 3830 4740 802 3361 3208 3109 951 4031 1397 1341 846 1469 4778 2843 1073 3804 2361 3076 2014 593 194 562 3244 3530 820 3145 601 888 227 1299 3690 1821 839 1368 120 4762 1560 3542 4285 3622 2150 1594 1497 908 3497 4064
1150 525 2441 4805 2176 315 2327 3897 2391 2295 2148 1465 2775 2058 3040 2883 869 885 439 338 4205 4685 4774 1514 3358 1905 4790 1645 4316 4765 2617 1725 3321 327 3036 3140 1054 4695 2491 3890 3456 3749 4695 2351 2165 2506 4055 2096 1333 3918 4223 3206 2548 1666 4709 1826 4203 2522 4507 3963 3820 2653 1822 4495 3627 970 1449 1160 1550 937 1936 3637 1005 3756 4308 459 1472 3195 1938 4814 4556 3737 259 423 739 4525 2677 1541 3184 1846 355 3280 780 2111 4809 1748 3361 3709 4533 4160 437 3364 2318 3034 2835 4134 3067 4471 2221 4598 73 419 1961 3395 1188 2264 1334 4508 1126 1053 81 1576 2756 1645 3507 1147 424 3204 3769 3324 276 3721 3769 3762 4743 4990 1577 151 3124 3148
226 721 853 3206 2786 2076 4237 206 4332 1774 1648 452 4319 755 1798 4294 2157 4120 1508 3017 2916 1321 2955 461 182 4941 4928 3255 1459 2591 2740 734 1870 782 2611 4109 3686 4028 3818 4563 1324 2703 3282 3960 4742 455 4529 905 941 338 449 4966 3810 1764 3005 1157 3377 430 2035 621 2589 962 3190 4410 1670 2288 4668 4314 4689 2868 540 3975 4099 4860 2192 1097 3208 4645 2289 416 4628 2846 629 3484 3168 2213 1578 1996 1909 2559 677 3078 3638 1099 2169 3583 3208 4533 4372 936 2618 3483 2523 3132 1217 2885 1591 55 4993 1656 3183 280 317 2922 1507 939 4233 2879 4740 984 1541 1470 1477 1020 1395 3013 721 2896 682 403 271 427 4559 1225 2665 3593 4524 3098 317 1164
4632 3928 4013 4787 3160 4377 3672 1725 3625 1016 3241 3765 1805 3654 2189 4297 4256 3379 1464 4413 4443 1800 2252 1852 446 3328 604 3078 155 3265 1079 1728 4684 29 1693 4414 4351 3379 4926 246 3859 3350 369 4451 2316 4681 1041 3275 4729 3300 3335 1918 2395 303 2366 3699 2356 3143 2598 3553 3701 2979 2542 654 4985 512 3910 842 3453 3799 1608 468 4526 2458 579 4339 2493 954 1457 1341 2169 3137 652 1408 2407 2980 3520 2278 3171 2453 3619 4123 934 2930 1233 1684 3109 4160 936 939 1081 4028 2083 4656 475 1063 254 51 1147 333 2789 2882 4015 4193 1518 4034 656 168 2256 1516 765 3691 2826 3486 2217 1297 621 612 1282 1454 324 1053 1885 4326 3462 4058 3409 1575 4515 1466
2967 64 4926 3211 499 3613 3231 3650 1770 2883 2003 2944 1477 3193 4043 2244 4602 3743 279 1896 3353 2177 1747 4041 4226 3185 534 1718 4504 339 4667 4734 4115 3489 2653 1241 4860 289 229 1199 1742 4351 4410 2431 3344 2681 4758 3118 4462 1597 368 3233 2432 2816 2500 1804 3735 3270 4330 4010 4877 106 4570 741 1674 835 300 3107 2672 1805 4742 2074 4949 1735 3103 716 2296 467 1212 1452 1242 3891 3869 3233 949 4200 348 3154 760 317 2057 869 132 4092 1605 4567 951 437 2618 1081 4144 1470 4110 3363 4016 384 2816 4579 1526 404 4260 1276 4602 4231 4978 2060 345 282 4648 3044 1329 3847 980 3973 4963 155 4784 4462 4653 3739 3341 1238 803 1950 710 900 4011 704 4967 1481
2409 4523 1567 1614 2630 1343 2440 2917 1068 505 2343 2020 3053 890 4030 2239 4773 829 1860 4835 1874 673 3908 3266 1838 4514 3145 1999 1119 324 4005 1542 3065 961 1605 2971 855 2820 4514 2619 4896 1484 1630 2642 4059 4522 3092 1620 4082 1445 2389 3599 2112 2216 3633 2521 3293 2311 3643 715 1103 2697 909 4468 1016 1228 3429 293 144 4462 2898 4991 3982 1307 1336 2801 586 4040 3190 336 2737 4903 2622 2247 1252 4245 98 1562 3641 274 3968 4687 4683 2499 947 4262 4031 3364 3483 4028 1470 483 4715 4255 3056 613 174 1763 3072 2862 3870 3977 4557 2219 899 3235 4247 2819 3618 2036 4044 1722 3053 189 2866 2709 2568 97 2311 3381 2174 1066 3961 1539 4208 476 831 4072 3575 224
2191 2792 549 50 4762 3093 1212 1237 2481 1412 3970 127 252 3076 2084 3182 1017 1997 2493 2637 3198 496 1212 2383 2085 1235 4241 2347 115 2396 1835 2111 264 1711 3977 337 1694 2127 633 2905 3247 761 47 4904 3682 4114 1098 3916 4996 2115 2653 3849 957 2164 855 2100 4730 4701 1800 367 2670 3091 1770 3898 192 1721 2299 3213 1189 932 4263 2764 1624 453 2161 4767 1089 2591 2850 3890 1206 4665 1536 4015 2759 4161 598 4168 4568 4568 2160 509 3894 2559 4686 4742 1397 2318 2523 2083 4110 4715 2149 4422 3555 577 1168 3137 3239 2383 628 4841 4426 4929 199 52 735 1469 3568 4706 4767 2205 4320 363 2776 3742 3204 3927 4304 1143 3196 3683 4761 4525 498 1599 2536 417 80 1734
1953 29 4005 600 2139 681 3734 1997 4660 1978 3214 3611 1821 399 4532 296 3357 3132 3290 2087 3141 2270 1520 3459 1458 3827 1844 652 103 306 1864 4211 2376 2391 3013 4691 580 2677 4657 2777 3748 621 1589 1420 36 3240 1864 2656 1578 4697 1487 547 3001 284 1999 3132 1231 4823 2298 2812 2982 3015 531 3008 4717 3053 1530 733 3812 3355 2018 1283 706 345 649 1459 1817 2628 4164 1854 3577 3418 1506 2594 843 2481 1474 3338 2314 374 2903 3977 3863 469 1110 4862 1341 3034 3132 4656 3363 4255 4422 4191 499 450 153 1085 604 3405 1470 300 2963 3639 3614 4268 4196 3378 3366 3986 3870 18 1112 4799 4075 3871 3706 3400 863 654 2547 2592 3736 4654 2278 3505 961 1113 4189 3728
2660 3791 3289 1773 2703 3676 1288 1579 1290 2944 1271 1423 851 2813 1961 4691 3977 1468 1697 818 4246 2897 1556 3858 1159 4954 3898 4844 1837 3000 1329 2720 4539 3246 4890 4213 3348 468 30 152 3770 1764 4345 1308 1053 4609 4314 1128 2287 4388 3345 4310 3182 1900 3025 563 2122 3550 816 2405 1487 4503 2747 2740 766 1101 4247 691 2166 3628 244 2514 1254 2591 3892 69 3376 3141 311 1601 2786 2329 2220 2863 4402 324 1872 4545 1593 2113 3550 4031 2373 1766 3912 4565 846 2835 1217 475 4016 3056 3555 499 212 2569 3331 3197 2781 15 579 4440 464 2530 2840 140 4177 3270 626 4796 3350 4143 2947 4951 2411 4731 1914 3488 4441 3744 4446 1447 1232 4121 3388 2002 3604 3658 4055 4861
3346 1386 2141 4600 4160 4285 2787 118 3243 4307 3363 3639 357 2319 454 4195 3891 4915 3895 2400 3206 4473 3551 626 1899 4190 3488 2890 2742 1088 406 2703 425 4342 3176 1723 3204 1855 4616 25 2014 2071 3598 2950 2011 2428 454 3359 500 402 236 4615 3561 508 2712 1853 1088 970 3903 1839 3307 893 4682 2813 4302 1261 3151 3518 1132 2808 4744 4483 4938 1895 794 4763 2569 2603 2562 3559 3508 1407 2127 387 2178 3244 2334 4747 2921 1588 2103 2127 2550 914 4665 1861 1469 4134 2885 1063 384 613 577 450 2569 2876 4127 2331 639 1660 3522 2185 469 3283 1395 1183 4270 4145 4206 3627 3405 3393 2852 3419 1742 2822 1025 4663 1467 1259 2562 1027 3509 1638 114 2657 665 3519 1798 702
1687 716 2664 4425 1887 3866 348 1718 2097 3088 2459 390 1579 1485 1622 4730 4851 2282 2606 2974 2859 258 4564 4943 3559 2437 4328 4773 4381 3546 2784 2548 2933 4110 2039 2658 4923 3928 1484 4148 2945 3961 1997 372 3260 476 3417 660 1049 1137 1839 3698 2860 3884 1180 1998 2307 485 3800 4624 4156 179 314 1234 3268 1418 2486 223 2688 4508 1837 3405 3377 1206 3275 2073 4668 4274 2125 1597 3258 4112 4932 315 2533 864 1136 1103 2480 2467 2330 4313 1556 2513 4897 3349 4778 3067 1591 254 2816 174 1168 153 3331 4127 2421 444 4479 763 79 2196 1642 2043 612 652 2893 1165 2997 2931 1684 4242 792 2781 4441 4840 3442 2006 2111 1498 2410 910 3477 4920 1510 1375 4661 1401 2460 1293
4626 4792 1781 4381 3188 3206 2506 2400 1417 3805 599 578 4077 3383 3390 1264 2491 2140 4835 4740 1109 4301 4044 3363 76 4384 1115 4325 4661 2314 2115 3152 97 4828 1390 4044 1329 1267 3545 4856 4289 4934 1941 4280 962 1404 1577 3540 732 2052 922 4485 4280 1954 642 3186 4461 29 3559 258 699 242 2801 4932 4515 3387 1892 3315 1303 318 1066 2651 2003 129 271 281 4520 4692 82 1134 341 3776 345 440 672 4001 3192 449 4726 2006 2655 2266 2693 4505 1032 2550 2843 4471 55 51 4579 1763 3137 1085 3197 2331 444 776 1454 2321 4615 1756 3184 3240 84 4815 3411 674 3211 1314 2637 321 389 3840 4435 1900 2651 1614 4914 2767 721 1981 4027 3380 404 4042 1912 1584 3283 2166
2967 4024 4169 882 2343 3720 3308 2322 1470 2411 1950 1290 4139 1701 686 898 1137 840 800 1264 3362 3797 1121 1881 1776 3358 933 3082 4437 4845 3293 870 151 4965 985 1214 2505 2689 3063 3304 1800 2477 3894 3137 790 2895 1536 2505 871 3603 3254 1379 4730 597 3125 828 4935 1974 629 1750 3818 1985 3176 712 1496 4787 4647 3219 2264 4568 4755 951 2384 1646 4611 1805 2027 3902 4639 1543 3398 3241 4001 2147 3664 176 1092 3320 2926 592 4725 4896 4965 521 3455 1887 1073 2221 4993 1147 1526 3072 3239 604 2781 639 4479 1454 4898 728 144 177 495 2189 2725 1563 2578 2328 3620 289 1077 4717 4032 1938 2428 921 3360 2875 2379 4614 258 4813 367 30 1240 3915 2959 884 126 3202
4016 1523 3030 739 4098 1163 431 2335 1364 1689 3736 1947 2160 1429 464 623 1891 646 3539 4172 3997 1858 3179 3936 991 1921 856 3959 4230 268 3671 3065 1396 3753 3242 200 193 4506 204 2150 3974 1519 2466 46 3637 3434 3901 3978 1650 546 4705 4274 3030 2093 2487 399 2511 1854 352 2456 2300 2518 1225 2769 1720 4926 2734 1155 2322 4518 505 2830 2590 323 2047 3299 3456 726 1382 3690 1074 1635 644 3470 1997 2144 2373 1165 4025 4365 2801 4978 2711 4994 4208 2107 3804 4598 1656 333 404 2862 2383 3405 15 1660 763 2321 728 1114 3872 4135 1389 4943 1300 3777 2528 2276 2350 2656 3256 4968 199 535 3957 2860 2241 1650 4618 3909 2513 4681 4966 1242 889 398 2267 4855 2851 2140
4292 3025 1896 3711 1037 2894 2970 2944 1868 4878 4111 3776 3873 869 3898 749 4625 822 3194 3488 1688 1195 2212 2037 4917 3729 4354 3845 3819 4283 3463 1162 1782 2708 3051 4004 4608 1225 3502 2541 3076 815 2564 1042 1732 1196 4026 962 2234 1404 284 3900 165 219 264 1817 2065 246 3374 1618 363 3671 246 3250 3446 2193 3408 2944 1638 359 1901 2448 4356 343 250 3738 1938 534 1847 755 2499 1653 522 2108 2685 1134 3767 3662 4515 1037 2940 3404 2704 3240 28 4758 2361 73 3183 2789 4260 3870 628 1470 579 3522 79 4615 144 3872 2479 1701 4104 1770 3789 4717 4591 461 494 207 942 2386 3271 4491 1749 3081 796 4289 2347 1370 3340 2374 2152 3026 3509 900 1858 3042 2025 658
2908 1735 833 862 2114 1664 4381 931 2509 4398 1946 3054 4507 2477 4263 4902 3449 655 473 1359 3268 28 2178 1687 3820 1778 3343 2611 4691 2565 3311 3735 1747 819 1483 1798 3742 4294 4622 666 3353 1531 515 2308 2923 929 1593 4137 3025 2495 1801 4434 2550 4690 2440 2870 1011 2572 4101 1465 520 4285 1108 1365 4991 2031 4432 1686 4801 264 1810 2311 2276 1077 709 3412 4977 2717 3676 2027 3353 765 2170 2563 3234 1324 3230 3190 3247 2577 517 938 2036 458 4445 3498 3076 419 280 2882 1276 3977 4841 300 4440 2185 2196 1756 177 4135 1701 3134 89 4872 1223 2049 1163 4476 2836 3042 2642 1425 2707 297 3691 4808 3104 387 897 4636 3853 2341 3231 2683 2037 2463 1143 3764 3291 974
258 3080 1382 1492 2369 4577 735 4988 4836 3739 567 3021 3878 1323 3561 3936 626 2047 2705 1037 1410 4374 1002 4790 1933 4150 583 1362 4997 2514 1069 1947 2559 4490 2738 1919 2218 342 3182 3537 199 4982 4167 1494 2672 238 2813 1981 2915 3456 570 2082 3314 954 2708 4849 4010 4873 3295 3112 1694 864 4083 3672 858 4344 4506 1942 2156 2834 778 1471 4255 1502 2551 2833 1844 4519 3137 3445 3154 2133 850 2163 4512 3523 1635 1553 2276 2645 3922 935 2642 2056 4467 2179 2014 1961 317 4015 4602 4557 4426 2963 464 469 1642 3184 495 1389 4104 89 2599 4262 1509 1142 2255 2845 1818 2044 2106 404 1934 3180 770 2068 1793 3419 3014 1661 898 3797 3876 1968 3987 3305 718 4515 64 1858
2520 3566 1501 3180 652 2060 2958 3653 3391 2921 3187 2662 2163 4488 4072 3799 1504 3679 1612 4140 2183 4042 1231 3918 3575 4862 4495 4372 1605 3972 844 3861 2406 786 3744 2738 1203 2879 4921 135 4847 906 4560 3703 2943 3519 4441 2378 3575 1101 3523 3814 77 1466 2070 1309 726 2539 653 1628 4441 4423 2774 1548 3230 4139 1867 3502 880 3588 1106 2117 560 2057 2017 898 2216 4992 314 1173 4345 1387 4781 1235 203 3723 3307 3256 1074 2052 2198 2615 347 4670 2890 311 593 3395 2922 4193 4231 2219 4929 3639 2530 3283 2043 3240 2189 4943 1770 4872 4262 708 2235 2863 3903 3456 1854 3016 4900 3331 3295 1384 3443 224 1065 4384 1778 3690 2755 1574 4502 3323 1601 3347 83 2075 69 4853
265 2754 3551 1527 219 4095 1491 122 310 1529 2749 3622 2422 3186 3505 3067 1614 495 2078 1669 2763 1697 613 3558 662 1781 2317 3468 1919 2476 3051 4167 2347 1427 3917 2028 3406 4664 3412 3614 3859 754 2031 2840 4875 4657 3646 1805 4329 4313 2831 1523 3543 2253 707 3385 1040 753 3636 3495 2744 4534 4889 3831 2461 2168 91 4839 3439 4246 1132 2903 4663 859 1317 1004 3807 2576 139 4971 658 1032 471 1389 4564 47 2552 4170 3678 3463 3600 3538 3044 2285 753 2101 194 1188 1507 1518 4978 899 199 3614 2840 1395 612 84 2725 1300 3789 1223 1509 2235 3829 126 461 2125 3895 3198 2775 2208 2491 3659 4425 3125 1851 2527 3323 1175 4879 3875 3340 4156 1006 241 1936 552 4764 881
3144 2215 3324 600 2352 1470 1934 647 2579 4851 182 4767 2302 1463 2506 4743 1450 1584 4214 540 4860 1560 3174 3819 2238 4262 3333 1381 577 2646 1560 1356 1990 3921 493 3400 1375 1851 1895 3246 3984 4490 4599 4633 3266 2276 1095 608 1845 1192 2186 3302 3527 2226 2635 2068 1344 4813 4361 2734 642 3444 4362 4083 3251 2919 4930 4412 2179 1819 1937 908 4705 2942 1077 3401 853 502 2186 2462 4660 3708 3001 1024 4020 1229 978 1296 1285 978 2484 4508 4928 386 565 2474 562 2264 939 4034 2060 3235 52 4268 140 1183 652 4815 1563 3777 4717 2049 1142 2863 126 2431 2259 3186 816 161 3909 1312 570 1503 4104 4145 3904 2013 841 943 4493 2947 1592 4656 1718 4127 951 953 1307 1161
4252 173 1338 1899 2964 3270 3971 1710 4640 3463 1145 2295 1472 1854 3498 3182 2134 4531 664 4454 1520 3338 2568 1513 1938 2949 1745 259 3866 3018 1009 986 1102 3001 2826 3350 2617 2322 4964 2710 1170 3530 3927 1388 363 2821 1597 4894 4351 1202 1123 3186 2225 4647 1038 2841 3371 1434 2511 3597 3897 508 4442 4985 2934 440 4678 1596 2751 2524 1933 1848 4863 3680 201 2917 4485 4484 4457 3933 4236 441 2556 1553 1560 4839 260 4161 2282 3635 2272 3389 3636 2417 1498 4449 3244 1334 4233 656 345 4247 735 4196 4177 4270 2893 3411 2578 2528 4591 1163 2255 3903 461 2259 2709 2458 4693 2929 2894 1174 1438 4637 2378 2199 441 3486 4943 3196 208 666 53 450 2277 4684 4985 1656 3777 4001
4656 4208 2504 4066 3511 4355 2150 829 722 2962 377 2115 4371 214 3236 4643 2012 4606 735 1841 1204 2918 1102 3268 702 3217 4844 209 1335 2605 912 1275 3385 1245 2239 577 3091 972 474 1938 855 1000 1127 823 240 3221 3267 361 4942 2213 2701 2692 1359 1973 4236 1554 4386 4290 2674 4323 2000 1760 394 4414 3696 2842 3534 2747 3673 1694 2474 2722 619 3592 1219 4056 3569 2094 4575 184 1444 2339 2947 285 3113 3212 1652 1772 1506 3772 3214 788 2809 4733 1297 3572 3530 4508 2879 168 282 2819 1469 3378 3270 4145 1165 674 2328 2276 461 4476 2845 3456 2125 3186 2458 4962 1509 2884 2746 1118 2534 4809 3654 1246 1946 890 4413 805 4413 2717 2676 516 4408 2305 2478 2636 4736 2292
1322 4804 4520 4947 3684 4869 1792 4279 4146 905 4041 4904 925 648 2665 1435 3039 2513 3615 1337 2752 1419 2945 1592 243 3510 4059 3821 3797 3950 4979 1804 1785 4196 2156 4495 2490 1814 3441 1272 427 299 451 4917 4055 2888 3519 3447 2216 1148 1639 1440 1964 2883 27 2563 1880 3176 238 4389 2486 3190 300 1419 4507 3725 1849 2359 1256 3781 3080 2270 4648 4410 1249 1126 1773 212 563 2745 4934 41 4735 3633 491 611 1646 3890 1717 3001 4148 2048 72 1392 3065 4496 820 1126 4740 2256 4648 3618 3568 3366 626 4206 2997 3211 3620 2350 494 2836 1818 1854 3895 816 4693 1509 2603 2084 126 4812 2521 184 1146 2689 2234 3887 21 1550 3175 1779 3195 2083 1405 2178 1905 3957 535 2996
2456 3300 79 3786 1604 2754 3122 3379 4989 1362 482 4139 3235 3537 4685 1709 2080 693 4965 1581 3955 1890 4199 4716 4457 3142 2178 4134 3543 3409 1169 3067 595 1198 246 3006 3326 3293 2894 2343 4955 3934 441 1973 4800 1906 2365 402 164 2396 4411 469 3764 2054 2800 4048 1213 4585 921 3241 2641 909 222 388 886 1464 2480 4640 260 994 1282 3777 92 3829 1786 2532 4152 2310 430 2046 1725 3568 570 3272 1659 2861 4754 2876 308 772 57 745 3144 1877 1125 1311 3145 1053 984 1516 3044 2036 4706 3986 4796 3627 2931 1314 289 2656 207 3042 2044 3016 3198 161 2929 2884 2084 301 3784 4831 1096 3108 2840 2393 4780 1034 1541 1853 4838 2488 616 534 3023 3367 1813 476 1966 765
2147 4555 3518 846 1423 2242 3349 4653 1002 1663 2353 4566 4426 3057 981 4739 20 3204 2342 3249 3339 319 4495 1003 3640 80 4823 4226 3856 218 1170 358 1756 3022 2599 1258 1640 1579 10 2007 284 3049 2239 2079 2546 4655 4924 2909 1286 1076 2938 1723 3193 2040 2425 939 3523 2393 3719 3765 2122 698 470 1548 3614 4383 4374 4182 3466 1831 594 4153 3538 2845 3215 1863 4694 3490 4308 91 3400 1392 1411 1426 943 4602 4346 532 1447 290 2798 3176 3072 2608 3422 2307 601 81 1541 765 1329 4044 4767 3870 3350 3405 1684 2637 1077 3256 942 2642 2106 4900 2775 3909 2894 2746 126 3784 1132 3112 3447 3590 1587 1478 4928 2117 2145 2190 2084 1251 4697 1177 3245 582 1083 1843 3071 3967
4287 3477 2171 3866 2230 3042 2597 3108 89 3251 4924 522 89 1248 3809 3279 536 3945 2186 3004 17 868 3585 55 1668 4932 1405 961 1618 53 917 1363 4775 1445 952 4352 4908 4926 1723 4397 259 1226 4173 3352 3839 1839 1399 2847 1331 4277 3639 2517 4978 1904 2490 2722 2239 2343 2335 2783 2523 155 1856 1836 4163 3489 1912 3360 3904 2726 2715 2226 640 4957 4294 2379 2511 190 3233 434 2888 2216 336 294 1129 1300 3653 3670 1630 2934 2718 4175 3670 2600 422 3611 888 1576 1470 3691 3847 1722 2205 18 4143 3393 4242 321 4717 4968 2386 1425 404 3331 2208 1312 1174 1118 4812 4831 3112 258 3208 2187 3895 3729 496 3668 581 1728 4491 2942 1824 1660 3779 163 315 3203 2476 1092
2514 2601 1894 2656 2302 2202 3242 1977 3469 280 1134 804 317 2689 2084 4154 211 4646 3522 249 2136 3431 3022 271 2179 1095 2561 4279 2583 1836 2957 3725 4473 3297 4081 492 4085 1445 3383 180 4388 2038 3497 3617 4946 557 4750 1611 366 4122 487 1713 376 1526 18 4436 4172 545 476 535 983 657 1581 3127 4469 615 1377 793 3725 2866 2822 123 1711 2196 3284 980 4828 2398 1675 2507 1931 944 342 4012 1221 4864 1256 4678 1102 2706 4648 3326 65 1099 1349 4601 227 2756 1477 2826 980 3053 4320 1112 2947 2852 792 389 4032 199 3271 2707 1934 3295 2491 570 1438 2534 2521 1096 3447 3208 2493 3883 467 4307 4055 3406 999 1914 1250 3443 4308 1558 2254 1360 976 3760 785 3425
2609 260 2867 2838 787 4554 1354 2321 3350 1678 1402 24 4882 3816 194 4076 700 2374 966 4192 762 3518 3331 3559 2391 4890 1896 178 838 4428 1014 4525 3334 2086 3408 2753 3414 3577 763 4382 970 2883 1733 2995 3127 3506 3354 3012 4194 1975 1511 1265 2738 2810 942 3119 4024 1954 1898 86 3859 4575 3853 2955 373 345 723 2690 2020 4507 4243 1360 1239 293 2004 2551 104 2464 4006 2001 3734 34 1006 52 1173 192 3835 1469 134 1227 2115 3528 3138 3322 1550 224 1299 1645 1020 3486 3973 189 363 4799 4951 3419 2781 3840 1938 535 4491 297 3180 1384 3659 1503 4637 4809 184 3108 3590 2187 3883 1620 3583 3122 719 2842 3324 1267 344 2043 4024 3534 4904 3767 161 4249 2635 1949
1728 987 4534 1437 1141 489 2785 3675 3493 1033 4454 3920 3272 4599 2248 3099 2416 1557 3721 3751 4051 3176 3486 708 1751 3670 786 39 3607 1037 3415 3541 4589 2333 1498 692 153 1740 21 1136 1725 1539 2392 1009 1839 765 2876 794 2918 1495 4449 2554 4160 1344 748 2934 3594 2846 1535 3106 1092 3270 3011 1634 2655 2627 1790 4875 3917 311 4758 3384 3891 322 906 4863 4990 3226 4855 2714 4447 2642 675 372 1957 4354 3502 2354 183 2337 4888 4520 4817 3019 1952 103 3690 3507 1395 2217 4963 2866 2776 4075 2411 1742 4441 4435 2428 3957 1749 3691 770 3443 4425 4104 2378 3654 1146 2840 1587 3895 467 3583 4504 3173 87 4348 565 2547 3162 2718 931 4720 1661 4914 21 14 3577 636
3386 2612 3215 3800 3666 796 1481 4224 610 4616 2826 427 959 1237 1030 270 4617 3789 4838 733 1789 4061 3742 4376 435 3297 374 2050 4568 2665 4118 4397 3540 485 4255 1494 1676 4392 4315 3760 4489 3698 4788 4717 1328 740 2358 1476 1517 2838 3252 4166 4558 4523 2054 4035 4970 1717 2829 4941 2096 2513 2993 1625 1089 4409 3034 4520 3892 4591 4654 4739 1175 901 3514 1905 80 1258 4257 1656 1819 4482 3778 873 1725 3538 2722 499 3803 21 3610 4791 3039 4667 709 4784 1821 1147 3013 1297 155 2709 3742 3871 4731 2822 4840 1900 921 2860 3081 4808 2068 224 3125 4145 2199 1246 2689 2393 1478 3729 4307 3122 3173 1483 1136 2687 1657 445 3219 4601 1265 3654 2011 4327 3830 1587 54 724
3633 4226 2495 2685 595 294 122 2904 2341 81 3648 366 1767 3325 1330 3027 1089 1505 2312 741 4829 1192 1863 1734 1309 4713 3098 481 3919 1860 2332 2022 831 1919 2553 4414 355 1805 330 2385 3506 3707 2936 1319 2274 1822 3247 2430 771 2880 3366 2908 101 1815 400 3923 2067 1980 1520 2630 2801 1948 2937 94 1537 2432 1006 4786 3385 3842 249 58 933 510 1094 3122 4910 484 1336 4905 2885 3092 2986 1782 1688 1838 998 4229 3230 162 2218 567 3652 3154 4836 731 839 424 721 621 4784 2568 3204 3706 1914 1025 3442 2651 3360 2241 796 3104 1793 1065 1851 3904 441 1946 2234 4780 4928 496 4055 719 87 1136 2896 4424 4944 1690 1794 1051 2471 4487 4849 376 2525 3504 1816 4760
4537 1946 3732 1400 2832 4584 2270 4611 4385 1927 759 2925 1141 624 1780 4768 4852 85 3564 3694 2083 4135 1515 646 16 4679 2283 999 3753 756 549 977 4934 2211 3480 1763 2059 1698 2661 1033 4497 4846 4392 3579 2275 4880 1532 4673 2808 4818 2701 4641 4374 2493 2451 4693 4039 2991 4947 2811 2545 1287 3734 3654 2209 192 898 735 3062 921 4437 4590 1221 1101 1472 3867 2912 2053 3095 858 3125 2305 603 395 2159 4948 4266 4043 4702 1933 2402 4857 4783 2955 1894 2809 1368 3204 2896 612 4462 97 3927 3400 3488 4663 2006 1614 2875 1650 4289 387 3419 4384 2527 2013 3486 890 3887 1034 2117 3668 3406 2842 4348 2687 4424 2193 1385 3952 614 4617 326 4773 2473 4027 2778 2361 4401 1326
573 793 4038 973 4562 4603 3115 2812 3546 2452 2145 831 4464 572 3869 3684 941 1060 1957 2909 1039 3688 918 1375 3144 3867 4566 3972 4763 1133 3533 4648 332 2851 3701 1228 2635 1074 1098 1281 99 1000 1952 2009 1613 3428 4794 2670 3283 4353 2900 2845 1768 3659 1644 3642 4688 2283 2140 3630 513 162 3517 517 1045 651 4108 4187 3593 632 1316 2209 1914 854 1290 3278 3881 2386 1120 1125 4912 1916 1257 4927 2441 2887 3909 3039 3562 3813 2234 4081 4003 3543 524 2634 120 3769 682 1282 4653 2311 4304 863 4441 1467 2111 4914 2379 4618 2347 897 3014 1778 3323 841 4943 4413 21 1541 2145 581 999 3324 565 1657 4944 1385 2595 4071 1197 1938 2857 3629 4878 190 1567 1219 551 3434
4419 1314 3445 2399 1761 4085 2044 2186 1559 1786 2357 4599 4727 1235 3885 1461 3114 623 3278 3733 770 493 496 1661 293 3512 2351 3744 2905 1440 1180 472 1856 1579 728 4264 3332 4887 346 1823 2631 477 534 4359 2576 3944 912 803 224 1068 2823 589 4457 4453 3200 4688 442 4618 3825 4165 4757 151 4204 1375 2900 1448 3853 3337 4669 3218 2229 3000 1760 4182 1922 1548 1616 1322 2313 1086 4222 3095 4466 623 3776 3714 1208 940 1817 3632 2621 1780 316 1788 3757 2943 4762 3324 403 1454 3739 3381 1143 654 3744 1259 1498 2767 4614 3909 1370 4636 1661 3690 1175 943 3196 805 1550 1853 2190 1728 1914 1267 2547 445 1690 3952 4071 2734 4830 1072 1361 2861 3855 492 3306 3061 1609 467
1290 3917 4786 3277 3712 1394 2286 3054 292 2596 4690 820 581 2640 2846 4903 3719 1191 794 850 975 364 3317 3224 1777 3146 1157 3525 2012 1105 2049 2251 2665 150 2689 4073 578 3091 1041 1035 3198 4261 906 264 934 1794 2133 3289 1753 368 1902 460 155 683 4370 3707 3866 2682 976 3275 1859 4594 4474 1482 1350 144 2981 866 1406 4824 1298 420 2614 2067 4540 3927 4394 4291 1011 4187 571 1447 3294 1927 4336 4530 2026 1727 3482 4446 187 3537 1379 2086 4905 4373 1560 276 271 324 3341 2174 3196 2547 4446 2562 2410 721 258 2513 3340 3853 898 2755 4879 4493 208 4413 3175 4838 2084 4491 1250 344 3162 3219 1794 614 1197 4830 101 4106 403 3890 408 3685 2594 4493 1809 1478
3686 1382 346 1323 131 440 4102 4089 1414 4901 4915 4794 4207 4539 1600 2706 4437 4472 3109 1510 3733 3380 3924 3128 427 1085 3529 2258 604 3046 2909 3763 1827 4055 4979 4865 3310 3309 1790 4937 3557 3721 4163 2981 4952 4576 4822 888 1363 2038 819 2258 3032 2415 4634 2072 3856 4928 1881 1772 4479 3531 1545 2526 3559 1636 1280 1444 4995 814 3143 1781 2226 3954 4105 892 136 254 3804 4994 2529 2986 706 1459 4146 1036 4158 2350 1727 2639 237 3050 3736 3633 2255 2543 3542 3721 427 1053 1238 1066 3683 2592 1447 1027 910 1981 4813 4681 2374 2341 3797 1574 3875 2947 666 2717 1779 2488 1251 2942 3443 2043 2718 4601 1051 4617 1938 1072 4106 988 3051 293 1501 3702 2541 2567 206 2955
3426 3408 41 1102 289 2832 3518 133 964 4805 3386 3849 339 4219 4742 4676 3320 1925 3221 3177 1508 673 4521 3802 1131 1213 626 4060 2980 1320 4793 2253 3509 960 2316 161 2835 769 4427 1439 4983 176 1603 375 2650 1027 4208 2055 3548 1628 1393 1628 2949 3338 2291 1110 2684 1539 1387 486 2152 4281 232 4234 4883 4555 4088 4939 3170 1405 3056 3031 4332 2736 2149 3953 606 2064 2179 999 2872 4907 1425 944 810 1781 1758 3557 660 3486 2265 4148 1353 2334 2597 4927 4285 3769 4559 1885 803 3961 4761 3736 1232 3509 3477 4027 367 4966 2152 3231 3876 4502 3340 1592 53 2676 3195 616 4697 1824 4308 4024 931 1265 2471 326 2857 1361 403 3051 3112 4449 1779 2078 2516 4663 2015 126
3729 4062 2289 3295 2923 767 57 1078 2695 3479 4475 1269 804 3560 3022 4158 4608 4293 2002 2075 4029 3726 1613 467 1713 3926 3686 2242 795 832 2770 4315 4107 559 2323 1305 4356 747 1191 1291 114 3598 240 893 3359 414 2261 1060 1723 854 4279 1404 3736 2766 1911 1975 616 4619 4276 3066 308 2063 1767 3987 3661 527 540 2459 4988 1371 3705 3458 784 2224 4368 638 2750 170 1819 3786 956 3880 4254 4643 996 4857 795 4743 3101 3581 3657 4646 4939 984 4356 1206 3622 3762 1225 4326 1950 1539 4525 4654 4121 1638 4920 3380 30 1242 3026 2683 1968 3323 4156 4656 450 516 2083 534 1177 1660 1558 3534 4720 3654 4487 4773 3629 2861 3890 293 4449 4796 4939 1239 3100 2509 4770 4568
239 2130 1769 491 2444 2305 1566 2059 142 2220 2533 1019 4450 520 2405 3605 463 1229 2478 4253 1213 3124 2179 2305 841 3432 1246 3477 1245 2246 1378 4820 1175 2555 739 2016 1006 3929 1924 4083 4261 4287 2669 1291 3821 1758 2909 3405 3333 3412 3472 2127 4222 177 3702 943 436 1821 2764 588 466 110 783 340 4301 1530 3693 2442 4812 2448 3223 1847 865 1668 4197 4442 1188 1957 2643 1603 2032 1236 2445 2750 89 4351 221 2279 1029 1051 2843 1650 902 4424 3559 40 2150 4743 2665 3462 710 4208 498 2278 3388 114 1510 404 1240 889 3509 2037 3987 1601 1006 1718 2277 4408 1405 3023 3245 3779 2254 4904 1661 2011 4849 2473 4878 3855 408 1501 1779 4939 3491 1963 2922 513 4682 4957
910 4031 1756 1964 4674 2882 2180 559 2675 4137 424 139 1816 3036 1900 1227 58 1799 646 1686 264 2224 1301 3103 548 3933 4267 469 4773 1344 4111 2480 2603 62 357 4835 1600 3445 3593 4113 4966 4296 3006 17 4246 4493 690 3398 2234 3162 1542 928 2135 1514 2998 3639 916 4314 3215 742 3968 4987 4872 1463 421 2962 1201 3587 3150 3718 3386 3440 4425 4196 3648 3619 2859 3950 1136 628 1155 3039 710 3034 70 711 3514 4443 4861 684 1308 163 298 1490 3327 2051 1594 4990 3593 4058 900 476 1599 3505 2002 2657 1375 4042 3915 398 900 2463 3305 3347 241 4127 4684 2305 2178 3367 582 163 1360 3767 4914 4327 376 4027 190 492 3685 3702 2078 1239 1963 1102 4823 2108 859 202
3771 2004 2746 553 2907 3236 3596 1400 2473 524 3486 2872 2731 2944 3548 1733 4829 631 463 4903 405 1058 4081 4153 3584 1255 341 3991 2663 4146 3435 2806 3872 4078 2648 824 1080 2986 914 4075 4382 1784 1809 935 3947 278 295 4072 117 2255 1444 3727 2561 191 2651 4296 1912 4957 2029 4749 3874 2486 3363 3411 519 2023 861 4151 4915 4253 3805 4203 3828 3794 4691 4341 3451 1704 3659 4320 1199 3578 2337 1222 819 513 2790 27 2203 1683 3602 4739 3972 522 1972 4003 1497 1577 4524 3409 4011 831 2536 961 3604 665 4661 1912 2959 2267 1858 1143 718 83 1936 951 4985 2478 1905 1813 1083 315 976 161 21 3830 2525 2778 1567 3306 2594 2541 2516 3100 2922 4823 1425 1466 3765 4939
3438 3696 1038 1494 1547 4896 3102 1583 2861 2288 4492 3647 3953 1510 1382 3395 3288 4900 2758 1625 2322 4046 1385 2048 182 2305 170 189 2273 4928 4000 4441 1353 4651 3367 837 4486 3006 3853 188 3833 382 1924 4441 1373 3380 3936 3501 2477 1515 4992 1225 77 4131 4025 3180 4485 1622 4865 2500 202 2616 2376 2183 1175 478 1370 770 1018 3145 4703 887 4014 2082 2736 1943 2005 536 250 2498 3130 1453 977 353 4551 1089 4822 1089 3002 4906 2684 3239 3249 2533 4521 1644 908 151 3098 1575 704 4072 417 1113 3658 3519 1401 1584 884 4855 3042 3764 4515 2075 552 953 1656 2636 3957 476 1843 3203 3760 4249 14 1587 3504 2361 1219 3061 4493 2567 4663 2509 513 2108 1466 2815 3448 3996
162 1177 4636 4770 2648 2509 1320 3005 4560 2098 2527 4515 2259 1136 2769 436 400 4398 4834 57 1204 3482 4275 780 3070 3985 3454 49 4289 4858 1614 3365 3823 1149 3744 2807 2823 1759 1783 1066 696 2050 3900 3692 1792 4786 3871 55 200 25 3320 4637 2199 1573 1029 2090 4173 3428 1396 2200 2089 843 672 3124 4368 4803 2236 1704 1041 2454 244 2280 4492 1356 3679 3272 4245 2230 2072 3153 543 2771 389 4328 504 4433 1057 3607 818 3309 4227 2326 4338 523 3913 2032 3497 3124 317 4515 4967 3575 80 4189 4055 1798 2460 3283 126 2851 2025 3291 64 69 4764 1307 3777 4736 535 1966 3071 2476 785 2635 3577 54 1816 4401 551 1609 1809 206 2015 4770 4682 859 3765 3448 631 195
4147 4708 631 710 2219 3538 1865 483 2903 3691 29 313 4670 397 1372 2271 3440 4911 1171 4592 815 1260 4492 3727 4041 2592 3924 4580 4119 302 1490 3130 4900 1460 907 4340 1029 101 2639 4744 633 3300 3720 1226 4498 1025 4215 1699 4963 3828 2672 771 1511 3066 4543 2232 2674 762 3616 1357 3784 2265 2205 2377 126 3486 1140 709 1617 1823 4881 140 4324 2376 3653 456 1429 132 752 3164 2674 4702 3262 586 4238 2435 4233 2404 37 3113 2769 4697 3971 418 3951 1997 4064 3148 1164 1466 1481 224 1734 3728 4861 702 1293 2166 3202 2140 658 974 1858 4853 881 1161 4001 2292 2996 765 3967 1092 3425 1949 636 724 4760 1326 3434 467 1478 2955 126 4568 4957 202 4939 3996 195 3013
