N: 140
M: 20
Symmetric: true
Triangle: false
7 99 136 73 80 130 39 27
8 49 20 51 123 40 22 133 112
10 117 107 86 109 61 89 2 114 83 38
3 138 19 68
8 70 35 105 52 62 67 12 120
9 91 125 113 47 58 137 110 103 81
8 18 14 33 100 121 84 96 126
4 9 13 66 15
8 53 134 127 63 34 1 87 69
5 132 65 5 60 57
5 44 118 74 97 90
6 92 36 11 79 75 26
7 108 24 111 45 98 76 106
7 29 42 82 46 16 115 128
9 37 102 85 78 77 41 119 72 30
4 59 3 101 43
11 4 56 140 55 93 23 139 32 50 116 88
6 7 122 94 48 17 135
8 104 8 64 6 131 95 21 71
7 124 28 129 25 54 10 31
4177 2183 4430 1249 1083 2293 1291 1979 188 3976 1217 2244 4034 1752 748 1474 2985 4880 3388 3329 1174 1838 3632 2865 3518 2414 1814 3681 210 4512 2364 236 73 1524 4738 1261 3807 3940 1840 3271 3056 4914 1383 2052 4704 2761 4557 1007 433 4952 189 1533 1405 2136 4479 3042 3850 236 3486 2645 136 2366 3857 4392 1427 2474 4907 2732 265 4407 3051 3596 1032 2037 538 149 4479 1708 2272 333 3017 3763 4601 1736 3757 1731 1238 2470 1998 1792 4981 2646 463 805 1712 3725 4974 2860 2350 1270 1268 1211 1700 3236 1689 4372 4775 2560 2511 432 1254 3013 1824 141 1196 4633 576 2541 948 4192 4377 2424 1767 1513 1458 2256 3883 3073 3168 2196 3722 2908 741 206 3761 480 1511 613 2677 93
2183 1753 2465 2841 4437 1698 2479 114 1144 4104 614 458 3065 1842 3033 1720 1133 1039 718 4105 1088 35 900 2561 4877 2616 1867 3167 1676 2487 4044 4791 4468 4605 3825 439 3530 2611 2974 4354 2977 1246 4366 1188 4290 523 2311 3626 391 952 4950 2194 2519 800 1668 2480 3700 819 1580 3842 4049 444 1657 1646 2819 3873 1165 758 3924 678 105 1010 4543 2348 3931 2873 3960 1369 4964 389 3201 4405 2259 1949 204 2162 3690 1238 637 4302 4442 914 1389 444 3965 567 3575 2783 1183 1716 1322 3631 423 2611 728 1551 3980 2645 3476 34 4408 2496 3296 1603 1479 3616 1824 4821 4050 1676 1948 329 1669 1806 1550 4286 4492 3613 3566 3986 89 1244 3794 4892 3934 3837 635 4955 3549 2079
4430 2465 4524 4914 3071 463 471 4492 898 3077 2506 2575 1370 4891 1956 833 4054 3308 1800 913 439 3644 2160 2634 4772 4847 1778 4167 132 1946 2696 2908 1328 3266 2064 368 367 3917 4584 600 4719 92 2140 384 1442 4030 3743 280 3249 3713 1750 3332 2380 4600 3521 1763 966 3963 782 1489 901 119 4369 1714 4883 2784 1485 3435 1023 2115 2185 3486 1037 4449 2322 1744 4873 4564 4624 1622 4997 1568 338 3034 962 4216 546 490 1057 2009 4239 4754 1613 1102 821 2346 3619 1517 3861 2277 3581 3554 1716 4265 4925 1252 4206 4088 3436 4859 3889 1570 4042 990 228 4163 1122 1914 4451 23 4816 4934 1877 1561 3685 4429 2113 4780 2483 339 544 2200 2589 3862 4410 1209 1477 1922 2099 2395
1249 2841 4914 1183 2652 4857 3777 3451 3508 350 2328 4446 1499 3186 43 1158 3063 967 2899 3281 3283 1268 3957 3396 1161 2095 4187 1448 4574 1709 1101 3785 4734 786 4707 357 4614 2273 3185 2550 1833 3307 2127 961 2117 3062 3766 3965 4195 1390 3010 1320 952 3139 1807 460 4403 93 3773 765 2882 437 4196 944 4738 3006 2464 2293 1480 111 4506 816 691 2310 159 1525 4517 2617 4521 494 1208 88 3150 3595 1273 2569 3308 196 1114 2220 2956 3827 1792 1625 4975 2401 3029 786 340 814 3828 2705 625 4103 254 424 3349 2965 3566 190 1195 2714 4276 1388 921 1970 3233 4308 4758 4461 3988 1390 3303 374 4531 779 1507 1112 249 4582 4170 2126 3533 1092 3435 2608 2120 4531 2291 2773
1083 4437 3071 2652 282 2376 3620 1410 3812 2002 3100 3980 2964 1356 2440 2507 1504 1621 2929 3146 4038 1917 2376 3409 2818 4333 3519 4601 1266 1348 4472 228 1875 4990 1919 1934 518 2185 2699 76 3951 3861 2586 1982 4739 4567 3178 4063 3547 2244 3709 1041 905 2697 4780 3207 3369 4941 3457 2903 657 200 3785 4622 601 4589 1983 4342 4682 34 4468 4082 295 4857 4639 2692 4125 1927 3221 3122 3696 673 1819 1035 1377 4132 4092 4215 4737 1216 2069 954 1841 4018 780 3703 2640 1592 1739 3501 2228 1906 2134 4409 1970 535 344 4487 1461 4351 3708 4711 3701 3326 2915 291 3038 216 3281 548 2558 948 2800 3719 1616 3209 2150 4525 42 891 1483 4034 1398 4424 592 134 4216 2238 3012 13
2293 1698 463 4857 2376 3893 1638 2021 1911 1747 3863 3651 3760 4631 2862 2885 461 2261 1206 1617 4243 4031 2034 4776 1040 2324 4203 2065 741 1960 2142 1650 2473 1277 1010 2012 4727 2156 3402 2252 3257 2822 264 785 3181 1330 575 4012 800 4920 2469 3581 4797 4425 4095 4114 1475 1225 1767 3803 3592 4949 1641 3681 3600 1407 2897 4894 3461 458 43 2200 4842 349 302 2084 2994 1788 94 3069 3467 2888 2708 1866 394 1516 4339 3390 2195 219 399 605 4108 4051 3807 723 2576 2511 95 399 3689 3685 800 772 3261 2167 2921 3378 1170 2457 4919 1699 1569 2816 2319 2029 3505 4862 459 4403 24 4478 3107 2984 3259 4614 3378 4071 1157 300 4693 2236 4166 3574 726 3598 97 1399 2748 1134
1291 2479 471 3777 3620 1638 2983 1096 784 2050 4200 3912 139 4797 172 2654 4383 97 2755 3646 530 2553 186 3834 4350 2014 1034 249 864 2299 3350 2912 2527 1056 2135 1808 4564 2827 2832 671 3109 2614 924 2359 208 1018 3996 4352 4669 1397 3816 4691 477 3773 120 4920 4047 435 4886 4349 445 4283 695 389 1329 4206 275 123 2177 2313 4323 3033 4670 2308 2701 4798 3575 1062 4899 3156 148 2914 1667 367 2161 2026 1815 4481 166 1149 3157 179 3283 490 553 2799 1419 3709 2629 1803 4606 35 4442 684 3143 164 670 1124 3573 4880 1348 2403 3487 769 2556 3812 2896 1611 1192 2436 64 1879 2690 146 3351 3296 2890 4188 1263 2098 731 315 2618 2335 2597 3422 315 502 1185 4121
1979 114 4492 3451 1410 2021 1096 4478 4615 2607 2857 1333 1580 4382 2511 651 3867 3508 1695 2205 1013 1862 3088 1304 3861 4309 4692 905 1727 4371 2571 47 1163 780 2757 3060 3180 4164 353 1405 623 2653 1212 4679 1808 1614 3711 3696 2609 3233 302 4341 3072 2060 1884 873 1201 2139 486 750 748 1537 1611 786 1518 711 3021 2212 836 1907 4262 2126 2707 2458 2953 956 1448 1951 3926 3955 4819 2446 4236 3678 3187 4664 2585 4898 3352 913 1487 4427 4622 3822 2239 2328 2927 3103 4635 49 3485 3673 1608 1813 4187 3157 4422 2514 4715 3598 3179 2324 630 1629 960 3394 1870 3650 2960 2776 1791 387 2804 2181 3365 2693 128 2373 490 2878 3988 3667 2040 3368 4536 155 2407 31 4201 2056
188 1144 898 3508 3812 1911 784 4615 1673 4978 837 2348 3398 4438 806 2359 4403 2117 1941 2041 1168 1619 1203 2117 2005 1797 841 3687 2085 2613 4317 3669 390 3778 4075 998 2686 4349 2273 4126 2355 1345 3414 602 4183 2031 659 1678 4562 1205 1356 293 3317 279 3094 568 4047 1744 833 1823 2138 1479 1642 2744 3453 4488 3990 4668 1319 1811 720 2461 4614 1610 4240 1664 3975 1174 2476 528 4921 4586 2277 31 302 4339 4739 2332 333 3980 3663 3889 4900 4099 4720 2387 4464 222 3304 3694 390 1394 4922 4247 860 4531 3845 1704 3075 1236 2718 4417 1700 4940 2294 2520 3381 4287 946 824 1326 421 4916 2485 3675 3276 1759 2701 2722 4691 144 308 3725 535 4314 1250 2760 1409 2721 1995
3976 4104 3077 350 2002 1747 2050 2607 4978 1547 4952 3215 1560 228 4749 245 625 2619 2504 2352 4564 4152 3072 4186 3026 4317 4421 1355 327 1832 1463 1929 203 4560 3041 1607 98 4339 2186 2081 520 2416 2538 2429 357 2807 198 3717 928 4134 3212 2657 3834 4163 3642 2350 1126 4722 4341 1506 4017 1284 3224 1945 1159 1320 742 4711 3469 1666 1200 272 3021 3128 3473 4574 2086 3509 4489 1917 3186 4949 2209 4594 3656 2328 2554 2917 2917 4433 665 2126 1560 4252 2074 1064 2046 58 330 3258 704 342 1070 1036 1118 4623 4480 2980 1915 1641 2034 2903 3301 2507 1924 1323 3389 299 2200 4596 526 233 4656 4529 1926 1830 4259 2932 1595 1201 2466 2999 1754 738 2693 1054 1786 901 651 1209
1217 614 2506 2328 3100 3863 4200 2857 837 4952 1648 2377 2046 2565 4942 4397 4157 4685 1892 843 4658 3236 1641 2416 1436 4728 937 3271 4071 1245 2079 3200 2293 4948 2843 2876 4497 2455 838 4821 877 2185 3179 3095 4153 1821 3379 1569 3547 1687 653 3252 3796 896 2699 1824 3686 4247 2204 2312 2457 1358 4076 209 2909 199 3655 3899 160 1187 814 4685 4167 3108 2243 2974 2626 2262 2168 3103 1794 1335 1928 4816 2420 3673 2854 3412 1757 2037 3688 743 4221 4513 4564 4508 4653 2257 4133 4998 2731 2050 4415 3070 2013 2772 4201 2610 1356 1094 3303 2485 3626 4665 4442 4068 1599 3892 3075 3575 700 2667 520 867 2731 451 2370 4002 4783 1567 1195 1434 1111 4645 467 2261 3091 1909 2733 3311
2244 458 2575 4446 3980 3651 3912 1333 2348 3215 2377 1413 2877 118 4078 3222 4130 3294 3386 1753 80 4399 2284 2819 4544 893 3213 638 2629 793 2773 3333 2198 2548 1792 2323 4977 4766 74 2574 3557 933 3579 1939 4814 3817 2543 1018 2197 3506 3599 4526 3364 2020 4758 469 4992 287 2804 441 13 671 2988 2643 786 184 4391 1907 646 3771 3065 2598 950 4965 1745 1329 863 3005 2851 1110 1529 238 737 2029 3494 4930 91 1475 2544 3596 4154 995 4248 4120 2900 939 2046 944 891 468 1699 2032 2680 4863 589 937 3345 4954 2078 1593 4951 3646 4595 430 2681 4496 557 878 429 2551 1163 404 1691 944 1434 3983 2378 3631 3299 3814 4056 1397 3043 4898 2502 4298 4746 1185 3670 4210
4034 3065 1370 1499 2964 3760 139 1580 3398 1560 2046 2877 2444 2387 2617 4206 3362 89 4857 4044 2242 271 2009 4240 2304 3722 2192 4037 1838 3718 2285 3305 2069 3331 1822 1660 2422 4979 4425 2700 4654 3120 923 965 1137 4054 3265 171 3090 2185 2844 3686 2618 4257 2445 2816 2204 2610 3581 667 4897 4846 3309 4707 4993 3351 878 2860 2742 3378 1241 634 2936 1420 1205 4731 3910 2414 2566 1107 3155 3927 4897 1046 3388 706 4683 3457 3972 1834 2862 3333 4620 3337 2325 2950 1319 3485 2176 3689 1011 2078 2560 3153 2675 1873 3699 2253 2894 3139 2844 4788 3945 1562 3352 1239 2003 3973 3800 2126 3300 3173 2916 1059 4798 1924 1344 3357 80 252 2555 293 4367 890 4610 702 1088 3342 989 1391
1752 1842 4891 3186 1356 4631 4797 4382 4438 228 2565 118 2387 608 4550 1222 4642 3245 662 3508 1873 1142 1436 2426 682 2483 4329 4276 2557 1463 3033 4563 3539 2915 2598 3341 3595 4522 4517 591 2944 3371 1125 4020 368 876 1596 3304 1499 4330 3740 584 4696 4817 1382 1214 2129 4452 224 2839 2144 1640 1674 3160 4167 2264 1079 4624 2896 2253 2660 2204 3097 607 4645 4036 3727 2842 1228 1384 4840 1041 474 702 2994 1589 1056 1289 2255 4388 3185 4681 319 269 718 179 3230 883 3884 1782 1268 127 4379 1986 2354 2700 2064 3327 2230 4979 1626 1098 3298 846 3220 2358 2416 4179 354 3084 3312 1166 2977 1987 491 3334 3345 1051 1328 4458 2833 221 4950 1058 3613 978 4581 489 2338 2068
748 3033 1956 43 2440 2862 172 2511 806 4749 4942 4078 2617 4550 2810 4753 4772 3163 1327 413 4505 3774 649 1678 2299 1096 3921 1660 282 818 2434 2552 424 3002 2165 545 4608 2071 1874 2629 3254 2528 3912 3012 2882 3326 2287 3964 1507 1291 4139 81 3549 2583 772 3145 4201 1548 3905 4839 2722 855 2331 2097 4775 2023 4148 2178 2143 4733 2345 1419 2931 2162 656 916 150 3439 4913 3544 3960 1085 4654 1210 4936 1392 952 2558 3563 3812 1399 3952 3563 3089 3456 3852 1823 3608 848 1930 2658 3583 4780 1052 3428 3367 4175 1786 2072 2432 2990 501 1696 2751 3479 735 841 4081 2554 2702 2243 3899 1784 187 1457 3346 315 934 135 3159 1378 1780 2147 4506 4690 3285 1088 377 4473 2201
1474 1720 833 1158 2507 2885 2654 651 2359 245 4397 3222 4206 1222 4753 4822 943 1521 4404 4246 4455 1576 4930 3929 3295 4493 483 1425 2270 2562 960 2686 3183 3900 589 1213 3197 4831 4686 1101 3726 4233 3026 2751 2268 960 4236 1773 1921 4438 3691 1148 254 1982 622 2487 998 2580 2082 2051 4017 2264 1754 1757 2434 2797 4182 295 3071 3704 1276 2302 4121 88 3423 3196 2092 3609 568 4810 375 2280 4286 3192 3649 3655 1774 828 3228 1961 4011 4695 3477 4520 1537 1851 1163 3799 4803 3236 1360 2028 3216 1658 3676 2871 2480 3178 4004 3108 4155 105 969 1687 4327 3661 2603 2290 1477 2412 3056 2601 1334 2535 3250 450 2466 3350 3014 1771 1407 233 4467 3880 2887 2601 2688 2069 2944 286
2985 1133 4054 3063 1504 461 4383 3867 4403 625 4157 4130 3362 4642 4772 943 736 3693 2482 2172 529 1007 359 1814 1451 387 1883 1104 1856 2114 914 3322 2673 3130 3901 4741 4378 1928 1701 3420 197 2134 104 4441 153 2026 492 3762 4641 1942 2055 4426 4651 4403 1168 3673 1417 2591 993 2467 2938 2665 1886 1096 3376 4434 3736 105 75 213 2506 2351 2496 2792 4027 1041 3087 3944 2696 274 2267 3792 3638 3313 1912 722 2273 2738 682 664 4127 4008 2379 2849 1228 3469 4762 588 152 878 80 4182 1584 1844 3499 2754 4806 195 1328 3886 2042 4432 4854 4311 53 731 943 3005 528 1750 1006 1633 2063 126 442 4168 248 3113 3975 2667 4542 2512 1943 3858 808 4158 2475 4538 3803 2141
4880 1039 3308 967 1621 2261 97 3508 2117 2619 4685 3294 89 3245 3163 1521 3693 3846 4013 676 4083 1330 3749 3142 1360 2616 4790 332 1024 1756 3016 2436 4545 4130 4814 4122 1451 3417 2636 2827 2111 706 1671 2376 90 4897 2257 149 586 2715 926 938 3332 4585 4179 1922 4858 1620 388 1675 4026 2120 1395 527 1720 1692 4067 132 4372 3444 2079 4012 3604 127 3368 2689 2542 2576 2810 1014 3711 4597 2384 2220 3863 609 3590 2696 2723 4013 615 1810 2557 4739 3765 820 2375 4912 2590 2438 903 3145 3951 4688 2671 2045 2250 1968 879 845 293 2164 2615 4145 2248 4325 4872 3255 3792 1892 1812 2546 1231 2576 4848 3897 4100 118 1390 1047 3449 2748 2630 3010 4991 4195 59 913 4266 2296
3388 718 1800 2899 2929 1206 2755 1695 1941 2504 1892 3386 4857 662 1327 4404 2482 4013 3512 3515 2904 1284 4887 2321 3315 2944 3269 3048 3296 2748 3911 2947 26 1377 3920 4897 4615 172 3264 2440 1091 1766 30 4962 1796 4191 3861 3055 2140 1175 255 1868 3042 1027 2596 892 4321 488 131 2109 3568 1665 463 939 84 2444 1491 1271 4355 4119 810 4477 641 2009 1044 2477 4226 1742 1951 3179 135 1913 460 2162 2530 2107 643 4657 3441 4974 1738 3965 1228 1860 4569 2901 1594 2386 255 2742 3801 3146 745 57 260 578 1388 582 3031 3823 4604 3519 2829 4416 3330 2351 2916 3509 179 4986 4699 2345 391 165 4302 2314 4056 1932 2562 535 695 4207 2078 149 4788 2764 2614 2562 3853 3482
3329 4105 913 3281 3146 1617 3646 2205 2041 2352 843 1753 4044 3508 413 4246 2172 676 3515 4503 4962 3604 33 2141 1137 4752 600 755 1540 4745 4971 248 2338 1058 3750 3397 2256 196 3945 97 4188 1894 1104 3510 4794 2408 3475 1041 3629 3844 1780 2918 2637 4091 3802 915 3024 1949 1853 39 1124 2673 4978 4011 1846 4446 32 795 4321 1723 1526 143 1649 2353 2705 3632 2577 4203 4214 4412 996 599 2398 3341 4214 2866 3369 1170 2557 67 4295 2672 1830 2197 1511 1451 4950 2294 4930 2552 2847 2106 4287 4220 983 4432 358 3192 1935 3927 205 70 3808 1640 3437 1208 4818 4502 2183 1513 4734 352 4972 481 2102 977 1829 4169 2711 368 1788 3654 1701 3837 1790 150 1701 205 1110 1606
1174 1088 439 3283 4038 4243 530 1013 1168 4564 4658 80 2242 1873 4505 4455 529 4083 2904 4962 1497 845 147 3531 864 107 4724 1079 229 1970 1265 4746 1401 4426 3738 2895 3755 4855 4914 3030 3281 1301 2810 1047 1429 1779 2097 418 2370 119 411 1065 1609 4158 1486 2380 1958 1911 187 854 4237 1515 4647 2744 1108 2717 975 3418 2517 2697 882 3613 1765 2199 496 2278 1689 3268 2494 1905 3701 3218 1695 3215 2151 3945 3608 2262 4926 3753 4736 3940 4110 3140 1431 3678 3917 4737 3700 552 725 4654 4233 4689 3168 1761 1491 3982 4455 679 4298 4524 4822 82 4885 3521 2958 1595 4444 3879 1556 4302 3542 2139 1247 4946 2413 1564 4207 726 574 1084 3692 2776 157 4602 2979 4354 1855 225
1838 35 3644 1268 1917 4031 2553 1862 1619 4152 3236 4399 271 1142 3774 1576 1007 1330 1284 3604 845 3911 2233 2748 2940 2578 3536 4079 4234 1261 3908 1233 508 2436 4182 1109 925 2939 3316 2654 81 4846 769 1055 4044 3779 1827 2936 882 3754 4131 447 1577 3346 3288 1895 1580 4785 4147 4713 366 1815 2165 1985 2304 979 2241 3423 1847 2361 2303 707 4630 2803 4691 3747 1262 161 132 4521 1041 1672 3010 1343 2469 2503 3997 218 1736 4516 4737 2978 891 1098 25 3925 2932 1547 1370 1851 3085 3745 4602 705 3028 4077 4823 3279 1250 4948 3032 260 2981 3715 4969 2036 595 1996 3529 3206 2579 2098 216 2613 2053 3501 3704 2055 3720 2549 986 3087 184 1453 2879 1688 2108 3159 2115 653
3632 900 2160 3957 2376 2034 186 3088 1203 3072 1641 2284 2009 1436 649 4930 359 3749 4887 33 147 2233 4641 2445 3536 3913 1191 4829 3495 1232 2015 1520 2076 1369 4244 3668 4661 1113 2347 4734 936 475 4385 1659 1417 4159 1411 4197 4408 620 2583 1141 545 359 1577 2908 116 81 2651 4880 3410 3852 4082 212 3032 4404 4009 1016 4851 4755 3891 2247 2678 124 4000 3896 1356 4014 3533 3494 4868 4962 4137 4853 3239 729 4851 4474 2103 1421 2766 2642 2850 1173 2439 2748 2892 3955 4552 4914 1872 1373 3868 4179 1388 4249 77 881 1811 3845 3152 3463 1467 2490 2707 2373 1764 2226 2444 3352 2074 1415 2880 1739 4082 4126 2632 4016 3117 4473 972 910 1038 3596 4221 3377 821 1926 3175 2177
2865 2561 2634 3396 3409 4776 3834 1304 2117 4186 2416 2819 4240 2426 1678 3929 1814 3142 2321 2141 3531 2748 2445 3792 4954 2644 1160 3963 425 1316 3189 4276 3670 4814 1021 930 1023 2215 756 477 1946 3770 1428 3240 1406 3100 1137 600 668 4958 2731 2663 4867 2277 4886 2973 3697 752 76 2039 4816 1641 956 4885 4660 391 3975 4447 4618 3483 4883 547 649 4172 4736 917 2813 1816 3795 13 3040 738 796 454 4180 987 840 408 258 4280 2665 4284 4717 1076 1773 3656 1617 2902 3906 1114 1442 4518 1843 2658 2261 4176 744 3936 4625 1532 2364 553 4578 619 955 4181 2628 1774 293 2277 1617 3747 1270 4923 3503 778 3888 4821 3013 4641 4706 4268 2348 2640 428 145 3442 155 3828 3945
3518 4877 4772 1161 2818 1040 4350 3861 2005 3026 1436 4544 2304 682 2299 3295 1451 1360 3315 1137 864 2940 3536 4954 3091 1898 3333 4201 3336 2826 2449 4084 1553 1534 4919 3181 950 652 2471 4727 553 312 1909 3709 3041 4553 3059 3188 905 1948 408 4895 1261 2877 4394 4749 1366 3663 4523 4843 106 4325 600 3924 2662 1420 492 91 951 1119 1815 4322 936 3032 490 3863 305 2654 1363 1899 4152 4784 631 2882 3863 4414 2361 3567 1019 874 4244 4769 988 2086 2198 4141 4951 4955 352 1657 2399 1535 3941 1906 2118 4309 1389 1903 411 1776 535 474 3904 2117 2244 4990 4595 126 4268 2447 14 3115 3837 3304 784 1569 2279 3422 3631 2224 124 889 2815 3079 1431 1866 2001 2862 17 2659
2414 2616 4847 2095 4333 2324 2014 4309 1797 4317 4728 893 3722 2483 1096 4493 387 2616 2944 4752 107 2578 3913 2644 1898 1866 318 902 3633 923 2749 4697 1884 884 4735 3813 1935 252 1878 2915 4959 4025 987 1387 3768 2055 905 28 4480 4221 3742 2412 4945 4750 154 1584 2819 626 748 1363 2764 1603 68 4449 1478 3137 3668 558 1452 701 4906 2286 803 3868 2018 4884 3956 4514 2685 4131 4951 4054 4287 942 2782 3100 4561 2927 491 4624 2471 1390 3348 4164 392 139 3321 2394 2301 410 3072 3894 3373 387 2952 4525 3583 4448 3873 3284 1785 2738 3908 1690 4972 2768 3660 3772 3592 3826 3606 791 244 2018 121 1954 1458 220 1223 2593 4198 4259 231 62 4988 4225 4724 3191 2742 2346
1814 1867 1778 4187 3519 4203 1034 4692 841 4421 937 3213 2192 4329 3921 483 1883 4790 3269 600 4724 3536 1191 1160 3333 318 4270 3398 1226 2367 1544 2955 4032 4309 1147 503 3542 932 3925 1272 3915 389 2964 4676 1897 2852 3135 3785 302 1372 1695 880 1449 2522 1905 1004 941 4601 236 328 1482 44 3304 2772 2648 3137 3120 1468 763 1439 4069 3909 1171 1465 2523 1473 1312 3912 558 1539 565 1168 2057 1760 1665 2769 2426 4855 3899 637 2349 954 4686 2380 2547 4537 4317 4156 3586 4779 2485 2938 1418 4575 97 2373 2372 3368 1209 3166 4766 4706 3459 843 2956 1899 4901 3228 1485 1545 2140 3887 730 1576 3386 1633 606 4120 4658 2445 156 415 3309 2403 1035 3113 2118 3646 187 814
3681 3167 4167 1448 4601 2065 249 905 3687 1355 3271 638 4037 4276 1660 1425 1104 332 3048 755 1079 4079 4829 3963 4201 902 3398 59 3332 3654 337 770 897 3366 1694 1758 3510 3353 1377 2002 954 1607 2058 4673 3907 4719 987 1388 1130 3980 305 1011 882 4139 3289 1288 3219 3491 4700 295 4241 3566 399 4943 1413 2928 806 2975 2790 3692 1026 3236 501 1363 1133 1348 2689 579 4186 2766 4697 97 4955 2402 3677 644 522 3423 2067 493 4941 3960 174 3749 1171 172 3523 756 2799 325 4711 2890 4274 4071 1149 1246 3905 3703 1570 3016 2429 1980 226 93 3262 2263 4985 3292 2472 4938 1571 4934 4811 763 4740 470 4527 405 2074 602 4723 1598 4455 4338 4065 3784 1652 329 4736 3005
210 1676 132 4574 1266 741 864 1727 2085 327 4071 2629 1838 2557 282 2270 1856 1024 3296 1540 229 4234 3495 425 3336 3633 1226 3332 4746 4875 4633 3475 567 93 1368 4960 377 3772 1614 3968 4000 4277 4419 2282 4490 1387 1602 1826 2025 3049 3070 1903 2487 1945 3650 4734 1084 3977 1339 3616 1491 4326 4922 1182 4685 1044 4407 62 1922 3738 3397 826 2277 274 3771 3037 2969 4057 2180 2649 3117 2165 1042 3673 1609 3328 4207 1874 3993 964 18 954 802 4531 3633 4928 4284 4153 4912 4384 2248 689 4125 3583 4451 4689 13 3940 1970 4935 18 4200 4066 1082 3231 1612 3103 1140 416 1606 2682 938 3728 854 166 4537 2610 1337 438 4808 2639 2200 1771 2483 3379 450 2205 4167 4235 1746
4512 2487 1946 1709 1348 1960 2299 4371 2613 1832 1245 793 3718 1463 818 2562 2114 1756 2748 4745 1970 1261 1232 1316 2826 923 2367 3654 4875 1864 562 2471 2284 1447 1680 4516 4145 3670 2310 4808 3692 4172 3318 3820 915 2796 2037 3408 341 3446 2637 1126 429 3494 3529 387 3783 4731 3150 1477 303 906 4228 2295 3207 1448 2837 4460 4467 4050 3420 1018 4865 2787 972 3517 3727 270 2479 3751 291 312 4707 2871 2043 3300 2209 4689 4668 1873 1907 4662 845 2680 3863 1857 1462 2191 2054 4687 4772 3936 1758 2993 1188 2386 4417 831 2453 4132 1115 777 597 4451 2629 3010 4581 225 4461 4403 790 2560 1497 44 912 848 4320 2493 4759 508 2044 1548 2870 3631 1509 1148 1367 1034 1932 640
2364 4044 2696 1101 4472 2142 3350 2571 4317 1463 2079 2773 2285 3033 2434 960 914 3016 3911 4971 1265 3908 2015 3189 2449 2749 1544 337 4633 562 1863 2256 962 4762 3008 3626 4994 725 1913 3140 4450 3999 3964 1501 1684 3661 4464 2087 2851 103 1448 4207 2392 2473 4323 3957 4376 2382 2650 1368 894 3437 4726 1015 555 1899 758 2879 3722 628 4353 528 1050 4492 186 4669 1811 3856 3213 2567 2998 302 1204 4501 2427 290 3665 236 4409 4723 1631 280 1166 4562 1427 1389 4568 953 3701 603 1602 4558 671 4098 403 4351 4512 4715 3360 1624 1911 3714 1579 1092 407 1479 1292 3121 4312 2519 59 4240 2160 2984 4608 120 1595 2589 2424 969 2817 4844 4490 1343 3728 4057 4106 4907 4808 4312
236 4791 2908 3785 228 1650 2912 47 3669 1929 3200 3333 3305 4563 2552 2686 3322 2436 2947 248 4746 1233 1520 4276 4084 4697 2955 770 3475 2471 2256 1731 1735 156 3385 4723 4370 787 4340 1150 4719 621 3493 1787 2235 2148 2056 2485 3386 2728 4834 2699 3868 4516 1529 2868 4123 648 3889 3469 198 658 4610 1904 2482 3502 4400 4531 2532 1581 2045 1210 2304 3462 2860 3770 3203 1923 3472 4783 1948 2308 1127 491 4257 970 289 2866 4084 1589 2049 1576 2651 3130 4756 4727 4370 2123 3400 4909 4090 2427 3394 1735 4954 4446 1578 1518 1843 3730 3787 602 3409 4507 2473 1598 1343 3349 1410 3564 2153 1261 3879 3777 218 4523 4788 4713 3547 4481 1062 505 1151 2354 540 4612 3075 1511 3064 2892
73 4468 1328 4734 1875 2473 2527 1163 390 203 2293 2198 2069 3539 424 3183 2673 4545 26 2338 1401 508 2076 3670 1553 1884 4032 897 567 2284 962 1735 1155 2157 1565 643 2874 1457 589 3652 3037 2772 2301 2149 1471 83 2030 2993 1034 1003 4004 3650 2851 2452 2703 33 4932 125 4865 1560 1009 339 1320 4954 3086 472 3749 844 1540 4554 4937 2013 1750 2948 4932 681 1273 3845 2557 1360 1372 2864 1610 2839 183 1487 4673 457 1298 1016 415 1786 3793 2110 1411 4653 2396 3875 4787 1815 3109 4625 3430 1019 2504 1198 298 4407 2960 1808 4380 4352 2255 1735 2476 3946 540 3879 4342 1321 266 3938 166 2699 2111 3867 3797 4882 1332 3318 2064 3764 4556 3211 1223 1895 593 2456 573 4888
1524 4605 3266 786 4990 1277 1056 780 3778 4560 4948 2548 3331 2915 3002 3900 3130 4130 1377 1058 4426 2436 1369 4814 1534 884 4309 3366 93 1447 4762 156 2157 2748 2572 4415 3593 2105 4380 4254 4350 3034 395 3021 2795 854 1015 1209 1496 1281 1403 2620 3775 4818 2981 4028 2059 723 830 709 1038 2914 3592 4470 4599 825 2293 2716 4651 4672 3988 488 4582 1581 1167 721 4963 2562 105 1159 510 3958 1124 2175 829 3913 3678 3572 3450 2497 66 3250 2187 2306 4118 398 1341 1647 3429 1206 4172 4130 1459 137 1957 2573 4647 739 1517 3859 4108 2932 2303 2801 3678 1093 4738 4299 2359 3862 4590 2487 4974 3273 2112 3964 38 1422 1567 1955 2883 1157 3555 4974 651 3912 4376 317 1793 4551
4738 3825 2064 4707 1919 1010 2135 2757 4075 3041 2843 1792 1822 2598 2165 589 3901 4814 3920 3750 3738 4182 4244 1021 4919 4735 1147 1694 1368 1680 3008 3385 1565 2572 4971 518 457 628 1843 2238 3216 501 995 2035 4225 3014 1906 2018 39 3529 1396 1363 4004 2354 3133 937 4090 4984 3268 1133 3266 4174 3615 3888 2397 42 4471 4274 3155 2386 714 167 4437 190 4232 982 1459 1607 4699 4619 4505 3949 4783 979 3919 3940 1879 2225 4684 271 3369 4251 511 4856 4887 3012 2317 474 4139 4874 1318 4388 2625 2431 2722 88 2966 861 3462 2682 4178 1542 118 972 742 763 2479 2478 857 3485 4867 130 3999 2951 3874 3729 4104 4178 1268 4469 4638 352 3470 2657 3889 4418 2726 2449 4355 396
1261 439 368 357 1934 2012 1808 3060 998 1607 2876 2323 1660 3341 545 1213 4741 4122 4897 3397 2895 1109 3668 930 3181 3813 503 1758 4960 4516 3626 4723 643 4415 518 3180 2095 3662 321 3540 216 4044 2674 596 1620 3828 685 483 682 1451 1837 155 4887 4192 2910 3086 1790 2783 2635 4727 3121 2250 1854 1761 4086 3687 2705 3151 4929 316 4184 1369 1887 3051 482 4459 3092 3892 4185 624 3688 1019 4702 1363 1556 3290 4369 4722 272 2360 729 1045 4441 2660 1410 1259 4678 4971 2431 3162 2200 4878 2266 2692 1428 4429 3102 76 184 3000 4330 1471 1472 2375 2937 603 1643 190 4388 1953 3970 1811 1890 4117 2687 3101 4568 1466 2377 3104 1953 4862 1123 977 1228 475 2878 375 2213 1314
3807 3530 367 4614 518 4727 4564 3180 2686 98 4497 4977 2422 3595 4608 3197 4378 1451 4615 2256 3755 925 4661 1023 950 1935 3542 3510 377 4145 4994 4370 2874 3593 457 2095 4030 4940 4454 2617 4419 1903 1771 3991 2107 249 4131 748 4200 1071 3667 4429 4177 3189 3490 3276 4054 1615 3592 952 1574 4261 617 4179 3640 419 4173 259 4365 2366 4727 4932 2721 4784 4603 1920 1964 1839 1434 4284 2703 3459 2017 3811 3847 3527 781 2699 701 4017 1961 3740 874 3587 750 4032 3020 1996 2629 3426 1465 4004 4780 558 610 3833 149 2299 1977 1519 3966 1768 4256 2585 4532 2650 1575 3516 4187 3579 3259 280 431 571 4861 2828 987 1312 4875 3687 4484 3678 1002 1648 4852 3916 4574 1878 1341 1526
3940 2611 3917 2273 2185 2156 2827 4164 4349 4339 2455 4766 4979 4522 2071 4831 1928 3417 172 196 4855 2939 1113 2215 652 252 932 3353 3772 3670 725 787 1457 2105 628 3662 4940 1722 2683 1519 4285 1028 2995 3193 2773 2256 2540 3735 4193 1568 3957 3212 4343 2769 3312 4863 3046 1302 1149 4798 1431 3380 4767 2648 3820 2270 1908 4142 3889 2886 2264 4758 1939 2673 3304 4801 1745 3111 1344 360 4404 3991 1472 1549 982 4349 1380 157 325 835 4396 4463 1950 457 3015 80 4058 1823 1068 3138 1069 2343 3585 4470 187 3861 29 4080 4032 3995 1324 4247 185 1391 1508 3279 1084 2671 4940 4737 4366 1640 4760 3453 97 3410 1967 3017 1809 589 10 3438 2218 4564 3029 4917 1161 1137 2333 3870
1840 2974 4584 3185 2699 3402 2832 353 2273 2186 838 74 4425 4517 1874 4686 1701 2636 3264 3945 4914 3316 2347 756 2471 1878 3925 1377 1614 2310 1913 4340 589 4380 1843 321 4454 2683 3241 3020 2652 1388 2810 1524 2209 2279 4324 509 1123 3116 1508 408 3940 3492 238 3339 4734 1825 2009 44 3166 236 2129 4679 4493 3213 3320 1900 1043 161 3425 4554 481 4328 4831 1544 4569 4742 3120 256 4243 4560 1645 2245 1304 2264 1336 4421 519 4895 629 3833 1659 4595 483 3428 4800 3628 1077 3785 4705 918 705 924 2593 3104 2848 2873 4552 3762 3183 4713 1080 2044 1728 4983 2530 3537 1081 1901 2060 32 2406 3136 2946 4330 3777 2814 3996 801 4974 4027 1374 1966 3143 2729 3245 4266 2828 4857
3271 4354 600 2550 76 2252 671 1405 4126 2081 4821 2574 2700 591 2629 1101 3420 2827 2440 97 3030 2654 4734 477 4727 2915 1272 2002 3968 4808 3140 1150 3652 4254 2238 3540 2617 1519 3020 4318 4167 68 4918 3538 1429 2697 2675 3168 3051 4604 3267 2757 3361 1620 207 47 1762 1153 1053 3447 2541 2292 2284 2023 678 3120 463 770 1837 1843 979 1167 1029 1356 1346 3137 1985 1508 4374 4294 3177 145 3192 2289 1050 818 2169 3065 3529 2599 1835 4648 4882 3454 3241 4999 3654 2712 1550 4274 3731 1331 2565 2081 3626 4043 2022 1071 1085 4332 3566 4235 4964 3920 1163 4261 3572 1110 2670 3407 1095 241 1484 1027 753 2178 367 923 949 1445 675 2483 3052 3719 1453 200 2464 54 4836 2232
3056 2977 4719 1833 3951 3257 3109 623 2355 520 877 3557 4654 2944 3254 3726 197 2111 1091 4188 3281 81 936 1946 553 4959 3915 954 4000 3692 4450 4719 3037 4350 3216 216 4419 4285 2652 4167 3659 1918 3439 464 3058 411 2189 4346 4785 3495 2325 3804 3625 1006 4258 2733 4218 1561 3923 2499 4257 657 3478 3346 3367 2976 2472 1616 44 1879 3519 1014 2724 4143 3400 2121 3127 2579 459 4564 2979 3373 4492 474 1087 2799 4134 4670 1452 3169 3601 619 1852 3007 4163 1947 112 2191 3495 512 4901 227 2690 2598 4239 2838 4200 4389 1612 3642 4642 3072 1729 369 1287 2203 2642 1695 3306 3203 893 3576 3964 3139 880 1001 1574 347 3403 2999 4859 2705 2695 4899 828 4199 4776 60 426 2229
4914 1246 92 3307 3861 2822 2614 2653 1345 2416 2185 933 3120 3371 2528 4233 2134 706 1766 1894 1301 4846 475 3770 312 4025 389 1607 4277 4172 3999 621 2772 3034 501 4044 1903 1028 1388 68 1918 494 4493 814 287 4146 3628 1497 4048 1759 1487 3521 4836 4434 3280 3386 584 2248 1612 262 3791 2686 1050 2813 2303 967 2973 249 4762 292 1736 2866 3213 3027 4854 4661 3403 1696 523 964 3822 3804 4343 881 3517 4535 4926 837 4048 1716 1195 2058 907 3396 4691 3279 692 2961 4499 4882 3607 1388 1685 561 2876 799 3022 1602 4263 613 388 1706 3622 504 4749 3154 2169 3524 3559 4196 3470 3733 3964 3097 229 4725 1028 2445 3641 3419 4323 4087 1130 967 3356 3109 217 2450 1900 3393
1383 4366 2140 2127 2586 264 924 1212 3414 2538 3179 3579 923 1125 3912 3026 104 1671 30 1104 2810 769 4385 1428 1909 987 2964 2058 4419 3318 3964 3493 2301 395 995 2674 1771 2995 2810 4918 3439 4493 3862 2968 4537 2444 1439 3962 2009 3683 265 3355 3471 1408 2350 1938 4568 4378 3034 363 2838 4514 1653 3052 3781 1787 3043 422 1394 746 529 1619 4812 3023 4796 1588 156 3714 1375 412 2241 4878 69 4551 2878 2800 3925 117 485 4195 1855 4388 2313 4178 4125 4429 4430 3907 4813 1634 2677 3426 1600 2014 2530 4387 3618 3932 3972 558 3795 4687 991 3330 932 1042 538 3847 238 2769 1824 805 4024 3481 1394 3868 1913 3010 3497 3290 1365 4677 3512 3382 2720 557 3279 1424 1410 49
2052 1188 384 961 1982 785 2359 4679 602 2429 3095 1939 965 4020 3012 2751 4441 2376 4962 3510 1047 1055 1659 3240 3709 1387 4676 4673 2282 3820 1501 1787 2149 3021 2035 596 3991 3193 1524 3538 464 814 2968 1191 1122 1457 1496 3084 560 3181 4603 2866 4648 4717 15 2408 1559 141 2231 767 1346 953 1000 2555 4172 2698 2421 841 4407 4504 1664 1736 3687 4758 870 972 2964 1263 461 2893 2320 3581 755 4204 2028 974 1226 3971 198 3484 3515 3626 2363 342 4620 3214 2293 4359 1722 3759 523 667 4502 4167 4469 3547 489 1268 2224 1137 4570 465 1507 261 112 2227 3001 2751 157 2976 2251 1101 4957 640 3045 3209 3614 2450 4582 135 3431 4126 3031 3849 4608 2711 400 219 2422 2538
4704 4290 1442 2117 4739 3181 208 1808 4183 357 4153 4814 1137 368 2882 2268 153 90 1796 4794 1429 4044 1417 1406 3041 3768 1897 3907 4490 915 1684 2235 1471 2795 4225 1620 2107 2773 2209 1429 3058 287 4537 1122 1406 923 398 1330 4767 4700 1839 224 3776 3351 261 4470 2344 4393 3290 1426 4119 2269 2214 3568 2744 1044 1055 1127 393 1222 1601 4649 1276 3592 782 2305 332 2834 2362 688 1656 4573 2283 2270 3371 2498 3475 2911 366 1804 3160 1413 3539 2099 189 2607 3076 4276 3239 4631 3750 3120 2234 4729 2612 1234 1213 1365 243 4734 2780 1555 2439 801 4765 1311 4012 1103 2465 2167 2083 2591 3446 3214 4344 4272 3881 3302 156 4357 1047 4170 361 2515 1242 2253 3660 4705 2079 3487
2761 523 4030 3062 4567 1330 1018 1614 2031 2807 1821 3817 4054 876 3326 960 2026 4897 4191 2408 1779 3779 4159 3100 4553 2055 2852 4719 1387 2796 3661 2148 83 854 3014 3828 249 2256 2279 2697 411 4146 2444 1457 923 2722 1187 3457 48 3374 3619 3653 415 132 3098 3174 1511 1046 1282 2685 493 2071 1172 409 1672 172 91 4260 1079 4895 1358 145 1686 4366 4441 2498 3552 1936 3481 1205 1106 3692 4809 2552 513 3795 2857 3442 3649 4120 2141 2998 515 1481 1263 2786 2142 3454 1233 2759 1640 4779 2190 283 534 4824 1236 2489 4404 1541 1286 4979 4668 93 3824 3225 3868 3742 435 3088 705 1323 1459 4266 3262 2912 1717 1397 635 4257 1889 3057 4844 2777 4633 1106 1503 1241 1789 610
4557 2311 3743 3766 3178 575 3996 3711 659 198 3379 2543 3265 1596 2287 4236 492 2257 3861 3475 2097 1827 1411 1137 3059 905 3135 987 1602 2037 4464 2056 2030 1015 1906 685 4131 2540 4324 2675 2189 3628 1439 1496 398 1187 3800 4045 1848 2375 3305 2738 2886 3824 3667 786 1213 4635 2331 2021 3263 3124 4512 1082 4288 4740 4521 4584 313 4223 2627 1368 4624 1678 4710 609 2629 3946 2857 2595 1632 3747 3715 4147 1122 2661 610 446 3806 1401 797 2179 541 3261 1619 3270 642 3318 4164 4580 1011 3077 3548 1708 3175 3200 2061 2737 3823 385 2714 4283 1030 4278 1233 3804 4181 3432 3622 4211 782 3118 1281 2951 2661 2450 2010 4371 4388 3571 2981 4413 4387 257 4659 3536 2816 2671 1076 4793
1007 3626 280 3965 4063 4012 4352 3696 1678 3717 1569 1018 171 3304 3964 1773 3762 149 3055 1041 418 2936 4197 600 3188 28 3785 1388 1826 3408 2087 2485 2993 1209 2018 483 748 3735 509 3168 4346 1497 3962 3084 1330 3457 4045 1151 2919 3338 37 1548 696 2883 3185 3111 634 1802 510 2715 2298 2778 2940 4430 3056 4536 3416 3165 508 4135 56 3480 2863 4843 323 2231 4996 521 966 2961 958 3390 2905 691 4996 1255 978 528 3392 2368 1521 3920 2609 3057 434 1342 1876 2223 4564 1118 2410 2427 4880 1666 2237 2784 1372 4313 3574 4276 4205 993 2708 1425 3112 3061 4521 1336 2036 1977 1326 2947 115 3684 472 4444 1200 1486 564 1658 904 4098 2004 3312 2557 3000 3855 2053 3003 2642
433 391 3249 4195 3547 800 4669 2609 4562 928 3547 2197 3090 1499 1507 1921 4641 586 2140 3629 2370 882 4408 668 905 4480 302 1130 2025 341 2851 3386 1034 1496 39 682 4200 4193 1123 3051 4785 4048 2009 560 4767 48 1848 2919 1059 4584 3700 4386 2592 2434 2511 603 1642 421 4617 4527 4165 3835 1472 2525 2944 546 1517 2861 4728 3816 2750 2282 3332 1172 4317 2093 2861 1736 4623 1036 3661 4673 4291 1161 1264 4912 3284 4742 243 376 1611 475 3864 4128 1704 4741 37 98 4483 180 2517 2817 1111 1630 1575 3990 47 116 4674 1168 4420 139 2971 103 3566 4669 1522 3643 281 817 2150 3088 4786 4004 3360 2311 1806 958 2841 1032 2040 4453 2745 991 1078 4439 973 1295 3614 835
4952 952 3713 1390 2244 4920 1397 3233 1205 4134 1687 3506 2185 4330 1291 4438 1942 2715 1175 3844 119 3754 620 4958 1948 4221 1372 3980 3049 3446 103 2728 1003 1281 3529 1451 1071 1568 3116 4604 3495 1759 3683 3181 4700 3374 2375 3338 4584 116 710 431 2189 84 439 1065 26 2499 3266 4039 1055 307 4334 2089 3632 1044 2029 3941 1925 2118 1205 935 863 625 82 4197 4022 2423 3150 2477 3347 890 4912 4681 3549 3119 2526 3175 2200 3842 91 4793 1689 415 2079 573 2927 3843 825 4108 2074 464 1447 44 437 2869 2767 4332 3841 2649 4493 1484 2911 1225 3904 1945 3335 4692 3693 1897 3799 2892 681 1022 2961 2604 206 4047 2386 2826 4878 1052 4903 2365 2522 1632 368 241 4456 3553
189 4950 1750 3010 3709 2469 3816 302 1356 3212 653 3599 2844 3740 4139 3691 2055 926 255 1780 411 4131 2583 2731 408 3742 1695 305 3070 2637 1448 4834 4004 1403 1396 1837 3667 3957 1508 3267 2325 1487 265 4603 1839 3619 3305 37 3700 710 1593 2854 1241 1502 3627 735 793 2490 1391 4896 2206 450 2780 4268 3677 3990 2813 744 3044 3309 4109 1084 2815 4386 452 2526 1918 2170 3692 4685 1168 2588 941 1183 3921 2896 1817 3361 1218 165 2903 313 4126 3521 3059 429 3870 3439 1595 1557 2205 2947 4651 1578 4696 1245 3779 2437 4925 3993 1618 2424 4552 1927 1122 3967 4442 670 3949 922 2307 4293 3884 908 4164 606 2214 3168 3912 2825 795 270 3105 1675 4721 4701 1316 448 3698 4249
1533 2194 3332 1320 1041 3581 4691 4341 293 2657 3252 4526 3686 584 81 1148 4426 938 1868 2918 1065 447 1141 2663 4895 2412 880 1011 1903 1126 4207 2699 3650 2620 1363 155 4429 3212 408 2757 3804 3521 3355 2866 224 3653 2738 1548 4386 431 2854 3818 3271 2315 4547 375 3966 3043 1936 1270 1118 3773 2637 3647 4606 1484 4059 3905 3915 2747 1410 2777 3462 749 473 283 1713 671 1781 3761 547 4330 187 2985 3724 3495 2855 374 1177 2616 3643 2669 4842 1864 4100 2056 1430 3138 1863 4112 2408 702 512 2170 442 3556 4846 761 3427 1779 2439 412 3859 3222 1386 4691 1214 3664 3251 1749 399 1304 2646 4645 1460 2592 4255 3600 4019 716 3955 3984 4304 2270 2799 873 2119 3236 4457 4251
1405 2519 2380 952 905 4797 477 3072 3317 3834 3796 3364 2618 4696 3549 254 4651 3332 3042 2637 1609 1577 545 4867 1261 4945 1449 882 2487 429 2392 3868 2851 3775 4004 4887 4177 4343 3940 3361 3625 4836 3471 4648 3776 415 2886 696 2592 2189 1241 3271 3217 1395 2340 3844 3490 2208 348 4600 1143 401 1722 4005 2743 3727 3264 2048 4549 2889 2183 4668 3987 4304 2115 2633 113 4373 1114 2575 3970 3559 510 1299 2070 3717 3191 1076 2111 1594 4925 1213 2708 1676 4369 2982 4038 3295 860 1360 2224 4280 375 3240 3640 4489 1771 2184 1011 308 606 1166 2625 2176 652 4663 3260 3117 3633 4608 720 2066 2967 2966 2121 3464 3290 4402 4621 3125 3709 2342 3206 3687 2496 4539 1941 4370 2635 2603
2136 800 4600 3139 2697 4425 3773 2060 279 4163 896 2020 4257 4817 2583 1982 4403 4585 1027 4091 4158 3346 359 2277 2877 4750 2522 4139 1945 3494 2473 4516 2452 4818 2354 4192 3189 2769 3492 1620 1006 4434 1408 4717 3351 132 3824 2883 2434 84 1502 2315 1395 4357 1278 1382 3297 74 1152 4077 2864 1842 2500 3301 1846 1928 3468 472 3985 1174 1679 2914 1894 4935 550 745 811 1771 3753 4066 1732 1338 2551 3452 28 3014 198 2398 2270 1564 3880 1910 2618 4031 3080 4095 1369 246 217 4364 3814 1665 1037 3922 4166 4290 3908 4356 4939 3594 3099 2212 3060 4297 3120 375 4198 530 4478 1978 3090 3647 1134 1160 1632 1571 4353 286 3130 3798 2167 889 1712 1851 2267 1605 1131 3684 2531 3305
4479 1668 3521 1807 4780 4095 120 1884 3094 3642 2699 4758 2445 1382 772 622 1168 4179 2596 3802 1486 3288 1577 4886 4394 154 1905 3289 3650 3529 4323 1529 2703 2981 3133 2910 3490 3312 238 207 4258 3280 2350 15 261 3098 3667 3185 2511 439 3627 4547 2340 1278 2861 4627 105 994 1423 1511 2831 2089 4855 3640 4808 1458 2815 1335 178 2042 1366 2142 3569 3114 889 392 2978 1819 2955 1380 763 3418 1859 3187 3002 2366 1157 4141 1884 3449 2522 3244 2113 201 931 552 3609 3703 521 4485 3114 733 527 745 4682 3039 3000 260 4975 628 603 4817 2872 2573 4647 3124 1237 4403 3668 1752 3792 4138 974 3178 4456 2435 3768 1379 3478 3165 569 4119 528 4082 3413 4815 1719 344 4846 744
3042 2480 1763 460 3207 4114 4920 873 568 2350 1824 469 2816 1214 3145 2487 3673 1922 892 915 2380 1895 2908 2973 4749 1584 1004 1288 4734 387 3957 2868 33 4028 937 3086 3276 4863 3339 47 2733 3386 1938 2408 4470 3174 786 3111 603 1065 735 375 3844 1382 4627 4495 368 4325 1468 4665 706 4830 702 4020 4842 527 1963 1442 1921 2109 4348 2283 2430 3980 423 4851 3395 4395 1399 2218 25 4573 2062 4386 2832 3170 2704 597 3343 4689 1459 2566 2319 2399 3616 477 1486 546 3749 4086 916 3877 3945 2207 350 320 2776 3268 4131 1012 2880 2388 821 3564 3547 1873 3593 1449 2740 1303 621 3306 1316 3545 1103 4734 1592 4937 2023 4197 2527 4978 4953 4107 1201 2839 3932 1844 1864 294
3850 3700 966 4403 3369 1475 4047 1201 4047 1126 3686 4992 2204 2129 4201 998 1417 4858 4321 3024 1958 1580 116 3697 1366 2819 941 3219 1084 3783 4376 4123 4932 2059 4090 1790 4054 3046 4734 1762 4218 584 4568 1559 2344 1511 1213 634 1642 26 793 3966 3490 3297 105 368 3831 4526 2675 3832 507 865 2578 1355 2801 4308 421 2515 2240 4069 3072 3252 2000 3483 3449 469 2479 261 682 1618 863 1028 2370 2618 288 4578 3187 109 4863 4364 1540 3968 783 1630 1546 1311 1064 3467 1457 3622 3208 1644 4103 2748 2825 3396 4150 319 3703 2854 2057 4119 4615 3260 1706 131 4161 1591 1813 4315 2816 4051 4630 4854 1102 115 876 4210 1155 1205 1250 4315 3618 2055 813 252 2134 4690 3539 251
236 819 3963 93 4941 1225 435 2139 1744 4722 4247 287 2610 4452 1548 2580 2591 1620 488 1949 1911 4785 81 752 3663 626 4601 3491 3977 4731 2382 648 125 723 4984 2783 1615 1302 1825 1153 1561 2248 4378 141 4393 1046 4635 1802 421 2499 2490 3043 2208 74 994 4325 4526 3893 2856 1001 2777 4045 311 3725 2724 2370 4546 3889 1619 877 3405 1765 4088 4856 4695 1135 717 2349 4854 3083 1859 4416 4281 1068 26 4644 1247 882 1582 2286 4462 4701 3950 4641 4647 1295 2996 3930 1731 1056 734 3624 1969 213 1404 949 1173 4944 2593 4625 2813 2456 1277 4912 362 492 2278 2066 1379 368 2998 1066 1160 829 2298 3963 4709 355 4139 1159 2818 3898 3091 4854 3838 645 3273 4214 537 2282
3486 1580 782 3773 3457 1767 4886 486 833 4341 2204 2804 3581 224 3905 2082 993 388 131 1853 187 4147 2651 76 4523 748 236 4700 1339 3150 2650 3889 4865 830 3268 2635 3592 1149 2009 1053 3923 1612 3034 2231 3290 1282 2331 510 4617 3266 1391 1936 348 1152 1423 1468 2675 2856 2045 3713 843 3012 4816 924 1297 332 1185 3440 3798 3106 3874 1085 1977 3344 4854 4811 4566 4342 498 3669 2106 68 1939 3844 163 4321 2611 1220 4754 3390 4998 2079 4926 3077 1047 1588 767 664 2705 1537 2322 910 4802 4589 1127 3128 3357 359 4958 1314 4857 1456 4255 971 3776 1904 4924 2783 1946 2575 4384 103 2024 3161 4151 4321 2333 2710 3554 4557 2435 577 817 2375 3607 1210 934 4721 2201 4624
2645 3842 1489 765 2903 3803 4349 750 1823 1506 2312 441 667 2839 4839 2051 2467 1675 2109 39 854 4713 4880 2039 4843 1363 328 295 3616 1477 1368 3469 1560 709 1133 4727 952 4798 44 3447 2499 262 363 767 1426 2685 2021 2715 4527 4039 4896 1270 4600 4077 1511 4665 3832 1001 3713 1314 2097 3545 762 1439 2190 3599 813 3238 3354 3377 2658 4172 1056 2872 4823 277 725 4852 855 2060 3619 2926 3308 835 2019 1769 394 2380 2392 3409 4068 4384 3370 2631 2771 2126 2920 2017 557 3287 1509 1798 1805 480 1420 1836 295 2212 3781 2165 4421 4343 106 450 2433 2814 3925 2102 919 4159 4718 4823 1354 3507 4003 284 827 485 2525 4767 333 1594 2494 2728 1351 1093 2828 2824 2865 149
136 4049 901 2882 657 3592 445 748 2138 4017 2457 13 4897 2144 2722 4017 2938 4026 3568 1124 4237 366 3410 4816 106 2764 1482 4241 1491 303 894 198 1009 1038 3266 3121 1574 1431 3166 2541 4257 3791 2838 1346 4119 493 3263 2298 4165 1055 2206 1118 1143 2864 2831 706 507 2777 843 2097 3095 830 589 2105 3109 4682 1259 2520 4263 1082 853 4672 2265 2773 1228 2859 958 1646 2589 4075 4702 1983 4259 1922 4170 286 2851 535 2075 1370 4065 2451 4842 1029 1826 1440 2977 1317 3868 2833 2083 4560 2336 4676 4979 1692 4198 913 1049 873 4688 1734 1940 2248 866 2759 1983 2924 2692 2654 2766 4282 360 1682 1802 487 3299 29 3174 183 4775 1297 3955 176 4669 3199 2826 3030 1508 995
2366 444 119 437 200 4949 4283 1537 1479 1284 1358 671 4846 1640 855 2264 2665 2120 1665 2673 1515 1815 3852 1641 4325 1603 44 3566 4326 906 3437 658 339 2914 4174 2250 4261 3380 236 2292 657 2686 4514 953 2269 2071 3124 2778 3835 307 450 3773 401 1842 2089 4830 865 4045 3012 3545 830 1727 1768 2919 4000 4798 3673 605 874 3410 4563 1039 2196 311 4284 4265 3237 2394 3115 1705 616 3726 1932 1805 3853 2649 3599 623 47 2417 3634 4654 3506 230 3799 3377 4651 1827 3102 1052 3562 4916 694 3437 4778 3838 2209 224 870 765 4878 2841 3487 950 1579 2242 3261 305 3426 1766 1135 2801 4469 118 689 2014 3318 4607 2786 3461 2923 2790 2376 2974 4170 3537 1802 3724 747 2252
3857 1657 4369 4196 3785 1641 695 1611 1642 3224 4076 2988 3309 1674 2331 1754 1886 1395 463 4978 4647 2165 4082 956 600 68 3304 399 4922 4228 4726 4610 1320 3592 3615 1854 617 4767 2129 2284 3478 1050 1653 1000 2214 1172 4512 2940 1472 4334 2780 2637 1722 2500 4855 702 2578 311 4816 762 589 1768 3344 2367 2458 1399 253 1767 4209 1013 3066 4137 4924 356 776 2978 145 583 968 4822 2452 4554 1765 3909 3794 4196 1200 2968 2782 4154 4562 2733 4580 2042 1895 3100 957 3247 484 4486 3820 4482 2308 3053 3843 2978 541 4437 4249 561 3152 1677 909 3836 3622 2430 4977 4329 2690 3108 2670 2063 1299 1000 2770 2735 2967 2438 2163 3283 2661 3992 3115 635 2417 4669 2896 4142 4039 2903
4392 1646 1714 944 4622 3681 389 786 2744 1945 209 2643 4707 3160 2097 1757 1096 527 939 4011 2744 1985 212 4885 3924 4449 2772 4943 1182 2295 1015 1904 4954 4470 3888 1761 4179 2648 4679 2023 3346 2813 3052 2555 3568 409 1082 4430 2525 2089 4268 3647 4005 3301 3640 4020 1355 3725 924 1439 2105 2919 2367 3595 3217 1511 2256 973 4264 2381 3269 2256 3887 4240 4635 2724 3733 1894 1141 1751 1840 1678 352 3727 55 980 3369 4954 1931 2521 1635 644 1087 1813 2244 3245 1956 3388 2380 834 473 2159 2389 346 2563 457 1247 1771 3101 3111 3853 3545 4339 1901 1548 4810 4016 621 853 565 849 661 1282 2026 3893 4793 1571 2288 503 3402 2450 1569 3096 3291 1765 3779 647 4398 4628 3281
1427 2819 4883 4738 601 3600 1329 1518 3453 1159 2909 786 4993 4167 4775 2434 3376 1720 84 1846 1108 2304 3032 4660 2662 1478 2648 1413 4685 3207 555 2482 3086 4599 2397 4086 3640 3820 4493 678 3367 2303 3781 4172 2744 1672 4288 3056 2944 3632 3677 4606 2743 1846 4808 4842 2801 2724 1297 2190 3109 4000 2458 3217 744 4609 90 3546 1184 3966 1124 3539 4516 3073 824 2572 1752 224 3405 2975 2612 2960 1684 2576 4672 502 3418 2407 4852 3548 3162 4253 3380 2920 2576 1892 227 2374 3750 4341 1717 2045 609 3031 2772 142 1313 4269 3673 2045 69 4244 4989 2586 577 2100 4506 74 4124 2244 4922 1927 3765 3237 4064 3574 4271 2241 2969 3053 3004 2845 2432 1247 402 3719 4737 4425 1627 4253
2474 3873 2784 3006 4589 1407 4206 711 4488 1320 199 184 3351 2264 2023 2797 4434 1692 2444 4446 2717 979 4404 391 1420 3137 3137 2928 1044 1448 1899 3502 472 825 42 3687 419 2270 3213 3120 2976 967 1787 2698 1044 172 4740 4536 546 1044 3990 1484 3727 1928 1458 527 4308 2370 332 3599 4682 4798 1399 1511 4609 1916 3915 1984 253 1833 225 3994 3042 4487 4822 4307 2811 3765 2436 442 1093 1661 3095 2526 3224 566 1530 481 1806 2970 4115 183 4593 4283 4350 3074 2229 2927 4651 4677 4769 2535 1963 324 4754 1559 2856 4886 3428 370 544 1793 2580 213 1421 701 1313 935 4800 2712 2164 4083 4745 283 1742 680 2416 4767 2799 1610 2456 2273 4314 3561 2786 1067 3958 4207 4109 1150
4907 1165 1485 2464 1983 2897 275 3021 3990 742 3655 4391 878 1079 4148 4182 3736 4067 1491 32 975 2241 4009 3975 492 3668 3120 806 4407 2837 758 4400 3749 2293 4471 2705 4173 1908 3320 463 2472 2973 3043 2421 1055 91 4521 3416 1517 2029 2813 4059 3264 3468 2815 1963 421 4546 1185 813 1259 3673 253 2256 90 3915 3356 3434 4576 1874 4026 2330 1336 1482 848 4399 1645 4113 4776 3274 2570 2973 2039 2961 1236 3682 1511 2845 1252 3826 3727 3547 878 3598 4445 1205 2674 4846 2864 1419 275 2128 614 4714 4567 1926 13 2155 3808 3245 1351 1903 3029 4019 3541 3507 1294 4339 4691 2501 4442 4178 524 2451 2186 3549 3600 4280 477 3194 429 1245 49 3655 1568 1945 338 1184 3742 2399
2732 758 3435 2293 4342 4894 123 2212 4668 4711 3899 1907 2860 4624 2178 295 105 132 1271 795 3418 3423 1016 4447 91 558 1468 2975 62 4460 2879 4531 844 2716 4274 3151 259 4142 1900 770 1616 249 422 841 1127 4260 4584 3165 2861 3941 744 3905 2048 472 1335 1442 2515 3889 3440 3238 2520 605 1767 973 3546 1984 3434 4341 408 4034 3683 2289 2360 769 1127 3332 1441 1692 3965 1570 493 1917 1294 2278 4517 1169 630 2584 1598 1238 4562 3024 263 3218 3203 2545 3882 3123 1123 1458 1730 2870 3070 2702 4356 1063 4861 1858 1966 4461 1332 1074 4924 982 3625 1938 126 4229 2086 2973 2599 4172 2512 4202 4995 2492 178 963 987 4076 4820 4679 1846 2919 2504 784 3680 1382 1560 1092
265 3924 1023 1480 4682 3461 2177 836 1319 3469 160 646 2742 2896 2143 3071 75 4372 4355 4321 2517 1847 4851 4618 951 1452 763 2790 1922 4467 3722 2532 1540 4651 3155 4929 4365 3889 1043 1837 44 4762 1394 4407 393 1079 313 508 4728 1925 3044 3915 4549 3985 178 1921 2240 1619 3798 3354 4263 874 4209 4264 1184 253 4576 408 3879 1507 1105 340 363 2072 2257 963 2718 1052 2592 3149 742 3136 4186 2628 1786 4705 508 2381 2110 4192 3608 1635 4259 1966 422 47 1557 3055 3234 829 1148 1041 1569 3142 2420 323 236 3353 2577 3349 2330 516 1814 509 1283 3162 1521 233 1003 1344 3005 1343 1980 660 998 1281 2557 1692 2108 4821 3908 2139 4902 2750 2653 209 2004 361 1308 1178
4407 678 2115 111 34 458 2313 1907 1811 1666 1187 3771 3378 2253 4733 3704 213 3444 4119 1723 2697 2361 4755 3483 1119 701 1439 3692 3738 4050 628 1581 4554 4672 2386 316 2366 2886 161 1843 1879 292 746 4504 1222 4895 4223 4135 3816 2118 3309 2747 2889 1174 2042 2109 4069 877 3106 3377 1082 3410 1013 2381 3966 1833 1874 4034 1507 1232 3537 2542 91 4021 1409 3688 2717 565 103 4944 3702 1471 4229 90 3220 1530 3233 3905 4888 1187 1816 2084 3098 4195 3627 1813 3179 3610 627 4381 584 1505 2663 2194 601 745 1909 493 2957 565 4123 2473 2058 406 4770 4676 2246 2476 26 3990 4810 2005 2061 1473 2497 2066 1673 1830 1752 3569 1007 839 392 588 890 4840 4327 703 1685 508
3051 105 2185 4506 4468 43 4323 4262 720 1200 814 3065 1241 2660 2345 1276 2506 2079 810 1526 882 2303 3891 4883 1815 4906 4069 1026 3397 3420 4353 2045 4937 3988 714 4184 4727 2264 3425 979 3519 1736 529 1664 1601 1358 2627 56 2750 1205 4109 1410 2183 1679 1366 4348 3072 3405 3874 2658 853 4563 3066 3269 1124 225 4026 3683 1105 3537 2662 2541 130 2014 1598 1675 4225 878 4553 547 463 2668 2235 445 567 622 2239 870 4557 135 4642 3915 508 3245 2998 2996 1556 4859 2424 3426 1948 391 4531 669 1451 1957 3763 4775 2517 289 1810 112 3097 2331 3347 335 2316 900 2098 2427 4603 2068 2158 2193 3989 1409 3134 2594 4925 141 668 4388 722 4696 3298 2942 2658 1917 3708 2506
3596 1010 3486 816 4082 2200 3033 2126 2461 272 4685 2598 634 2204 1419 2302 2351 4012 4477 143 3613 707 2247 547 4322 2286 3909 3236 826 1018 528 1210 2013 488 167 1369 4932 4758 4554 1167 1014 2866 1619 1736 4649 145 1368 3480 2282 935 1084 2777 4668 2914 2142 2283 3252 1765 1085 4172 4672 1039 4137 2256 3539 3994 2330 2289 340 2542 2541 22 4657 3004 1212 1278 54 4615 3790 772 1362 3892 4594 2104 3141 3821 4166 3403 625 1640 1989 2423 89 2288 3713 3511 72 3806 3251 51 4521 2261 1118 2292 897 1778 1956 1320 1700 2893 2795 1947 1014 1340 1226 1906 4605 2259 590 2211 1295 2440 3982 1491 157 1373 1880 2696 2391 2332 1550 2757 4632 2327 637 3858 4287 4735 2028 552
1032 4543 1037 691 295 4842 4670 2707 4614 3021 4167 950 2936 3097 2931 4121 2496 3604 641 1649 1765 4630 2678 649 936 803 1171 501 2277 4865 1050 2304 1750 4582 4437 1887 2721 1939 481 1029 2724 3213 4812 3687 1276 1686 4624 2863 3332 863 2815 3462 3987 1894 3569 2430 2000 4088 1977 1056 2265 2196 4924 3887 4516 3042 1336 2360 363 91 130 4657 741 552 4779 4478 161 4444 4984 4494 3710 1628 1036 4121 4758 2710 1034 2961 3677 3476 1339 3973 1471 4785 1043 1123 3848 2216 2307 1942 1470 4812 2301 681 4936 3008 2896 3084 1874 3168 227 4700 4951 3354 2345 634 4013 3573 1478 4661 2349 998 1198 185 1547 559 3616 2155 3589 4588 3151 3000 3025 948 4387 506 1184 4848 4933 4599
2037 2348 4449 2310 4857 349 2308 2458 1610 3128 3108 4965 1420 607 2162 88 2792 127 2009 2353 2199 2803 124 4172 3032 3868 1465 1363 274 2787 4492 3462 2948 1581 190 3051 4784 2673 4328 1356 4143 3027 3023 4758 3592 4366 1678 4843 1172 625 4386 749 4304 4935 3114 3980 3483 4856 3344 2872 2773 311 356 4240 3073 4487 1482 769 2072 4021 2014 3004 552 2699 2425 4833 2917 1420 3623 3851 3737 3490 2752 1012 1471 1367 1198 4811 406 15 318 1363 1196 4351 2059 889 2710 658 398 2434 3010 1489 678 4716 3845 3380 2173 4760 3013 1462 939 4527 1162 3007 461 1041 4721 1710 347 1147 4501 3904 4758 2516 2485 3413 688 3710 4376 1350 1529 2233 3835 3854 835 202 984 4913 205 3788
538 3931 2322 159 4639 302 2701 2953 4240 3473 2243 1745 1205 4645 656 3423 4027 3368 1044 2705 496 4691 4000 4736 490 2018 2523 1133 3771 972 186 2860 4932 1167 4232 482 4603 3304 4831 1346 3400 4854 4796 870 782 4441 4710 323 4317 82 452 473 2115 550 889 423 3449 4695 4854 4823 1228 4284 776 4635 824 4822 848 1127 2257 1409 1598 1212 4779 2425 4902 256 2329 4301 1339 589 1028 2051 3667 1482 2330 559 1485 3375 3570 624 3361 2289 545 1442 2902 68 98 1443 1440 4549 2371 4408 1925 2871 4131 1374 2054 4761 2070 359 3974 362 2233 2610 1567 1474 4505 1778 1371 1212 2830 4896 2132 3939 3290 1558 4772 381 3453 395 529 543 713 1714 4678 3567 1947 23 1393 4274
149 2873 1744 1525 2692 2084 4798 956 1664 4574 2974 1329 4731 4036 916 3196 1041 2689 2477 3632 2278 3747 3896 917 3863 4884 1473 1348 3037 3517 4669 3770 681 721 982 4459 1920 4801 1544 3137 2121 4661 1588 972 2305 2498 609 2231 2093 4197 2526 283 2633 745 392 4851 469 1135 4811 277 2859 4265 2978 2724 2572 4307 4399 3332 963 3688 1675 1278 4478 4833 256 3191 3628 1783 4005 3479 3331 333 3937 981 2458 3861 2357 3548 3656 143 766 4704 930 2320 4558 3873 2258 353 3236 3359 3182 1808 1671 880 3224 4409 898 3864 1546 236 4690 2199 4616 2552 1517 2439 4936 426 1854 966 2876 4720 200 1489 3163 975 515 2472 4145 2900 3621 448 3130 2708 154 3541 513 4327 129 1315
4479 3960 4873 4517 4125 2994 3575 1448 3975 2086 2626 863 3910 3727 150 2092 3087 2542 4226 2577 1689 1262 1356 2813 305 3956 1312 2689 2969 3727 1811 3203 1273 4963 1459 3092 1964 1745 4569 1985 3127 3403 156 2964 332 3552 2629 4996 2861 4022 1918 1713 113 811 2978 3395 2479 717 4566 725 958 3237 145 3733 1752 2811 1645 1441 2718 2717 4225 54 161 2917 2329 3628 2069 3447 4898 361 126 1920 4549 4077 24 2521 297 2695 294 103 1215 615 4079 4014 4274 1769 242 1720 4830 1314 3169 714 4229 3235 565 4476 4110 2132 1756 4070 1326 2484 3263 4477 4344 1842 89 4062 627 1200 2053 2806 1909 1577 2225 1493 589 2469 3528 1313 1350 4517 3459 3082 1657 1190 4728 3164 388 4257
1708 1369 4564 2617 1927 1788 1062 1951 1174 3509 2262 3005 2414 2842 3439 3609 3944 2576 1742 4203 3268 161 4014 1816 2654 4514 3912 579 4057 270 3856 1923 3845 2562 1607 3892 1839 3111 4742 1508 2579 1696 3714 1263 2834 1936 3946 521 1736 2423 2170 671 4373 1771 1819 4395 261 2349 4342 4852 1646 2394 583 1894 224 3765 4113 1692 1052 565 878 4615 4444 1420 4301 1783 3447 2075 2409 2190 1898 2376 555 3442 2909 2820 482 2964 3525 2229 785 2466 2758 840 3083 956 4488 1470 1184 3898 2677 1311 2604 670 4314 498 1191 4316 4822 3517 1737 3810 1685 2611 2548 2111 1869 1616 2093 2005 392 1414 772 2438 4419 4659 3633 3845 2679 3187 3361 4842 4734 648 2723 534 3767 181 4118 216
2272 4964 4624 4521 3221 94 4899 3926 2476 4489 2168 2851 2566 1228 4913 568 2696 2810 1951 4214 2494 132 3533 3795 1363 2685 558 4186 2180 2479 3213 3472 2557 105 4699 4185 1434 1344 3120 4374 459 523 1375 461 2362 3481 2857 966 4623 3150 3692 1781 1114 3753 2955 1399 682 4854 498 855 2589 3115 968 1141 3405 2436 4776 3965 2592 103 4553 3790 4984 3623 1339 4005 4898 2409 3500 4527 1069 594 3566 3862 1779 3967 1404 2916 4048 2202 1327 3280 434 768 3393 2859 4089 3749 4664 1046 3055 4552 2107 1391 2000 1612 4820 4917 4468 2694 4853 4702 196 1496 3759 4431 795 4178 4131 54 3340 450 2026 1202 3140 2647 2776 3408 4352 1726 3022 4663 838 1783 2470 3397 3886 84 3922 1326
333 389 1622 494 3122 3069 3156 3955 528 1917 3103 1110 1107 1384 3544 4810 274 1014 3179 4412 1905 4521 3494 13 1899 4131 1539 2766 2649 3751 2567 4783 1360 1159 4619 624 4284 360 256 4294 4564 964 412 2893 688 1205 2595 2961 1036 2477 4685 3761 2575 4066 1380 2218 1618 3083 3669 2060 4075 1705 4822 1751 2975 442 3274 1570 3149 4944 547 772 4494 3851 589 3479 361 2190 4527 4861 4057 3780 1406 3139 3161 1279 2773 3943 2006 101 3978 790 2954 2134 1167 2042 4938 4767 2689 499 3034 3208 4904 4401 4738 1190 4255 1285 3866 94 1159 955 17 3861 744 1891 3197 4883 4035 3059 3214 1152 3087 4955 4506 3799 4734 4375 201 1978 3848 858 1972 2825 39 3441 3072 685 3943 540
3017 3201 4997 1208 3696 3467 148 4819 4921 3186 1794 1529 3155 4840 3960 375 2267 3711 135 996 3701 1041 4868 3040 4152 4951 565 4697 3117 291 2998 1948 1372 510 4505 3688 2703 4404 4243 3177 2979 3822 2241 2320 1656 1106 1632 958 3661 3347 1168 547 3970 1732 763 25 863 1859 2106 3619 4702 616 2452 1840 2612 1093 2570 493 742 3702 463 1362 3710 3737 1028 3331 126 1898 1069 4057 2165 1471 4033 1716 1668 545 4886 2037 1379 4256 1979 4045 3662 3874 4988 3140 4737 886 1034 3230 3296 3254 1537 3710 1292 740 1953 4507 3889 3248 3709 1262 3542 1255 3473 4153 4627 3633 105 3709 4943 2610 949 1632 738 3323 4588 2909 3780 3698 4511 3582 2743 1215 2918 1843 2464 3954 1283 2103
3763 4405 1568 88 673 2888 2914 2446 4586 4949 1335 238 3927 1041 1085 2280 3792 4597 1913 599 3218 1672 4962 738 4784 4054 1168 97 2165 312 302 2308 2864 3958 3949 1019 3459 3991 4560 145 3373 3804 4878 3581 4573 3692 3747 3390 4673 890 2588 4330 3559 1338 3418 4573 1028 4416 68 2926 1983 3726 4554 1678 2960 1661 2973 1917 3136 1471 2668 3892 1628 3490 2051 333 1920 2376 594 3780 1471 4359 3519 699 4069 2251 4006 327 1560 1605 1595 3566 4490 1991 204 2213 3132 163 937 1571 3202 4853 841 4221 3319 3146 61 2365 4251 2809 817 2274 2766 461 1490 2952 3149 1577 2221 4140 4999 3632 2767 1254 3961 4280 687 4701 2356 1435 4830 386 2391 3417 4348 4606 200 2296 535 3346
4601 2259 338 3150 1819 2708 1667 4236 2277 2209 1928 737 4897 474 4654 4286 3638 2384 460 2398 1695 3010 4137 796 631 4287 2057 4955 1042 4707 1204 1127 1610 1124 4783 4702 2017 1472 1645 3192 4492 4343 69 755 2283 4809 3715 2905 4291 4912 941 187 510 2551 1859 2062 2370 4281 1939 3308 4259 1932 1765 352 1684 3095 2039 1294 4186 4229 2235 4594 1036 2752 3667 3937 4549 555 3566 1406 4033 3519 4195 4430 3491 1206 1840 3377 3308 1373 4352 461 3886 3254 3143 3991 132 2487 2503 3410 1127 4299 2415 3822 507 1584 1804 2127 1562 513 381 2741 89 2419 3428 2661 755 3091 3124 2379 4673 4902 4899 1548 1357 1408 316 4153 3128 1718 3830 4087 1517 1963 1339 1009 278 2563 2736 1892
1736 1949 3034 3595 1035 1866 367 3678 31 4594 4816 2029 1046 702 1210 3192 3313 2220 2162 3341 3215 1343 4853 454 2882 942 1760 2402 3673 2871 4501 491 2839 2175 979 1363 3811 1549 2245 2289 474 881 4551 4204 2270 2552 4147 691 1161 4681 1183 2985 1299 3452 3187 4386 2618 1068 3844 835 1922 1805 3909 3727 2576 2526 2961 2278 2628 90 445 2104 4121 1012 1482 981 4077 3442 3862 3139 1716 699 4430 3067 2919 2046 2531 349 2994 1571 3718 649 4206 150 1315 2407 244 1470 1162 3579 603 4819 273 554 3399 3245 3591 117 2348 4610 635 2807 1106 2518 2808 1838 1289 2740 1165 4457 4170 2593 4251 3979 991 1183 4391 4338 1870 2433 1567 501 2911 1759 2317 3070 1689 479 3978 288
3757 204 962 1273 1377 394 2161 3187 302 3656 2420 3494 3388 2994 4936 3649 1912 3863 2530 4214 2151 2469 3239 4180 3863 2782 1665 3677 1609 2043 2427 4257 183 829 3919 1556 3847 982 1304 1050 1087 3517 2878 2028 3371 513 1122 4996 1264 3549 3921 3724 2070 28 3002 2832 288 26 163 2019 4170 3853 3794 55 4672 3224 1236 4517 1786 3220 567 3141 4758 1471 2330 2458 24 2909 1779 3161 1668 4069 3491 2919 2482 2481 711 2396 3116 3691 1841 12 822 2375 2214 1955 3743 2041 3508 3977 4365 4733 2241 4143 2110 4178 4624 1000 3286 2379 111 104 2377 1762 2931 3902 4151 3898 3021 4744 2299 3699 4364 1328 830 3583 3936 1848 2555 2335 4167 2797 4777 3764 3864 656 3620 1728 1797 3517
1731 2162 4216 2569 4132 1516 2026 4664 4339 2328 3673 4930 706 1589 1392 3655 722 609 2107 2866 3945 2503 729 987 4414 3100 2769 644 3328 3300 290 970 1487 3913 3940 3290 3527 4349 2264 818 2799 4535 2800 974 2498 3795 2661 1255 4912 3119 2896 3495 3717 3014 2366 3170 4578 4644 4321 1769 286 2649 4196 980 502 566 3682 1169 4705 1530 622 3821 2710 1367 559 3861 2521 2820 3967 1279 545 2251 1206 2046 2481 1339 3788 4505 1938 3514 4680 2999 461 4315 1704 1222 3728 2806 3330 4312 1225 4616 3642 1707 2730 663 1639 4378 3556 1771 231 3335 1906 4925 2491 4560 522 3641 2782 3486 1116 4369 4657 2747 39 1321 1393 706 2591 2212 4346 1328 4478 766 3453 4469 1517 3366 788 4393
1238 3690 546 3308 4092 4339 1815 2585 4739 2554 2854 91 4683 1056 952 1774 2273 3590 643 3369 3608 3997 4851 840 2361 4561 2426 522 4207 2209 3665 289 4673 3678 1879 4369 781 1380 1336 2169 4134 4926 3925 1226 3475 2857 610 978 3284 2526 1817 2855 3191 198 1157 2704 3187 1247 2611 394 2851 3599 1200 3369 3418 1530 1511 630 508 3233 2239 4166 1034 1198 1485 2357 297 482 1404 2773 4886 4006 1840 2531 711 3788 120 2421 2242 28 462 2775 4680 458 3967 2494 3229 4407 2303 1397 129 2425 1951 664 610 4812 1869 1771 1344 3955 610 3007 4389 3152 51 1587 3298 1934 2452 4112 887 2409 4966 1502 3863 4003 2590 1274 1863 4720 4118 2597 1112 535 3748 2183 4182 523 2911 3090
2470 1238 490 196 4215 3390 4481 4898 2332 2917 3412 1475 3457 1289 2558 828 2738 2696 4657 1170 2262 218 4474 408 3567 2927 4855 3423 1874 4689 236 2866 457 3572 2225 4722 2699 157 4421 3065 4670 837 117 3971 2911 3442 446 528 4742 3175 3361 374 1076 2398 4141 597 109 882 1220 2380 535 623 2968 4954 2407 481 2845 2584 2381 3905 870 3403 2961 4811 3375 3548 2695 2964 2916 3943 2037 327 3377 349 2396 4505 2421 1047 2408 4442 1536 2333 3489 2037 4877 3247 4281 563 4691 1257 3454 1954 2127 2521 2312 4876 4873 2649 737 958 398 365 78 2076 4612 3381 3652 4581 4987 3772 2134 663 183 4516 445 1229 223 4658 1389 2475 1446 2495 2955 895 1204 373 2072 1674 4208 2598
1998 637 1057 1114 4737 2195 166 3352 333 2917 1757 2544 3972 2255 3563 3228 682 2723 3441 2557 4926 1736 2103 258 1019 491 3899 2067 3993 4668 4409 4084 1298 3450 4684 272 701 325 519 3529 1452 4048 485 198 366 3649 3806 3392 243 2200 1218 1177 2111 2270 1884 3343 4863 1582 4754 2392 2075 47 2782 1931 4852 1806 1252 1598 2110 4888 4557 625 3677 406 3570 3656 294 3525 4048 2006 1379 1560 3308 2994 3116 1938 2242 2408 1531 1833 4775 3192 1209 3536 1239 399 4678 2286 469 4504 4239 4469 923 2385 4565 2740 2519 4813 1700 4638 2153 684 204 2735 4335 1487 4247 973 4938 2034 708 4451 3433 3172 1649 2587 4496 2804 2164 765 2883 4988 1376 294 2207 651 4450 2728 2234 2878
1792 4302 2009 2220 1216 219 1149 913 3980 4433 2037 3596 1834 4388 3812 1961 664 4013 4974 67 3753 4516 1421 4280 874 4624 637 493 964 1873 4723 1589 1016 2497 271 2360 4017 835 4895 2599 3169 1716 4195 3484 1804 4120 1401 2368 376 3842 165 2616 1594 1564 3449 4689 4364 2286 3390 3409 1370 2417 4154 2521 3548 2970 3826 1238 4192 1187 135 1640 3476 15 624 143 103 2229 2202 101 4256 1605 1373 1571 3691 3514 28 4442 1833 1870 531 3872 1128 4590 356 837 4163 623 2162 1960 1361 1271 3483 342 1664 3014 3860 1958 1333 1777 4320 3563 1467 3118 4454 2370 1242 2451 2573 410 4430 2525 2436 584 1430 4881 135 4326 3790 4398 4575 816 1818 4154 4065 3912 1427 57 1636 43
4981 4442 4239 2956 2069 399 3157 1487 3663 665 3688 4154 2862 3185 1399 4011 4127 615 1738 4295 4736 4737 2766 2665 4244 2471 2349 4941 18 1907 1631 2049 415 66 3369 729 1961 4396 629 1835 3601 1195 1855 3515 3160 2141 797 1521 1611 91 2903 3643 4925 3880 2522 1459 1540 4462 4998 4068 4065 3634 4562 1635 3162 4115 3727 4562 3608 1816 4642 1989 1339 318 3361 766 1215 785 1327 3978 1979 1595 4352 3718 1841 4680 462 1536 4775 531 4821 4823 2463 1311 1320 240 2651 3784 2056 2066 853 3974 3633 2230 2519 1845 1654 1515 3856 1951 1854 340 2510 1080 2787 712 4522 999 2706 1183 2767 177 203 2677 3118 2421 59 3108 1868 2371 975 1060 2034 1773 4693 190 11 3200 1340 3065
2646 914 4754 3827 954 605 179 4427 3889 2126 743 995 3333 4681 3952 4695 4008 1810 3965 2672 3940 2978 2642 4284 4769 1390 954 3960 954 4662 280 1576 1786 3250 4251 1045 3740 4463 3833 4648 619 2058 4388 3626 1413 2998 2179 3920 475 4793 313 2669 1213 1910 3244 2566 3968 4701 2079 4384 2451 4654 2733 644 4253 183 3547 3024 1635 2084 3915 2423 3973 1363 2289 4704 615 2466 3280 790 4045 3566 461 649 12 2999 2775 2333 3192 3872 4823 2813 540 3768 2307 2858 3385 4507 2680 2309 3472 3884 4887 4568 391 2095 4454 4185 1862 682 1086 4284 4062 2494 3083 2431 1640 792 1785 1250 4785 1971 2284 3573 1789 4037 1513 1375 2246 4293 2351 4338 1299 3712 3845 3615 3000 2268 1821 548
463 1389 1613 1792 1841 4108 3283 4622 4900 1560 4221 4248 4620 319 3563 3477 2379 2557 1228 1830 4110 891 2850 4717 988 3348 4686 174 802 845 1166 2651 3793 2187 511 4441 874 1950 1659 4882 1852 907 2313 2363 3539 515 541 2609 3864 1689 4126 4842 2708 2618 2113 2319 783 3950 4926 3370 4842 3506 4580 1087 3380 4593 878 263 4259 3098 508 89 1471 1196 545 930 4079 2758 434 2954 3662 4490 3886 4206 822 461 4680 3489 1209 1128 2463 540 24 4513 1554 299 608 2782 3898 1605 2481 134 2161 2556 491 2135 3690 1857 735 1060 3279 2223 3493 4390 3714 3691 1174 2287 997 4632 568 925 3050 2194 3679 3965 4303 227 988 1466 2125 3277 3524 3841 2148 223 2170 3712 4161 3155
805 444 1102 1625 4018 4051 490 3822 4099 4252 4513 4120 3337 269 3089 4520 2849 4739 1860 2197 3140 1098 1173 1076 2086 4164 2380 3749 4531 2680 4562 3130 2110 2306 4856 2660 3587 457 4595 3454 3007 3396 4178 342 2099 1481 3261 3057 4128 415 3521 1864 1676 4031 201 2399 1630 4641 3077 2631 1029 230 2042 1813 2920 4283 3598 3218 1966 4195 3245 2288 4785 4351 1442 2320 4014 840 768 2134 3874 1991 3254 150 2375 4315 458 2037 3536 4590 1311 3768 4513 400 4062 4573 2828 978 2031 4361 1076 972 3844 895 3160 3793 2836 1099 1104 2977 1129 500 740 987 4833 1985 4649 4225 2111 4240 3962 4339 3384 1282 1009 2442 3043 1231 3892 449 3270 1457 4304 4435 2991 2545 3782 3837 2207 4423
1712 3965 821 4975 780 3807 553 2239 4720 2074 4564 2900 2325 718 3456 1537 1228 3765 4569 1511 1431 25 2439 1773 2198 392 2547 1171 3633 3863 1427 4756 1411 4118 4887 1410 750 3015 483 3241 4163 4691 4125 4620 189 1263 1619 434 1704 2079 3059 4100 4369 3080 931 3616 1546 4647 1047 2771 1826 3799 1895 2244 2576 4350 4445 3203 422 3627 2998 3713 1043 2059 2902 4558 4274 3083 3393 1167 4988 204 3143 1315 2214 1704 3967 4877 1239 356 1320 2307 1554 4062 3577 3017 1847 3530 3234 2885 2827 3085 1869 107 3726 4261 3948 2093 1185 3312 4417 194 3969 3133 4452 3754 2787 180 4260 304 2630 2297 2737 1133 936 4524 4539 448 3898 2330 1958 4598 4115 3114 1516 3022 4672 2481 601 4232
3725 567 2346 2401 3703 723 2799 2328 2387 1064 4508 939 2950 179 3852 1851 3469 820 2901 1451 3678 3925 2748 3656 4141 139 4537 172 4928 1857 1389 4727 4653 398 3012 1259 4032 80 3428 4999 1947 3279 4429 3214 2607 2786 3270 1342 4741 573 429 2056 2982 4095 552 477 1311 1295 1588 2126 1440 3377 3100 3245 1892 3074 1205 2545 47 1813 2996 3511 1123 889 68 3873 1769 956 2859 2042 3140 2213 3991 2407 1955 1222 2494 3247 399 837 240 2858 299 4573 3017 2137 4037 3434 4001 1432 3292 470 4173 1983 1594 3005 3219 3766 780 871 804 3014 983 2802 1233 4585 4002 846 2571 959 3809 3839 1835 1188 2303 989 3130 1952 4542 467 1546 2469 2268 348 700 278 4018 4173 4636 2605
4974 3575 3619 3029 2640 2576 1419 2927 4464 2046 4653 2046 1319 3230 1823 1163 4762 2375 1594 4950 3917 2932 2892 1617 4951 3321 4317 3523 4284 1462 4568 4370 2396 1341 2317 4678 3020 4058 4800 3654 112 692 4430 2293 3076 2142 642 1876 37 2927 3870 1430 4038 1369 3609 1486 1064 2996 767 2920 2977 4651 957 1956 227 2229 2674 3882 1557 3179 1556 72 3848 2710 98 2258 242 4488 4089 4938 4737 3132 132 244 3743 3728 3229 4281 4678 4163 2651 3385 608 2828 1847 4037 4248 3292 72 2391 1015 3952 2525 3480 1007 4832 4867 2821 22 305 4944 331 4308 4219 3972 1640 2577 2451 3792 667 3294 2145 632 2024 4000 1180 3358 37 3206 4779 4851 2429 4204 4047 4965 2488 3410 3525 2349 2497
2860 2783 1517 786 1592 2511 3709 3103 222 58 2257 944 3485 883 3608 3799 588 4912 2386 2294 4737 1547 3955 2902 4955 2394 4156 756 4153 2191 953 2123 3875 1647 474 4971 1996 1823 3628 2712 2191 2961 3907 4359 4276 3454 3318 2223 98 3843 3439 3138 3295 246 3703 546 3467 3930 664 2017 1317 1827 3247 3388 2374 2927 4846 3123 3055 3610 4859 3806 2216 658 1443 353 1720 1470 3749 4767 886 163 2487 1470 2041 2806 4407 563 2286 623 3784 4507 2782 978 3530 3434 3292 4660 1630 1979 2377 3811 630 993 1335 3871 4595 3552 4665 4247 2926 96 2207 2568 3407 2877 3913 1410 2727 4616 2592 4601 3816 596 4242 3285 3070 460 4617 2673 4769 4934 3554 3049 3055 2734 179 4148 3842 4925
2350 1183 3861 340 1739 95 2629 4635 3304 330 4133 891 2176 3884 848 4803 152 2590 255 4930 3700 1370 4552 3906 352 2301 3586 2799 4912 2054 3701 3400 4787 3429 4139 2431 2629 1068 1077 1550 3495 4499 4813 1722 3239 1233 4164 4564 4483 825 1595 1863 860 217 521 3749 1457 1731 2705 557 3868 3102 484 2380 3750 4651 2864 1123 3234 627 2424 3251 2307 398 1440 3236 4830 1184 4664 2689 1034 937 2503 1162 3508 3330 2303 4691 469 2162 2056 2680 3898 2031 3234 4001 72 1630 2406 3723 3642 1411 1620 3936 1920 3136 3751 4716 1996 3077 4846 4656 4248 2604 1742 2047 1834 1060 945 138 3275 3024 1004 3430 1187 2251 2290 1956 649 4316 4836 4215 1718 1017 3741 2317 826 420 1204 3511
1270 1716 2277 814 3501 399 1803 49 3694 3258 4998 468 3689 1782 1930 3236 878 2438 2742 2552 552 1851 4914 1114 1657 410 4779 325 4384 4687 603 4909 1815 1206 4874 3162 3426 3138 3785 4274 512 4882 1634 3759 4631 2759 4580 1118 180 4108 1557 4112 1360 4364 4485 4086 3622 1056 1537 3287 2833 1052 4486 834 4341 4677 1419 1458 829 4381 3426 51 1942 2434 4549 3359 1314 3898 1046 499 3230 1571 3410 3579 3977 4312 1397 1257 4504 1960 2066 2309 1605 4361 2885 1432 2391 1979 3723 2924 3927 4766 1672 1402 2403 1535 3628 4598 3587 849 338 320 1011 2107 4134 2442 3132 2179 2412 4278 3368 4542 159 3277 2400 3403 2339 1843 37 251 499 4090 1867 1528 1443 3684 4616 543 3047 2506
1268 1322 3581 3828 2228 3689 4606 3485 390 704 2731 1699 1011 1268 2658 1360 80 903 3801 2847 725 3085 1872 1442 2399 3072 2485 4711 2248 4772 1602 4090 3109 4172 1318 2200 1465 1069 4705 3731 4901 3607 2677 523 3750 1640 1011 2410 2517 2074 2205 2408 2224 3814 3114 916 3208 734 2322 1509 2083 3562 3820 473 1717 4769 275 1730 1148 584 1948 4521 1470 3010 2371 3182 3169 2677 3055 3034 3296 3202 1127 603 4365 1225 129 3454 4239 1361 853 3472 2481 1076 2827 3292 1015 2377 3642 3927 1772 1418 846 90 740 225 1687 948 3134 2387 2212 4533 1012 1589 2688 4408 191 4252 4620 710 1220 4769 4677 1121 4591 237 2712 1531 3969 408 1925 3085 4803 1367 3844 2026 464 1229 1418 2511
1211 3631 3554 2705 1906 3685 35 3673 1394 342 2050 2032 2078 127 3583 2028 4182 3145 3146 2106 4654 3745 1373 4518 1535 3894 2938 2890 689 3936 4558 2427 4625 4130 4388 4878 4004 2343 918 1331 227 1388 3426 667 3120 4779 3077 2427 2817 464 2947 702 4280 1665 733 3877 1644 3624 910 1798 4560 4916 4482 2159 2045 2535 2128 2870 1041 1505 391 2261 4812 1489 4408 1808 714 1311 4552 3208 3254 4853 4299 4819 4733 4616 2425 1954 4469 1271 3974 3884 134 972 3085 470 3952 3811 1411 4766 1418 3425 2738 2316 1763 4853 2545 2248 4447 3631 921 1121 153 2289 4214 2556 4899 120 1257 1935 4785 4989 2220 2093 1324 1199 1039 4929 4158 4235 977 4135 4216 2686 94 4957 1028 1425 924 4652
1700 423 1716 625 2134 800 4442 1608 4922 1070 4415 2680 2560 4379 4780 3216 1584 3951 745 4287 4233 4602 3868 1843 3941 3373 1418 4274 4125 1758 671 3394 3430 1459 2625 2266 4780 3585 705 2565 2690 1685 1600 4502 2234 2190 3548 4880 1111 1447 4651 512 375 1037 527 3945 4103 1969 4802 1805 2336 694 2308 2389 609 1963 614 3070 1569 2663 4531 1118 2301 678 1925 1671 4229 2604 2107 4904 1537 841 2415 273 2241 3642 1951 2127 923 3483 3633 4887 2161 3844 1869 4173 2525 630 1620 1672 846 2738 1624 1801 891 3073 3174 4653 3771 437 4155 2338 4448 1002 3762 2183 1867 535 3655 1768 605 2632 1207 659 1094 4535 4871 1386 4093 977 4846 2614 848 3659 3361 2328 3829 1003 2069 3655
3236 2611 4265 4103 4409 772 684 1813 4247 1036 3070 4863 3153 1986 1052 1658 1844 4688 57 4220 4689 705 4179 2658 1906 387 4575 4071 3583 2993 4098 1735 1019 137 2431 2692 558 4470 924 2081 2598 561 2014 4167 4729 283 1708 1666 1630 44 1578 2170 3240 3922 745 2207 2748 213 4589 480 4676 3437 3053 346 3031 324 4714 2702 3142 2194 669 2292 681 4716 2871 880 3235 670 1391 4401 3710 4221 3822 554 4143 1707 664 2521 2385 342 2230 4568 2556 895 107 1983 3480 993 3936 1402 90 2316 1801 406 4838 2536 1136 245 4604 1372 1118 4527 4431 3394 4827 3273 2802 1317 3647 4172 842 3052 4743 4402 3415 2361 3125 2441 297 1942 2057 2818 693 1660 4222 3662 2142 1552 1844 1942
1689 728 4925 254 1970 3261 3143 4187 860 1118 2013 589 2675 2354 3428 3676 3499 2671 260 983 3168 3028 1388 2261 2118 2952 97 1149 4451 1188 403 4954 2504 1957 2722 1428 610 187 2593 3626 4239 2876 2530 4469 2612 534 3175 2237 1575 437 4696 442 3640 4166 4682 350 2825 1404 1127 1420 4979 4778 3843 2563 2772 4754 4567 4356 2420 601 1451 897 4936 3845 4131 3224 565 4314 2000 4738 1292 3319 507 3399 2110 2730 610 2312 4565 1664 2519 391 491 3160 3726 1594 1007 1335 1920 2403 740 1763 891 4838 2943 3493 467 3561 2010 361 2143 481 2931 4967 3697 3350 4915 2071 1205 3641 4195 3495 3925 1833 4340 3280 4655 3533 1734 482 961 4091 2769 3483 3942 1479 358 503 3117 2431
4372 1551 1252 424 535 2167 164 3157 4531 4623 2772 937 1873 2700 3367 2871 2754 2045 578 4432 1761 4077 4249 4176 4309 4525 2373 1246 4689 2386 4351 4446 1198 2573 88 4429 3833 3861 3104 4043 2838 799 4387 3547 1234 4824 3200 2784 3990 2869 1245 3556 4489 4290 3039 320 3396 949 3128 1836 1692 3838 2978 457 142 1559 1926 1063 323 745 1957 1778 3008 3380 1374 4409 4476 498 1612 1190 740 3146 1584 3245 4178 663 4812 4876 2740 3014 1845 2095 2135 3793 4261 3005 4832 3871 3136 1535 225 4853 3073 2536 3493 1769 4569 923 836 1943 1047 409 4366 2724 4382 1544 513 3318 1244 3905 4784 3329 848 1744 4487 681 3001 2016 1638 1768 3321 1687 434 3721 3234 4504 3350 536 1086 889
4775 3980 4206 3349 344 2921 670 4422 3845 4480 4201 3345 3699 2064 4175 2480 4806 2250 1388 358 1491 4823 77 744 1389 3583 2372 3905 13 4417 4512 1578 298 4647 2966 3102 149 29 2848 2022 4200 3022 3618 489 1213 1236 2061 1372 47 2767 3779 4846 1771 3908 3000 2776 4150 1173 3357 295 4198 2209 541 1247 1313 2856 13 4861 236 1909 3763 1956 2896 2173 2054 898 4110 1191 4820 4255 1953 61 1804 3591 4624 1639 1869 4873 2519 3860 1654 4454 3690 2836 3948 3219 4867 4595 3751 3628 1687 2545 3174 1136 467 4569 1744 425 4682 1473 2729 665 851 588 4928 4994 3507 57 2429 2169 3477 4709 1385 4710 611 3168 1111 1603 1774 296 2712 1227 803 2215 2603 4716 360 4532 2909 2861
2560 2645 4088 2965 4487 3378 1124 2514 1704 2980 2610 4954 2253 3327 1786 3178 195 1968 582 3192 3982 3279 881 3936 1903 4448 3368 3703 3940 831 4715 1518 4407 739 861 76 2299 4080 2873 1071 4389 1602 3932 1268 1365 2489 2737 4313 116 4332 2437 761 2184 4356 260 3268 319 4944 359 2212 913 224 4437 1771 4269 4886 2155 1858 3353 493 4775 1320 3084 4760 4761 3864 2132 4316 4917 1285 4507 2365 2127 117 1000 4378 1771 2649 4813 1958 1515 4185 1857 1099 2093 3766 2821 3552 4716 4598 948 2248 4653 245 3561 923 425 2647 2249 1936 1137 1395 1932 2968 1992 187 3344 4990 3348 1245 4970 2723 318 4912 3616 4897 1134 3312 4935 2543 2244 3074 4290 3032 1142 4654 4443 4006 3430 810
2511 3476 3436 3566 1461 1170 3573 4715 3075 1915 1356 2078 2894 2230 2072 4004 1328 879 3031 1935 4455 1250 1811 4625 411 3873 1209 1570 1970 2453 3360 1843 2960 1517 3462 184 1977 4032 4552 1085 1612 4263 3972 2224 243 4404 3823 3574 4674 3841 4925 3427 1011 4939 4975 4131 3703 2593 4958 3781 1049 870 4249 3101 3673 3428 3808 1966 2577 2957 2517 1700 1874 3013 2070 1546 1756 4822 4468 3866 3889 4251 1562 2348 3286 3556 1344 737 1700 1333 3856 1862 735 1104 1185 780 22 4665 1996 3587 3134 4447 3771 4604 2010 836 4682 2249 99 1819 1341 3805 4524 718 2565 1361 2968 4372 366 4414 2420 3189 2843 1156 2130 2624 4812 4959 4783 1812 2645 2850 216 2912 2415 4156 4405 3586 3792 1474
432 34 4859 190 4351 2457 4880 3598 1236 1641 1094 1593 3139 4979 2432 3108 3886 845 3823 3927 679 4948 3845 1532 1776 3284 3166 3016 4935 4132 1624 3730 1808 3859 2682 3000 1519 3995 3762 4332 3642 613 558 1137 4734 1541 385 4276 1168 2649 3993 1779 308 3594 628 1012 2854 4625 1314 2165 873 765 561 3111 2045 370 3245 4461 3349 565 289 2893 3168 1462 359 236 4070 3517 2694 94 3248 2809 513 4610 2379 1771 3955 958 4638 1777 1951 682 1060 2977 3312 871 305 4247 3077 849 2387 3631 437 1372 361 1943 1473 1936 1819 872 3997 4903 1966 1802 938 2140 1262 798 2896 363 2911 3162 1442 1311 354 619 2989 3831 1293 3439 2090 170 1513 4744 382 4404 1106 575 3215 4972
1254 4408 3889 1195 3708 4919 1348 3179 2718 2034 3303 4951 2844 1626 2990 4155 2042 293 4604 205 4298 3032 3152 2364 535 1785 4766 2429 18 1115 1911 3787 4380 4108 4178 4330 3966 1324 3183 3566 4642 388 3795 4570 2780 1286 2714 4205 4420 4493 1618 2439 606 3099 603 2880 2057 2813 4857 4421 4688 4878 3152 3853 69 544 1351 1332 2330 4123 1810 2795 227 939 3974 4690 1326 1737 4853 1159 3709 817 381 635 111 231 610 398 2153 4320 1854 1086 3279 1129 4417 804 4944 2926 4846 338 2212 921 4155 1118 2143 1047 2729 1137 1341 3997 4446 551 1964 247 2498 1227 2684 1773 2702 1851 4883 3782 2204 4473 1980 4927 4461 232 1198 4955 1475 297 1531 4833 1931 4116 1663 3825 3529 4086
3013 2496 1570 2714 4711 1699 2403 2324 4417 2903 2485 3646 4788 1098 501 105 4432 2164 3519 70 4524 260 3463 553 474 2738 4706 1980 4200 777 3714 602 4352 2932 1542 1471 1768 4247 4713 4235 3072 1706 4687 465 1555 4979 4283 993 139 1484 2424 412 1166 2212 4817 2388 4119 2456 1456 4343 1734 2841 1677 3545 4244 1793 1903 1074 516 2473 112 1947 4700 4527 362 2199 2484 3810 4702 955 1262 2274 2741 2807 104 3335 3007 365 684 3563 340 4284 2223 500 194 3014 331 96 4656 320 4533 1121 2338 4527 481 409 665 1395 3805 4903 551 731 181 1270 1069 4308 340 2331 1379 4347 2069 4669 2138 211 2095 2237 641 93 3231 2843 3226 1704 4576 1673 1867 172 418 1534 997 4063
1824 3296 4042 4276 3701 1569 3487 630 1700 3301 3626 4595 3945 3298 1696 969 4854 2615 2829 3808 4822 2981 1467 4578 3904 3908 3459 226 4066 597 1579 3409 2255 2303 118 1472 4256 185 1080 4964 1729 3622 991 1507 2439 4668 1030 2708 2971 2911 4552 3859 2625 3060 2872 821 4615 1277 4255 106 1940 3487 909 4339 4989 2580 3029 4924 1814 2058 3097 1014 4951 1162 2233 4616 3263 1685 196 17 3542 2766 89 1106 2377 1906 4389 78 204 1467 2510 4062 3493 740 3969 983 4308 2207 4248 1011 1012 153 4448 4431 2931 4366 851 1932 4524 1966 1964 181 4193 3962 379 1256 1863 4534 3134 755 3593 3043 960 3058 4726 965 3668 1131 2376 2438 85 4874 2049 4690 2335 1920 1650 272 1452 4914
141 1603 990 1388 3326 2816 769 1629 4940 2507 4665 430 1562 846 2751 1687 4311 4145 4416 1640 82 3715 2490 619 2117 1690 843 93 1082 4451 1092 4507 1735 2801 972 2375 2585 1391 2044 3920 369 504 3330 261 801 93 4278 1425 103 1225 1927 3222 2176 4297 2573 3564 3260 4912 971 450 2248 950 3836 1901 2586 213 4019 982 509 406 2331 1340 3354 3007 2610 2552 4477 2611 1496 3861 1255 461 2419 2518 1762 4925 3152 2076 2735 3118 1080 2494 4390 987 3133 2802 4219 2568 2604 2107 1589 2289 1002 3394 4967 2724 588 2968 718 1802 247 1270 3962 1056 3619 4571 3558 4187 4317 4606 3896 3388 805 1155 177 1052 4793 1375 1757 994 221 1282 269 1863 2632 3416 4547 3932 4119 1745
1196 1479 228 921 2915 2319 2556 960 2294 1924 4442 2681 3352 3220 3479 4327 53 2248 3330 3437 4885 4969 2707 955 2244 4972 2956 3262 3231 2629 407 2473 2476 3678 742 2937 4532 1508 1728 1163 1287 4749 932 112 4765 3824 1233 3112 3566 3904 1122 1386 652 3120 4647 3547 1706 362 3776 2433 866 1579 3622 1548 577 1421 3541 3625 1283 4770 3347 1226 2345 461 1567 1517 4344 2548 3759 744 3473 1490 3428 2808 2931 2491 51 4612 4335 4454 2787 3083 3714 4833 4452 1233 3972 3407 1742 4134 2688 4214 3762 4827 3697 4382 4928 1992 2565 938 2498 1069 379 3619 3385 4717 988 3714 2045 3861 3968 1635 1349 4132 2078 4617 3783 1730 3821 3195 565 3983 4029 2805 889 137 1211 3774 4820 3339
4633 3616 4163 1970 291 2029 3812 3394 2520 1323 4068 4496 1239 2358 735 3661 731 4325 2351 1208 3521 2036 2373 4181 4990 2768 1899 2263 1612 3010 1479 1598 3946 1093 763 603 2650 3279 4983 4261 2203 3154 1042 2227 1311 3225 3804 3061 4669 1945 3967 4691 4663 375 3124 1873 131 492 1904 2814 2759 2242 2430 4810 2100 701 3507 1938 3162 4676 335 1906 634 1041 1474 2439 1842 2111 4431 1891 4153 2952 2661 1838 3902 4560 1587 3381 1487 2370 712 2431 3691 1985 3754 4585 1640 2877 2047 2442 4408 2556 2183 3273 3350 1544 4994 187 1361 2140 1227 4308 1256 4571 4717 1717 567 2950 4534 3605 4189 3110 2293 390 3107 1221 949 3136 3055 961 2483 1175 4267 4650 2596 3955 4397 4401 4520 4828
576 1824 1122 3233 3038 3505 2896 1870 3381 3389 1599 557 2003 2416 841 2603 943 4872 2916 4818 2958 595 1764 2628 4595 3660 4901 4985 3103 4581 1292 1343 540 4738 2479 1643 1575 1084 2530 3572 2642 2169 538 3001 4012 3868 4181 4521 1522 3335 4442 1214 3260 4198 1237 3593 4161 2278 4924 3925 1983 3261 4977 4016 4506 1313 1294 126 1521 2246 2316 4605 4013 4721 4505 4936 89 1869 795 3197 4627 3149 755 1289 4151 522 3298 3652 4247 1242 4522 1640 1174 4649 2787 4002 2577 3913 1834 3132 191 4899 1867 2802 4915 513 3507 3344 2968 1262 2684 340 1863 3558 988 567 2933 763 2493 3077 1222 3214 2383 112 600 4506 164 4975 3442 1633 1845 3147 3332 2492 1598 4690 294 4844 3678 4781
2541 4821 1914 4308 216 4862 1611 3650 4287 299 3892 878 3973 4179 4081 2290 3005 3255 3509 4502 1595 1996 2226 1774 126 3772 3228 3292 1140 225 3121 3349 3879 4299 2478 190 3516 2671 3537 1110 1695 3524 3847 2751 1103 3742 3432 1336 3643 4692 670 3664 3117 530 4403 1449 1591 2066 2783 2102 2924 305 4329 621 74 935 4339 4229 233 2476 900 2259 3573 1710 1778 426 4062 1616 4178 4883 3633 1577 3091 2740 3898 3641 1934 4581 973 2451 999 792 2287 4225 180 846 2451 1410 1060 2179 4252 120 535 1317 2071 3318 57 4990 4372 798 1773 2331 4534 4187 3714 2950 763 3090 1753 3630 4422 1006 1598 1960 3960 4779 4309 4773 2414 460 1156 4875 4035 3561 3373 2058 634 1234 4401 2825
948 4050 4451 4758 3281 459 1192 2960 946 2200 3075 429 3800 354 2554 1477 528 3792 179 2183 4444 3529 2444 293 4268 3592 1485 2472 416 4461 4312 1410 4342 2359 857 4388 4187 4940 1081 2670 3306 3559 238 157 2465 435 3622 2036 281 3693 3949 3251 3633 4478 3668 2740 1813 1379 1946 919 2692 3426 2690 853 4124 4800 4691 2086 1003 26 2098 590 1478 347 1371 1854 627 2093 4131 4035 105 2221 3124 1165 3021 2782 2452 4987 4938 2573 2706 1785 997 2111 4260 2571 3792 2727 945 2412 4620 1257 3655 3647 1205 1244 2429 3348 366 2896 2702 1379 3134 4317 2045 4534 2493 1753 2275 4884 3787 2230 4666 3028 265 3489 4604 1678 2440 1757 3232 248 1001 3006 4249 2477 275 4253 2990 4299
4192 1676 23 4461 548 4403 2436 2776 824 4596 3575 2551 2126 3084 2702 2412 1750 1892 4986 1513 3879 3206 3352 2277 2447 3826 1545 4938 1606 4403 2519 3564 1321 3862 3485 1953 3579 4737 1901 3407 3203 4196 2769 2976 2167 3088 4211 1977 817 1897 922 1749 4608 1978 1752 1303 4315 368 2575 4159 2654 1766 3108 565 2244 2712 2501 2973 1344 3990 2427 2211 4661 1147 1212 966 1200 2005 54 3059 3709 4140 2379 4457 4744 3486 4112 3772 2034 410 1183 1250 4632 4240 304 959 667 4616 138 4278 710 1935 1768 4172 3641 3905 2169 1245 4414 363 1851 4347 755 4606 3861 3605 3077 3630 4884 1117 4749 3842 3297 98 1597 3848 2225 3431 2721 3820 4305 4289 4042 2339 125 3274 3927 3468 1347 4872
4377 1948 4816 3988 2558 24 64 1791 1326 526 700 1163 3300 3312 2243 3056 1006 1812 4699 4734 1556 2579 2074 1617 14 3606 2140 1571 2682 790 59 2153 266 4590 4867 3970 3259 4366 2060 1095 893 3470 1824 2251 2083 705 782 1326 2150 3799 2307 399 720 3090 3792 621 2816 2998 4384 4718 2766 1135 2670 849 4922 2164 4442 2599 3005 4810 4603 1295 2349 4501 2830 2876 2053 392 3340 3214 4943 4999 4673 4170 2299 1116 887 2134 708 4430 2767 4785 568 3962 2630 3809 3294 2592 3275 3368 1220 4785 605 842 4195 4784 3477 4970 2420 2911 4883 2069 3593 3896 3968 4189 1222 4422 3787 4749 3927 3632 4633 513 3963 2803 2722 2564 2114 4003 3420 4944 3556 62 1346 2211 4478 1075 1185 2211
2424 329 4934 1390 948 4478 1879 387 421 233 2667 404 3173 1166 3899 2601 1633 2546 2345 352 4302 2098 1415 3747 3115 791 3887 4934 938 2560 4240 1261 3938 2487 130 1811 280 1640 32 241 3576 3733 805 1101 2591 1323 3118 2947 3088 2892 4293 1304 2066 3647 4138 3306 4051 1066 103 4823 4282 2801 2063 661 1927 4083 4178 4172 1343 2005 2068 2440 998 3904 4896 4720 2806 1414 450 1152 2610 3632 4902 2593 3699 4369 2409 663 4451 2525 177 1971 925 4339 2297 3839 2145 4601 3024 4542 4769 4989 2632 3052 3495 3329 4709 2723 3189 3162 3782 4669 3043 3388 1635 3110 3214 1006 2230 3842 3632 3332 3651 4624 2722 1546 2336 4305 4279 1908 2443 940 807 562 4925 3932 1021 2869 692 1883
1767 1669 1877 3303 2800 3107 2690 2804 4916 4656 520 1691 2916 2977 1784 1334 2063 1231 391 4972 3542 216 2880 1270 3837 244 730 4811 3728 1497 2160 3879 166 4974 3999 1890 431 4760 2406 1484 3964 3964 4024 4957 3446 1459 1281 115 4786 681 3884 2646 2967 1134 974 1316 4630 1160 2024 1354 360 4469 1299 1282 3765 4745 524 2512 1980 2061 2158 3982 1198 4758 2132 200 1909 772 2026 3087 949 2767 4899 4251 4364 4657 4966 183 3433 2436 203 2284 3050 3384 2737 1835 632 3816 1004 159 4677 2220 1207 4743 3925 848 1385 318 2843 1442 2204 2138 960 805 1349 2293 2383 1598 4666 3297 4633 3651 4241 453 2013 4585 2132 1954 4580 1977 100 916 1632 4651 450 1328 2286 4585 3773 2517
1513 1806 1561 374 3719 2984 146 2181 2485 4529 867 944 1059 1987 187 2535 126 2576 165 481 2139 2613 1739 4923 3304 2018 1576 763 854 44 2984 3777 2699 3273 2951 4117 571 3453 3136 1027 3139 3097 3481 640 3214 4266 2951 3684 4004 1022 908 4645 2966 1160 3178 3545 4854 829 3161 3507 1682 118 1000 2026 3237 283 2451 4202 660 1473 2193 1491 185 2516 3939 1489 1577 2438 1202 4955 1632 1254 1548 3979 1328 2747 1502 4516 3172 584 2677 3573 2194 1282 1133 1188 2024 596 3430 3277 1121 2093 659 4402 1833 1744 4710 4912 1156 1311 4473 211 3058 1155 4132 390 112 1960 3028 98 513 4624 453 3314 4936 1673 2609 1717 3794 3681 3838 4654 1660 1524 342 4775 484 1364 680 983
1458 1550 3685 4531 1616 3259 3351 3365 3675 1926 2731 1434 4798 491 1457 3250 442 4848 4302 2102 1247 2053 4082 3503 784 121 3386 4740 166 912 4608 218 2111 2112 3874 2687 4861 97 2946 753 880 229 1394 3045 4344 3262 2661 472 3360 2961 4164 1460 2121 1632 4456 1103 1102 2298 4151 4003 1802 689 2770 3893 4064 1742 2186 4995 998 2497 3989 157 1547 2485 3290 3163 2225 4419 3140 4506 738 3961 1357 991 830 39 3863 445 1649 1430 3118 1789 3679 1009 936 2303 4000 4242 1187 2400 4591 1324 1094 3415 4340 4487 611 3616 2130 354 1980 2095 4726 177 2078 3107 600 3960 265 1597 3963 2722 2013 4936 3620 1798 415 2135 910 4815 3674 309 1270 1103 3802 2461 2827 3497 205 2440
2256 4286 4429 779 3209 4614 3296 2693 3276 1830 451 3983 1924 3334 3346 450 4168 3897 2314 977 4946 3501 4126 778 1569 1954 1633 470 4537 848 120 4523 3867 3964 3729 3101 2828 3410 4330 2178 1001 4725 3868 3209 4272 2912 2450 4444 2311 2604 606 2592 3464 1571 2435 4734 115 3963 4321 284 487 2014 2735 4793 3574 680 3549 2492 1281 2066 1409 1373 559 3413 1558 975 1493 4659 2647 3799 3323 4280 1408 1183 3583 1321 4003 1229 2587 4881 2421 4037 3965 2442 4524 989 1180 3285 2251 3403 237 1199 4535 2361 3280 681 3168 4897 2624 619 4927 2237 965 1052 4617 1221 4506 4779 3489 3848 2803 1546 4585 1673 1798 4611 1086 4059 713 3235 3089 2232 1672 4792 4779 159 2238 4759 1919 4808
3883 4492 2113 1507 2150 3378 2890 128 1759 4259 2370 2378 1344 3345 315 2466 248 4100 4056 1829 2413 3704 2632 3888 2279 1458 606 4527 2610 4320 1595 4788 3797 38 4104 4568 987 1967 3777 367 1574 1028 1913 3614 3881 1717 2010 1200 1806 206 2214 4255 3290 4353 3768 1592 876 4709 2333 827 3299 3318 2967 1571 4271 2416 3600 178 2557 1673 3134 1880 3616 688 4772 515 589 3633 2776 4734 4588 687 316 4391 3936 1393 2590 223 4496 135 59 1513 4303 3043 4539 3130 3358 3070 2290 2339 2712 1039 4871 3125 4655 3001 1111 1134 4812 2989 4461 641 3668 4793 3783 949 164 4309 4604 2225 2722 2336 2132 2609 415 1086 3778 839 3276 3360 3433 552 4463 653 1262 1677 4354 2278 4239 1304
3073 3613 4780 1112 4525 4071 4188 2373 2701 2932 4002 3631 3357 1051 934 3350 3113 118 1932 4169 1564 2055 4016 4821 3422 220 4120 405 1337 2493 2589 4713 4882 1422 4178 1466 1312 3017 2814 923 347 2445 3010 2450 3302 1397 4371 1486 958 4047 3168 3600 4402 286 1379 4937 4210 355 2710 485 29 4607 2438 2288 2241 4767 4280 963 1692 1830 2594 2696 2155 3710 381 2472 2469 3845 3408 4375 2909 4701 4153 4338 1848 706 1274 4658 2804 4326 3108 1375 227 1231 448 1952 37 460 1956 1843 1531 4929 1386 2441 3533 2016 1603 3312 4959 3831 232 93 1131 1375 1730 3136 4975 4773 1678 3431 2564 4305 1954 1717 2135 4059 839 2151 2130 372 2956 1326 489 4637 760 3680 1177 4287 4691 1804
3168 3566 2483 249 42 1157 1263 490 2722 1595 4783 3299 80 1328 135 3014 3975 1390 2562 2711 4207 3720 3117 3013 3631 1223 4658 2074 438 4759 2424 3547 1332 1567 1268 2377 4875 1809 3996 949 3403 3641 3497 4582 156 635 4388 564 2841 2386 3912 4019 4621 3130 3478 2023 1155 4139 3554 2525 3174 2786 2163 503 2969 2799 477 987 2108 1752 4925 2391 3589 4376 3453 4145 3528 2679 4352 201 3780 2356 3128 1870 2555 2591 1863 1389 2164 3790 1868 2246 988 3892 3898 4542 3206 4617 649 37 3969 4158 4093 297 1734 1638 1774 4935 4783 1293 1198 3231 2376 1757 3821 3055 3442 2414 2440 2721 2114 4279 4580 3794 910 713 3276 2130 3948 2660 4194 2075 4505 2090 80 4823 1021 1856 4592 204
2196 3986 339 4582 891 300 2098 2878 4691 1201 1567 3814 252 4458 3159 1771 2667 1047 535 368 726 2549 4473 4641 2224 2593 2445 602 4808 508 969 4481 3318 1955 4469 3104 3687 589 801 1445 2999 3419 3290 135 4357 4257 3571 1658 1032 2826 2825 716 3125 3798 3165 4197 1205 1159 4557 4767 183 3461 3283 3402 3053 1610 3194 4076 4821 3569 141 2332 4588 1350 395 2900 1313 3187 1726 1978 3698 1435 1718 2433 2335 2212 4720 2475 765 4398 2371 4293 1466 449 2330 467 4779 2673 4316 251 408 4235 977 1942 482 1768 296 2543 1812 3439 4955 2843 2438 994 3195 961 1633 460 1757 3820 4003 1908 1977 3681 4815 3235 3360 372 2660 1287 455 3147 1349 3990 3603 4647 1284 468 3105 2150
3722 89 544 4170 1483 4693 731 3988 144 2466 1195 4056 2555 2833 1378 1407 4542 3449 695 1788 574 986 972 4706 124 4198 156 4723 2639 2044 2817 1062 2064 2883 4638 1953 4484 10 4974 675 4859 4323 1365 3431 1047 1889 2981 904 2040 4878 795 3955 3709 2167 569 2527 1250 2818 2435 333 4775 2923 2661 2450 3004 2456 429 4820 3908 1007 668 1550 3151 1529 529 3621 1350 3361 3022 3848 4511 4830 3830 1567 4167 4346 4118 1446 2883 4575 975 2351 2125 3270 1958 1546 4851 4769 4836 499 1925 977 4846 2057 961 3321 2712 2244 2645 2090 1475 3226 85 221 565 2483 1845 1156 3232 4305 3420 2443 100 3838 3674 3089 3433 2956 4194 455 829 2523 1518 199 1699 1775 766 2962 4382 588
2908 1244 2200 2126 4034 2236 315 3667 308 2999 1434 1397 293 221 1780 233 2512 2748 4207 3654 1084 3087 910 4268 889 4259 415 1598 2200 1548 4844 505 3764 1157 352 4862 3678 3438 4027 2483 2705 4087 4677 4126 4170 3057 4413 4098 4453 1052 270 3984 2342 889 4119 4978 4315 3898 577 1594 1297 2790 3992 1569 2845 2273 1245 4679 2139 839 4388 2757 3000 2233 543 448 4517 4842 4663 858 3582 386 4087 501 2797 1328 2597 2495 4988 816 1060 4338 3277 1457 4598 2469 2429 4934 4215 4090 3085 4135 2614 2818 4091 1687 1227 3074 2850 170 297 1704 4874 1282 3983 1175 3147 4875 248 4289 4944 940 916 4654 309 2232 552 1326 2075 3147 2523 2625 1359 752 974 4038 4924 30 923 1914
741 3794 2589 3533 1398 4166 2618 2040 3725 1754 1111 3043 4367 4950 2147 4467 1943 2630 2078 1701 3692 184 1038 2348 2815 231 3309 4455 1771 2870 4490 1151 4556 3555 3470 1123 1002 2218 1374 3052 2695 1130 3512 3031 361 4844 4387 2004 2745 4903 3105 4304 3206 1712 528 4953 3618 3091 817 2494 3955 2376 3115 3096 2432 4314 49 1846 4902 392 722 4632 3025 3835 713 3130 3459 4734 838 1972 2743 2391 1517 2911 4777 4478 1112 2955 1376 1818 2034 1299 3524 4304 4115 2268 4204 3554 1718 1867 4803 4216 848 693 2769 434 803 4290 216 1513 1531 4576 2049 269 4029 4267 3332 4035 1001 4042 3556 807 1632 1660 1270 1672 4463 489 4505 1349 1518 1359 3614 2289 2239 1139 285 3571 3363 2905
206 4892 3862 1092 4424 3574 2335 3368 535 738 4645 4898 890 1058 4506 3880 3858 3010 149 3837 2776 1453 3596 2640 3079 62 2403 4338 2483 3631 1343 2354 3211 4974 2657 977 1648 4564 1966 3719 4899 967 3382 3849 2515 2777 257 3312 991 2365 1675 2270 3687 1851 4082 4107 2055 4854 2375 2728 176 2974 635 3291 1247 3561 3655 2919 2750 588 4696 2327 948 3854 1714 2708 3082 648 1783 2825 1215 3417 1963 1759 3764 766 535 895 294 4154 1773 3712 3841 4435 3114 348 4047 3049 1017 1528 1367 2686 3659 1660 3483 3721 2215 3032 2912 4744 4833 1673 4690 1863 2805 4650 2492 3561 3006 2339 62 562 4651 1524 1103 4792 653 4637 2090 3990 199 752 2289 1153 4513 4643 764 2250 604 1609
3761 3934 4410 3435 592 726 2597 4536 4314 2693 467 2502 4610 3613 4690 2887 808 4991 4788 1790 157 2879 4221 428 1431 4988 1035 4065 3379 1509 3728 540 1223 651 3889 1228 4852 3029 3143 1453 828 3356 2720 4608 1242 4633 4659 2557 1078 2522 4721 2799 2496 2267 3413 1201 813 3838 3607 1351 4669 4170 2417 1765 402 2786 1568 2504 2653 890 3298 637 4387 835 4678 154 1657 2723 2470 39 2918 4348 1339 2317 3864 3453 3748 1204 2207 4065 4693 3845 2148 2991 1516 700 4965 3055 3741 1443 3844 94 3361 4222 3942 3234 2603 1142 2415 382 1931 1867 2335 2632 889 2596 1598 3373 4249 125 1346 4925 450 342 3802 4779 1262 760 80 3603 1699 974 2239 4513 739 542 189 4572 1806 2834
480 3837 1209 2608 134 3598 3422 155 1250 1054 2261 4298 702 978 3285 2601 4158 4195 2764 150 4602 1688 3377 145 1866 4225 3113 3784 450 1148 4057 4612 1895 3912 4418 475 3916 4917 2729 200 4199 3109 557 2711 2253 1106 3536 3000 4439 1632 4701 873 4539 1605 4815 2839 252 645 1210 1093 3199 3537 4669 3779 3719 1067 1945 784 209 4840 2942 3858 506 202 3567 3541 1190 534 3397 3441 1843 4606 1009 3070 656 4469 2183 373 651 3912 190 3615 223 2545 3022 278 2488 2734 2317 3684 2026 4957 2328 3662 1479 4504 4716 4654 4156 4404 4116 172 1920 3416 137 3955 4690 2058 2477 3274 2211 3932 1328 4775 2461 159 1677 3680 4823 4647 1775 4038 1139 4643 542 2560 1615 3634 3444 3669
1511 635 1477 2120 4216 97 315 2407 2760 1786 3091 4746 1088 4581 1088 2688 2475 59 2614 1701 2979 2108 821 3442 2001 4724 2118 1652 2205 1367 4106 3075 593 4376 2726 2878 4574 1161 3245 2464 4776 217 3279 400 3660 1503 2816 3855 973 368 1316 2119 1941 1131 1719 3932 2134 3273 934 2828 2826 1802 2896 647 4737 3958 338 3680 2004 4327 2658 4287 1184 984 1947 513 4728 3767 3886 3072 2464 200 278 1689 3620 1517 4182 2072 4450 1427 11 3000 2170 3782 4672 4018 3410 179 826 4616 464 1028 3829 2142 358 3350 360 4443 4405 1106 1663 418 1650 4547 1211 4397 294 634 275 3927 4478 1021 2286 484 2827 2238 4354 1177 1021 1284 766 4924 285 764 189 1615 3902 2465 827 2041
613 4955 1922 4531 2238 1399 502 31 1409 901 1909 1185 3342 489 377 2069 4538 913 2562 205 4354 3159 1926 155 2862 3191 3646 329 4167 1034 4907 1511 2456 317 2449 375 1878 1137 4266 54 60 2450 1424 219 4705 1241 2671 2053 1295 241 448 3236 4370 3684 344 1844 4690 4214 4721 2824 3030 3724 4142 4398 4425 4207 1184 1382 361 703 1917 4735 4848 4913 23 4327 3164 181 84 685 3954 2296 2563 479 1728 3366 523 1674 2728 57 3200 2268 3712 3837 2481 4173 3525 4148 420 543 1229 1425 1003 1552 503 536 4532 4006 3586 575 3825 1534 272 3932 3774 4401 4844 1234 4253 3468 1075 2869 4585 1364 3497 4759 2278 4287 1856 468 2962 30 3571 2250 4572 3634 2465 3941 921 4405
2677 3549 2099 2291 3012 2748 1185 4201 2721 651 2733 3670 989 2338 4473 2944 3803 4266 3853 1110 1855 2115 3175 3828 17 2742 187 4736 4235 1932 4808 3064 573 1793 4355 2213 1341 2333 2828 4836 426 1900 1410 2422 2079 1789 1076 3003 3614 4456 3698 4457 2635 2531 4846 1864 3539 537 2201 2865 1508 747 4039 4628 1627 4109 3742 1560 1308 1685 3708 2028 4933 205 1393 129 388 4118 3922 3943 1283 535 2736 3978 1797 788 2911 4208 2234 1636 1340 1821 4161 2207 601 4636 2349 3842 1204 3047 1418 924 2069 1844 3117 1086 2909 3430 3792 3215 3529 997 1452 4119 4820 4520 3678 4401 2990 1347 1185 692 3773 680 205 1919 4239 4691 4592 3105 4382 923 3363 604 1806 3444 827 921 4582 4817
93 2079 2395 2773 13 1134 4121 2056 1995 1209 3311 4210 1391 2068 2201 286 2141 2296 3482 1606 225 653 2177 3945 2659 2346 814 3005 1746 640 4312 2892 4888 4551 396 1314 1526 3870 4857 2232 2229 3393 49 2538 3487 610 4793 2642 835 3553 4249 4251 2603 3305 744 294 251 2282 4624 149 995 2252 2903 3281 4253 1150 2399 1092 1178 508 2506 552 4599 3788 4274 1315 4257 216 1326 540 2103 3346 1892 288 3517 4393 3090 2598 2878 43 3065 548 3155 4423 4232 2605 2497 4925 3511 2506 2511 4652 3655 1942 2431 889 2861 810 1474 4972 4086 4063 4914 1745 3339 4828 4781 2825 4299 4872 2211 1883 2517 983 2440 4808 1304 1804 204 2150 588 1914 2905 1609 2834 3669 2041 4405 4817 1867
