N: 140
M: 20
Symmetric: true
Triangle: false
4 111 18 76 108
3 57 15 125
11 11 31 137 40 55 116 68 81 72 42 117
9 97 103 109 48 65 127 37 64 67
7 9 110 114 139 50 14 2
9 85 5 100 22 38 128 89 43 83
7 13 32 86 79 20 104 87
4 96 70 92 126
13 61 17 105 71 132 69 8 26 91 59 6 80 90
4 49 39 29 10
5 95 88 60 130 24
8 33 47 106 16 51 25 66 101
5 121 136 124 36 12
2 45 27
10 107 23 135 94 112 63 7 140 3 30
3 41 56 122
7 93 75 123 4 118 120 62
7 1 98 73 82 77 46 54
9 113 84 58 28 99 129 131 53 52
13 74 133 35 34 19 134 115 21 102 119 44 138 78
667 1432 4695 1224 4594 1422 2620 4160 3533 4706 1503 3370 2998 3652 4183 2974 1503 1849 4196 168 4453 64 1446 332 4220 1319 3879 2708 4781 2880 3951 4955 2137 4673 2738 629 4074 2629 4759 2933 2331 412 1751 3895 169 2179 2099 1436 3310 404 2583 2341 2297 2415 2966 1307 582 4506 3876 1887 4227 2261 1189 3528 2746 3968 2797 3488 3670 2487 3194 934 1906 2090 504 4653 2751 4633 111 2912 4368 1938 1995 3365 992 41 771 3187 375 3190 309 599 523 2791 2924 987 4414 1317 1329 3740 3822 2248 2842 4720 478 663 4307 4665 4365 2143 4256 1027 2115 4771 4684 2117 2698 2589 4590 1141 742 321 4652 1576 2955 2630 1230 2657 3613 2886 4055 3732 2810 2064 58 1445 4344 4137 1579 3166
1432 1878 2824 1394 4793 2485 3426 2277 1705 757 3769 4613 3626 507 3720 1655 2333 4066 4903 536 1702 1315 4054 2626 2650 4077 4050 59 1868 4592 175 3954 3062 1172 3621 3989 2734 3922 1633 2860 1707 3069 3393 1959 2638 3361 62 2093 2144 4741 182 3180 4587 2654 1917 1099 3992 2306 3049 3916 1045 2117 2231 4346 314 3259 4300 870 4575 4498 3607 2171 3140 716 2909 3727 4125 3910 2648 466 1704 2759 3806 3605 2376 1781 4003 3178 3487 2255 1918 842 2980 452 2646 4657 3850 3148 1444 4601 1443 4140 2156 3647 3702 3941 3172 1432 641 2485 3747 2973 223 395 4920 2523 409 4543 1426 1415 1107 2566 2423 3851 4182 4721 3367 806 4482 34 3096 4143 4259 2791 273 3122 3866 4413 3228 3412
4695 2824 578 4713 4705 2771 4916 3743 1488 3740 4013 1930 4976 4154 2736 2139 3510 546 689 65 1765 2826 4334 4017 750 1418 3224 969 737 73 1168 4836 4032 2511 4842 4041 2358 1832 4490 1010 1243 69 3672 3894 2537 4653 288 3591 2005 4615 3687 3269 863 4269 4127 733 200 665 1920 3579 1357 1278 934 263 163 279 4260 4428 1711 1443 2826 4936 2253 3718 4535 3566 3707 3227 3744 611 613 3112 936 1563 3455 1817 4361 1867 3085 2615 608 2048 4045 2610 2589 4451 4381 3085 1202 4060 731 557 2973 1659 4948 1392 464 649 2623 2281 3358 4806 3655 2519 3356 1614 1063 2438 3404 3416 297 3799 1795 4959 2386 2032 3834 2398 2751 3915 4997 2858 4244 2695 885 1100 4982 4944 3335 520
1224 1394 4713 3524 3116 283 3674 4417 1159 3552 2409 199 4565 3877 1923 4019 3753 4985 4297 1176 1025 2513 2399 3429 3190 3826 2323 3746 4633 1300 4567 2086 2118 2789 2130 216 2617 4593 1377 1354 544 1669 1792 4569 2158 3893 1668 3429 1975 4453 2189 2010 3139 2220 4283 545 4801 4712 1968 1772 637 698 3604 1053 190 3495 3240 1881 2701 44 597 4690 4601 3845 2529 4272 3739 4931 4843 2930 493 2551 3808 320 3696 963 4901 1768 3973 402 3847 3552 4350 4218 2333 935 1614 4495 3538 2361 1690 559 1984 134 3606 1759 2694 974 3535 977 4811 2165 524 1723 2676 1684 1163 65 2390 3449 3944 3438 4779 72 1986 3301 3420 1292 2945 4432 1406 610 3632 694 1298 1155 112 1990 3429 1166
4594 4793 4705 3116 1277 4256 2385 1290 644 3618 1013 646 1803 3340 1683 2380 1927 3459 311 3138 4925 2059 2955 4671 1067 4110 2666 667 3768 4846 3900 1342 4522 3137 194 2871 1214 2615 835 2505 1837 3758 4716 1552 2890 304 4702 4157 2998 4003 2368 3988 3687 3947 1668 798 2851 2663 3784 2636 1689 154 2137 115 1982 4996 1241 2368 3847 4418 4111 4780 4247 491 1525 2705 211 4534 4626 4462 4902 3810 1105 776 4029 3207 1041 3822 3414 76 175 1538 2729 2992 1505 4464 4365 4492 4810 2611 2895 1226 4180 4611 2361 3620 3469 3392 1284 2569 721 1337 4054 3275 1942 208 2179 3501 467 3214 1943 2050 4157 2173 3603 3634 3290 4456 1888 4109 1748 3022 662 3669 3262 720 151 47 4032 1050
1422 2485 2771 283 4256 4010 4584 2536 3013 4404 3974 3018 3353 2382 3734 3503 3757 3529 4602 3681 2768 3841 795 4692 1314 101 3966 2726 397 1138 2391 1994 2171 4260 2592 270 697 60 1364 3341 3730 3888 3612 1833 3333 2575 2519 3142 3997 4888 3534 748 446 1057 2436 4569 3262 1122 607 4343 1892 3856 3648 222 3588 949 2987 4141 1315 2326 668 1685 607 1998 930 2686 2229 2366 2701 1318 3971 1945 3259 909 332 3167 4728 4886 3838 3573 3621 1271 1858 2536 1914 2399 4129 605 1834 115 2264 3419 4775 785 3854 4185 1119 605 2402 3292 4110 4057 4295 871 1763 913 4039 3800 202 3998 317 3258 1132 339 2282 2002 2030 4824 2425 3108 767 2346 78 4459 2955 586 4872 4848 2795 4846
2620 3426 4916 3674 2385 4584 3542 4075 4355 2616 4841 3822 3428 4512 4299 2574 4256 1976 75 1963 1612 4556 2065 2902 4803 211 3286 195 917 4482 2883 1650 1566 4126 1335 3183 1878 1773 1609 289 4230 1273 4227 1344 2712 4505 2525 4411 3988 1121 2339 4041 2120 1560 2238 4698 4507 642 4637 2714 95 4841 1715 2827 1631 1704 276 3069 3919 2846 2082 87 3827 3418 3505 2203 3724 1362 3938 3604 1241 484 4387 3230 1571 3191 858 247 1086 1058 2098 1268 653 987 398 4396 2104 933 205 879 1758 4116 2623 3264 4741 2947 834 3619 712 2530 3110 1340 540 502 2423 2919 1524 2941 3214 2199 3470 1449 1808 1952 1037 612 767 879 2321 4595 1063 3133 4670 4388 4460 3443 3876 2819 2680 2233
4160 2277 3743 4417 1290 2536 4075 2073 2556 1061 4419 3011 3006 2614 2536 1908 1388 4140 4406 1084 2318 2439 3273 4985 133 2054 2078 1669 2189 3071 4806 774 4211 1381 3356 1571 1908 2962 2591 540 210 2808 4389 274 2187 1275 967 3573 2758 1634 1136 2265 2269 4283 1189 3538 1509 326 3505 100 3057 1445 3472 3670 158 2236 3598 3319 2731 2878 4085 4216 2545 3484 299 2446 708 4781 4895 1079 967 936 1911 3857 4935 1469 149 2363 1739 3621 4242 2323 3732 2483 4392 1417 33 3691 1135 666 3158 2137 2187 4613 4281 1818 4122 2940 1202 3508 1050 1508 3896 2306 4968 983 1964 3316 3855 133 1897 2641 1343 1464 921 4482 413 725 2928 1677 2674 1246 1776 307 1765 4024 1462 3750 804 4822
3533 1705 1488 1159 644 3013 4355 2556 3298 4818 2141 3426 4374 3677 4563 2522 1551 3967 168 3880 2939 3174 2536 1667 670 629 1553 3559 704 4971 3632 1975 31 2580 783 3733 14 2729 1450 1489 1244 1591 4557 288 28 2451 4050 2707 320 672 3705 1656 529 3954 2864 971 1154 2913 3844 717 2771 3383 1816 1888 4998 4260 2805 3278 3389 11 892 3559 488 2962 3446 2538 2098 183 2144 1093 4998 4751 2254 3514 3192 2299 3440 3926 778 632 1253 2566 2256 636 4636 3715 681 3500 3371 4039 4944 3365 1647 233 889 2435 3202 3675 4988 1956 159 4015 2357 801 4793 542 2027 2649 3723 4905 4446 117 2001 3920 2224 3380 3335 3790 1167 2190 1519 3295 1672 1047 4753 1900 2554 1022 1309 1831
4706 757 3740 3552 3618 4404 2616 1061 4818 957 2966 1992 3494 1893 3084 2672 1657 3796 991 4685 173 4527 3257 3539 2536 1045 3287 3079 1087 4851 4538 1677 1710 2175 4516 2762 2724 2128 1933 159 4877 1607 540 2060 2675 1321 3921 1497 2748 3567 1798 1831 277 2356 461 843 1193 3909 2349 2186 1541 183 1028 4445 1754 4752 2012 299 525 1387 1315 4163 4785 1189 4316 1606 1748 1576 828 2405 3511 621 4931 3392 635 210 4644 2827 2769 4384 2232 4455 1783 1251 385 4836 3038 350 2786 2052 2314 799 1104 1372 2576 3086 3860 2593 757 4956 1186 2684 1962 4497 3750 3707 330 3268 458 384 2102 1005 593 4798 1546 760 858 3941 285 2083 2837 889 540 1047 3182 4058 4971 569 4263 1780
1503 3769 4013 2409 1013 3974 4841 4419 2141 2966 1888 4146 4693 1750 157 3540 1624 2404 144 2119 1984 3481 2416 2718 4744 1933 1994 244 2620 876 4945 501 1644 1507 3464 4768 3334 4282 2632 2586 4331 85 2451 3562 2952 1822 2195 2979 4627 3170 1445 1053 1688 1970 1146 903 1236 3053 1354 2936 4829 1826 4159 1097 4692 3257 3250 2457 373 4403 860 3715 2122 3632 2935 1250 4052 4037 2624 4163 1828 2589 2418 2565 814 4669 1818 4484 4453 896 3982 2602 4397 4484 623 4519 3399 877 2010 3738 2811 416 3373 3804 3607 2929 4483 339 2316 2039 3619 1794 3684 478 2137 16 3722 2299 1330 3729 1087 646 2325 4781 3789 159 3404 4173 2352 836 342 4404 1441 1743 4649 33 798 4292 284 1826
3370 4613 1930 199 646 3018 3822 3011 3426 1992 4146 4708 4850 4912 1078 1912 3927 3876 4241 2246 1685 691 3735 4377 2804 1162 4723 215 1748 2297 1965 1964 2913 121 3924 2166 4279 2941 913 2049 1243 1618 4312 4325 3273 4516 4401 2210 1313 3797 3206 2248 4577 574 2594 2924 3632 3972 4685 1635 2285 406 3772 2273 1638 2707 124 639 2033 904 3306 3988 4703 2275 3032 3825 4629 192 207 1549 3663 2083 1395 1650 2928 3840 2332 3676 3277 2486 3465 1615 2761 1707 700 1432 760 3501 817 1098 4125 4882 4441 2447 4323 105 4793 146 4768 2235 800 403 190 1554 3305 398 2490 2961 4876 4041 3839 3847 2227 1989 4071 1196 1660 1881 456 47 551 132 473 666 2633 291 1983 3912 3547 1334
2998 3626 4976 4565 1803 3353 3428 3006 4374 3494 4693 4850 4234 1033 289 287 3257 3245 4593 866 3211 143 3463 3694 279 3062 706 4992 4214 1990 1363 2311 1510 1991 1124 1183 697 2672 3624 2985 2448 3293 3518 1809 3629 412 1137 4500 4869 4517 4343 2658 1149 3820 4766 4669 3582 3575 3479 460 4516 554 2483 4273 4235 4377 1558 3115 443 4157 68 1618 2860 4325 3371 4915 4124 3501 683 996 4003 2993 722 4957 4503 2360 1228 653 224 3725 4840 3596 2492 2672 1118 2150 1298 2392 3983 4782 1386 4522 3239 13 4927 2548 3883 2182 2417 4440 3927 4403 151 3369 38 1894 4222 3573 2594 1180 838 2148 3237 3265 4977 210 2429 3238 3091 701 4358 3145 4530 4510 214 3147 823 2612 4659 2843
3652 507 4154 3877 3340 2382 4512 2614 3677 1893 1750 4912 1033 402 4626 647 2728 3201 4751 3126 183 1089 2112 3299 3403 1198 4665 2739 2803 1939 2141 125 2142 1757 2681 1165 1412 1938 113 1865 1153 683 3813 3401 2009 211 1849 1570 905 2184 4553 1313 26 121 299 4074 1926 2850 4223 4238 514 2658 632 4927 358 675 2420 2488 199 1757 3246 4227 2181 1470 214 2823 2439 952 2207 1536 2807 2106 3922 2310 2351 2641 2618 2252 3136 2913 2396 1830 869 4381 3501 995 3341 4418 3493 3860 143 220 3495 2865 2356 2359 4616 2879 2474 2789 4910 3765 3122 3338 4611 3181 4124 2178 3670 1001 4351 1811 2396 4331 295 1359 555 4403 2761 1069 2317 1043 2369 1568 4466 1329 2213 2370 1886 3748
4183 3720 2736 1923 1683 3734 4299 2536 4563 3084 157 1078 289 4626 3921 3903 2785 1503 4187 3786 516 1035 1305 3058 3154 4083 3175 152 4998 495 1640 2512 2241 2419 915 2508 4393 4617 2221 4445 2126 4724 2755 1678 4520 162 1995 2026 2854 3456 3888 1313 2495 287 4339 1339 971 108 1216 698 4691 2887 2909 4818 1666 4771 2386 2309 3093 1479 3407 3623 3798 4195 2303 3918 2614 2620 4935 2010 4751 4911 4055 563 4232 2487 1181 3790 2818 1015 3774 603 549 2340 3155 270 3146 2191 2100 416 3966 1725 1170 120 3092 2387 244 3552 4235 4293 2760 1030 4167 1111 4359 4320 4837 1922 2601 2664 4742 4806 4649 3426 3843 3608 3729 1755 1994 3206 1462 1329 3901 3749 1072 3054 3214 3522 3210 644
2974 1655 2139 4019 2380 3503 2574 1908 2522 2672 3540 1912 287 647 3903 98 2666 3361 1981 4312 231 4157 2485 2326 462 2807 3648 836 2224 1811 2354 529 1562 637 1411 90 4585 4270 962 3688 541 685 2681 533 1096 3478 3284 2512 3612 2265 1076 4346 3584 2985 4211 2263 1641 178 207 935 2139 874 1242 1647 1393 4976 413 563 3768 395 2328 152 3713 3497 677 1027 2617 1029 1502 3841 4085 4736 4552 2633 2038 3692 1893 1772 772 3782 141 3246 1032 2878 4069 1658 4309 838 3612 1353 1733 3200 1258 501 399 105 261 728 2485 3827 4899 2958 3507 1977 3833 4064 3983 172 4912 4386 3766 2123 621 698 2691 4127 2908 1439 171 3845 3014 254 707 4916 2777 4711 4010 3081 15 3830
1503 2333 3510 3753 1927 3757 4256 1388 1551 1657 1624 3927 3257 2728 2785 2666 379 1080 1428 3331 4828 2612 1820 989 206 3874 286 3822 875 1826 2101 2911 1125 1062 1680 3393 2888 2975 1224 3558 2358 4510 862 1033 4752 2005 1692 2469 1903 2931 988 3297 2208 4559 3143 2539 1759 2263 4017 4438 3431 785 2053 4815 1920 3734 1652 1910 4837 2690 4400 4333 1229 2387 2391 4363 4404 4222 162 1493 2833 779 742 3375 4240 117 1885 364 810 4336 4790 2126 2648 1976 4989 2754 2557 2385 3426 1871 3332 3333 3999 1758 3362 1420 1212 4674 452 1304 161 3646 1633 4532 4812 4627 624 4886 2457 4400 4046 4637 2942 42 3376 1691 2449 2831 2955 3191 3568 390 4470 2423 1230 2948 461 1083 629 3311
1849 4066 546 4985 3459 3529 1976 4140 3967 3796 2404 3876 3245 3201 1503 3361 1080 4671 1453 2356 799 2572 123 75 1138 2363 167 4515 904 2325 1450 4923 3153 3458 2918 4908 1794 2979 3297 3943 1159 3527 734 680 963 1157 507 3845 1069 4032 4914 4243 140 1828 2049 4081 186 2474 3679 1494 2610 270 3690 1084 2074 115 1373 2235 4167 2043 4163 3405 4611 1193 3762 4858 2919 562 3651 1073 4460 4806 896 949 4627 3587 4391 3728 359 4854 4818 3879 2042 3295 1981 141 178 4863 218 1833 1854 1650 3899 2356 2923 1717 4896 2378 4844 2234 178 2242 3975 1351 3499 4553 4341 454 4026 3653 2078 152 888 283 3359 976 2993 3991 2107 4382 3208 230 2145 3236 1573 2663 3671 333 2299 461
4196 4903 689 4297 311 4602 75 4406 168 991 144 4241 4593 4751 4187 1981 1428 1453 1107 1617 3951 2559 2460 2706 1192 2606 4022 3152 3406 725 2420 2852 18 3372 3209 3973 2971 3429 2202 4107 2982 3222 4571 850 76 673 3457 2419 625 2072 4346 2571 4040 3870 1530 811 1900 192 2940 2984 4599 4684 3187 4035 1489 690 4629 3169 1264 3009 3048 4437 2047 4557 1967 2684 2886 601 1189 766 2336 2190 3376 1927 117 1935 2193 4071 3415 3564 1590 119 3096 3977 2644 3324 4150 2655 1993 4713 889 3600 1337 4377 1399 2327 3265 182 2285 2106 3273 1690 1854 4437 4804 4156 1648 4742 4703 3854 3580 187 1407 344 4124 4394 1851 3913 4440 133 83 4807 2946 4068 962 656 2001 773 4126 195
168 536 65 1176 3138 3681 1963 1084 3880 4685 2119 2246 866 3126 3786 4312 3331 2356 1617 769 394 3583 2026 4609 730 3446 247 3059 4600 2576 39 3500 1883 3300 442 644 136 1557 2466 2782 962 1360 3763 3490 2255 4907 4353 802 2253 86 2726 3712 491 640 4958 4128 3514 975 2716 3394 344 3764 4902 1274 3812 3385 3156 1945 4629 3011 4994 1275 525 3646 3960 3216 3469 2335 2507 3206 378 3317 3459 2278 37 3330 4009 2916 576 1569 4787 4147 1898 481 311 3028 3321 2963 3639 4176 2617 4683 4937 3616 1419 28 1704 72 3441 3428 1666 2355 3513 1246 410 3838 3147 4851 2563 298 197 535 2839 4506 1204 2743 4343 2117 127 3619 4772 1477 3818 1587 310 4608 3378 3661 3654 3470
4453 1702 1765 1025 4925 2768 1612 2318 2939 173 1984 1685 3211 183 516 231 4828 799 3951 394 3021 2535 2554 59 3872 2551 1254 3837 1617 3714 2555 4855 3051 1600 2890 1354 3809 4395 4188 2073 1442 4284 3205 4800 2253 2624 2213 4110 4718 178 2760 2377 699 281 2819 746 1302 3818 4036 119 4449 3497 4026 1050 2909 1590 4983 950 653 4980 3322 4097 887 1804 265 3360 2197 3135 3867 1789 1125 2094 3695 2334 1072 62 1096 3984 1583 1295 4260 2221 1123 364 99 529 4215 1433 312 3544 2621 3936 3188 3263 1301 3758 3649 2150 3693 1784 1863 4166 1404 2672 123 2988 3259 4611 4746 182 3720 1873 3555 4801 178 1305 2279 2284 2361 4663 1848 3701 4219 1503 3876 2501 430 2214 118 4538
64 1315 2826 2513 2059 3841 4556 2439 3174 4527 3481 691 143 1089 1035 4157 2612 2572 2559 3583 2535 375 2665 4060 3036 4834 3558 2578 3086 2764 3215 2774 3968 3665 598 218 3095 2231 3209 505 3310 1163 4697 4969 4364 200 464 3974 2836 429 4419 3023 1646 851 1474 4135 2341 4416 4042 3160 947 4833 4307 4722 3046 4608 2870 1268 3574 766 1075 2359 2122 2857 3737 1395 1246 2971 3809 2500 4422 745 173 1422 1957 4170 3779 2487 807 2245 1275 3326 518 2438 1739 3210 4635 1322 1915 1037 1888 3053 2365 1925 3636 2466 136 3814 3657 2620 3113 1534 3823 3910 1622 305 2027 3741 1168 1340 1694 3425 4105 2455 4806 3134 4496 2494 4286 3085 4669 1628 511 484 3441 3479 1123 1419 4181 1204
1446 4054 4334 2399 2955 795 2065 3273 2536 3257 2416 3735 3463 2112 1305 2485 1820 123 2460 2026 2554 2665 1129 937 3951 2187 4862 4791 1318 492 4697 1085 4335 2192 4652 1874 3196 1724 1252 2706 2488 4723 1134 3884 597 1323 1003 1101 999 4761 3994 643 3001 4552 4469 929 3598 1660 4671 1462 3975 1145 1258 4491 998 1893 3757 3938 2915 3799 769 2230 3801 4073 1053 1276 1943 508 446 4256 310 2415 2422 4031 4277 3733 427 1546 2669 2243 3047 819 3473 2504 3735 1899 4633 3075 4683 3759 1444 4001 4191 4020 4755 1616 3676 3551 1122 3576 3554 2695 2987 4914 4649 726 1091 2233 874 295 942 4622 4082 633 3485 4655 549 1227 797 4393 636 2105 2089 4904 4031 4819 573 2864 2788 2106
332 2626 4017 3429 4671 4692 2902 4985 1667 3539 2718 4377 3694 3299 3058 2326 989 75 2706 4609 59 4060 937 269 4618 3310 4250 4924 3000 2476 1277 368 4843 3383 2414 1270 456 2124 878 1967 4016 1294 3290 547 86 1983 2223 1870 3568 67 3035 1208 3645 68 3667 1607 204 2501 2506 3848 2463 1183 2902 4916 496 1283 2976 4923 3597 4247 1977 102 4487 3011 2838 3748 2869 2722 4085 3455 2122 1837 1221 4206 1601 1931 3605 4326 4682 2458 3046 2655 724 2215 1262 3324 4032 1836 1735 2008 2200 4338 3906 4244 1481 2857 969 3841 2253 2369 3135 2481 4355 28 473 4598 3091 1440 3381 686 1972 4082 961 72 622 4451 4311 394 4269 1173 4375 857 851 1930 530 4345 4529 3953 4536 2224
4220 2650 750 3190 1067 1314 4803 133 670 2536 4744 2804 279 3403 3154 462 206 1138 1192 730 3872 3036 3951 4618 1939 3367 4370 4871 2809 3624 344 4935 2490 4373 2072 3975 1632 4745 4364 297 968 379 628 1494 2623 1179 243 4928 2718 1932 2899 2322 416 4799 1399 2002 1029 3802 4103 2891 2130 3220 4299 540 2559 2738 1023 2694 4886 4835 172 3621 1438 1251 1375 491 640 1284 4848 3484 4809 2376 2121 2746 953 2731 2027 4516 3637 2107 2425 3665 1035 3286 3417 4034 1016 2376 2218 1288 1841 1007 699 2271 3024 3743 609 1305 4904 4343 4323 292 558 3169 1715 1522 3041 3605 4757 424 2219 3875 871 2001 4365 2616 2307 3691 1677 3325 1557 146 1675 2865 2640 4274 1312 1910 4766 2264
1319 4077 1418 3826 4110 101 211 2054 629 1045 1933 1162 3062 1198 4083 2807 3874 2363 2606 3446 2551 4834 2187 3310 3367 1887 3407 4720 4775 1050 2576 264 328 4346 4903 2352 848 199 4422 411 2951 1015 3673 2350 1660 3790 943 1203 4959 2730 4602 4075 1161 4813 4524 3528 1292 590 3901 1183 2773 2797 4938 4809 837 1543 1720 4734 1876 3182 3478 675 2465 1216 3603 659 234 3759 1930 1863 4708 3337 1695 597 4868 269 4693 4646 3557 1970 1573 994 172 119 2857 2793 3857 692 2808 1484 3327 4345 2291 1385 4125 669 3782 2043 233 159 2014 3339 1633 2994 1100 1113 4536 2141 3582 3227 977 2162 3508 925 1443 2569 4257 4878 3522 1871 4612 1872 2013 4706 2981 1626 255 4275 4554 2784
3879 4050 3224 2323 2666 3966 3286 2078 1553 3287 1994 4723 706 4665 3175 3648 286 167 4022 247 1254 3558 4862 4250 4370 3407 420 3200 4368 3788 90 1604 4601 4110 1019 4354 3353 371 4751 1109 4915 1567 4016 3170 236 868 797 1394 1480 207 1715 937 1309 1649 733 12 1650 4386 3217 1220 3186 2447 2025 1569 2487 4331 1856 4602 4640 4913 3456 3330 3127 2083 82 135 3059 1865 3407 3050 4421 2922 2449 2013 3496 4158 4871 1525 3341 58 3167 3389 1924 3228 2777 661 735 915 3692 773 2322 4311 2032 4554 4366 776 1506 4577 3041 2259 4734 100 1984 1175 4897 1265 1261 978 896 2774 3335 944 4741 4421 4812 4462 1219 3446 2506 1263 1979 4620 1388 2043 4444 2611 3948 2627 2306 3094
2708 59 969 3746 667 2726 195 1669 3559 3079 244 215 4992 2739 152 836 3822 4515 3152 3059 3837 2578 4791 4924 4871 4720 3200 1848 1375 3145 2211 1507 547 838 3263 1787 3910 249 2711 3348 1450 2045 3480 905 4749 833 4907 2385 2786 3393 1106 1272 2377 328 4693 2864 4314 2596 3487 884 1688 176 1104 896 895 4301 2375 2348 3827 3458 2680 1213 3694 841 1286 2992 4586 712 3093 690 4469 2434 3292 3776 4509 1972 3382 2933 3497 1884 1380 4844 2821 3096 2262 2116 3482 1543 2805 1341 2999 2889 2446 4522 269 3820 98 2518 4210 245 1713 2586 4120 1600 4063 1045 727 1641 533 3593 1916 4801 3230 4547 3122 284 4080 3690 398 4529 2655 1430 3834 1134 493 4436 1283 2176 3078 2421
4781 1868 737 4633 3768 397 917 2189 704 1087 2620 1748 4214 2803 4998 2224 875 904 3406 4600 1617 3086 1318 3000 2809 4775 4368 1375 4304 2403 4515 898 3898 4410 36 1665 4996 2713 2915 845 1865 2830 1535 2876 1737 2849 822 979 1102 3468 1529 603 842 2743 4156 3037 2090 2447 685 575 1264 3829 4036 2727 2749 4759 2023 935 182 3779 1665 4948 952 1308 1688 254 2355 2700 4225 344 4574 841 4588 3487 1513 105 4015 645 4801 2316 2550 360 133 2725 1668 2156 1143 3015 2085 4777 1159 2991 2743 2326 1913 4025 4776 3687 1855 3333 3347 3023 732 244 4511 1380 4247 1831 612 2526 3703 3806 3773 1296 3973 3880 4038 596 2622 881 2255 4111 2017 4448 4252 1014 1845 2677 4221 4436
2880 4592 73 1300 4846 1138 4482 3071 4971 4851 876 2297 1990 1939 495 1811 1826 2325 725 2576 3714 2764 492 2476 3624 1050 3788 3145 2403 3076 906 3963 4410 1233 991 3855 4172 4278 2825 3471 275 3205 3674 4350 230 4101 1404 3437 3328 815 4101 3593 236 266 4240 930 1231 3649 177 4793 1015 1918 656 4308 1117 3373 3057 2907 1560 387 61 4894 1177 3101 2772 1158 1179 1866 4339 3013 2525 4188 941 3086 2120 4033 36 1959 3464 4552 2425 3618 745 3639 526 285 2780 4364 1104 1460 4980 1255 4361 4692 2844 4681 2210 4875 563 1864 1733 4665 4454 1796 3706 570 963 3527 4342 1853 1907 942 465 4908 923 2550 2668 1572 4745 988 1450 1788 1544 59 4468 3712 4294 3472 3333 3503
3951 175 1168 4567 3900 2391 2883 4806 3632 4538 4945 1965 1363 2141 1640 2354 2101 1450 2420 39 2555 3215 4697 1277 344 2576 90 2211 4515 906 4153 2276 1141 1304 3259 4689 1535 738 4955 1425 2876 3005 3998 2330 4123 2786 2148 795 3080 641 3705 3789 563 3837 1286 4897 4437 3813 3792 242 3139 1429 2778 1241 4679 3991 4593 3564 1459 221 4329 3004 951 4694 4448 3743 3986 3100 653 3297 4979 2100 2886 913 3717 4429 1350 1552 3918 1994 4156 1530 2189 1941 4615 2587 1308 901 2116 3222 3402 1786 2698 2395 1990 2551 2792 1842 682 2041 3681 2916 4837 890 2694 2367 3802 2584 4226 1980 350 3620 3633 4076 2667 427 3974 2619 3296 893 1962 902 3670 1573 1927 2153 4546 4095 658 4062
4955 3954 4836 2086 1342 1994 1650 774 1975 1677 501 1964 2311 125 2512 529 2911 4923 2852 3500 4855 2774 1085 368 4935 264 1604 1507 898 3963 2276 3663 1470 392 1348 618 1496 1320 653 2677 3581 1863 3984 1811 1131 4204 1193 1977 2301 4418 3931 902 1298 39 2515 2161 1466 4885 4497 2269 258 1310 1818 3601 1766 96 1221 2139 3668 225 2679 137 3063 304 1352 1703 1787 3964 2218 4788 1507 4848 4599 1926 2312 2723 1583 4530 1059 554 2531 2968 286 3833 3496 661 2176 915 4586 3118 2999 88 3319 4762 3067 3466 1374 2506 1185 2060 4853 1654 3450 138 2678 352 413 481 2798 500 3775 484 1767 2045 4517 4103 2532 4719 115 2742 2360 4685 2145 1443 972 147 4087 1677 2387 4170
2137 3062 4032 2118 4522 2171 1566 4211 31 1710 1644 2913 1510 2142 2241 1562 1125 3153 18 1883 3051 3968 4335 4843 2490 328 4601 547 3898 4410 1141 1470 2165 143 3292 2594 862 1552 4775 3640 1100 3781 3131 1135 1357 3306 1831 849 4489 3066 258 673 4511 493 3842 373 3766 3599 2761 2487 465 2922 3318 4335 2571 4645 3546 3083 333 4657 2957 4522 923 1910 204 2404 4570 342 1805 3684 4815 4210 2629 770 2494 1107 4998 2031 4704 3165 4053 1906 2123 2853 4985 4072 4895 3700 3005 659 3475 633 3509 373 1855 4977 4070 3424 1911 3934 3242 635 1296 1992 1700 3206 3031 2060 1248 1193 2895 1750 4829 1149 2155 4470 4400 2103 3427 3785 755 3453 1018 49 446 2839 1929 3240 540 852
4673 1172 2511 2789 3137 4260 4126 1381 2580 2175 1507 121 1991 1757 2419 637 1062 3458 3372 3300 1600 3665 2192 3383 4373 4346 4110 838 4410 1233 1304 392 143 1006 3422 1341 1394 2386 388 692 625 823 4588 390 4770 4264 4515 883 3793 3773 3756 544 3112 1284 2384 193 3467 1233 41 2037 410 3217 3909 4879 1961 2792 4376 4585 4094 1263 377 4315 2204 3570 4329 982 2293 4863 3731 3100 4790 3189 1320 149 802 2119 1369 2748 4327 2363 1641 2145 740 2733 3028 4711 3496 2933 2854 2117 3114 4352 649 3994 1573 1846 4457 248 2756 4387 4134 4104 109 2430 3413 4849 3226 1331 4905 3650 4271 1252 2923 1577 509 3465 4243 4092 4854 1737 4622 834 339 1219 3003 4710 2060 1265 2983 1392
2738 3621 4842 2130 194 2592 1335 3356 783 4516 3464 3924 1124 2681 915 1411 1680 2918 3209 442 2890 598 4652 2414 2072 4903 1019 3263 36 991 3259 1348 3292 3422 1573 579 2612 3203 2915 4755 1896 1863 111 4851 3053 2478 4011 4376 3654 3886 4612 3120 954 4869 4908 1970 4108 3441 3156 2342 2616 1501 3549 203 3771 658 516 2787 3823 4747 4476 3640 2390 1793 2457 2048 2161 2157 3889 847 1083 3353 223 4759 4113 551 1472 1093 4226 2757 2983 496 2468 4242 3333 2981 906 290 3508 2889 4007 1014 4444 4439 1750 2329 3182 1573 3772 3513 1223 1869 530 4045 4268 3658 2764 2210 3358 26 2574 3451 1628 475 2000 2767 4498 4163 1700 1575 2940 722 3794 4174 2731 4822 4831 3563 4893 19
629 3989 4041 216 2871 270 3183 1571 3733 2762 4768 2166 1183 1165 2508 90 3393 4908 3973 644 1354 218 1874 1270 3975 2352 4354 1787 1665 3855 4689 618 2594 1341 579 1470 40 4265 3488 3830 269 1051 4080 535 1777 252 3613 1681 3029 1221 3853 1839 2628 3661 1834 4626 46 4914 4022 686 4626 3572 2505 3097 3900 1928 3148 855 685 327 3144 691 2673 660 3023 2815 3531 1042 3295 3622 4291 1665 316 2446 380 3514 1301 4687 3502 1584 950 1576 292 1910 1648 2585 4857 3508 1189 920 141 3976 1375 213 2585 1406 2710 1705 126 2914 1213 3121 4356 4118 1874 164 3939 1522 2290 3754 3943 1540 4079 1432 1333 563 1654 290 2034 3800 3248 1190 1017 4969 4319 3158 4797 3195 2053 2164
4074 2734 2358 2617 1214 697 1878 1908 14 2724 3334 4279 697 1412 4393 4585 2888 1794 2971 136 3809 3095 3196 456 1632 848 3353 3910 4996 4172 1535 1496 862 1394 2612 40 1254 924 4768 1084 3778 1226 3799 1746 2434 3773 4272 1934 1339 1021 1339 4892 2575 3562 1908 3304 540 1413 4779 4652 699 4034 1566 4586 2694 3245 4708 3260 118 857 3607 4173 2766 284 2117 1733 314 2014 1495 4115 1949 4954 4907 4555 2262 2993 852 1616 2818 1032 1848 316 1176 2694 1976 2738 2181 1418 4407 429 1920 2855 528 4659 2506 4314 3324 1722 1964 4715 3766 4459 886 1490 4155 4905 1589 4368 3085 3448 1156 269 3330 16 2002 4636 841 1868 490 3882 634 2382 2598 2410 1904 385 4627 2395 2621 4977
2629 3922 1832 4593 2615 60 1773 2962 2729 2128 4282 2941 2672 1938 4617 4270 2975 2979 3429 1557 4395 2231 1724 2124 4745 199 371 249 2713 4278 738 1320 1552 2386 3203 4265 924 4060 806 3685 3654 2058 2257 1679 2836 2364 3140 1659 2336 811 1326 3331 584 3436 4090 4805 171 2545 163 1046 571 4100 1592 2411 252 3155 1415 4550 1520 1708 4005 2972 1985 2890 3990 3100 3489 2447 43 4656 953 4379 156 1056 382 3187 951 788 1489 2369 1850 4917 1935 169 3024 622 930 3492 391 2218 3997 2661 4466 2380 296 1673 1957 627 4324 3473 1790 91 2135 2107 1225 4312 1027 1695 3896 1125 3099 567 4173 1297 2994 3247 2471 4624 3721 1769 16 1574 2369 4239 1137 4510 3701 3382 3834 2803
4759 1633 4490 1377 835 1364 1609 2591 1450 1933 2632 913 3624 113 2221 962 1224 3297 2202 2466 4188 3209 1252 878 4364 4422 4751 2711 2915 2825 4955 653 4775 388 2915 3488 4768 806 4208 832 3739 3164 902 3946 3281 2747 1969 121 2806 3832 4055 391 2710 4977 876 3568 3269 3540 4965 152 322 3744 4324 756 842 2383 937 4374 3313 2642 4571 604 3538 641 4481 4901 2915 1434 4897 2281 3925 2641 4654 1422 2763 2723 696 678 1828 2668 882 3724 1930 109 1151 4399 3104 2946 2163 2078 2859 588 2606 3419 1900 3858 1631 3697 1917 3751 1628 2882 2863 739 2716 1068 3726 2836 666 1311 2650 3607 4597 1043 3644 1356 4190 3911 2556 2052 824 4975 55 1850 1701 866 2577 1121 2248 4477
2933 2860 1010 1354 2505 3341 289 540 1489 159 2586 2049 2985 1865 4445 3688 3558 3943 4107 2782 2073 505 2706 1967 297 411 1109 3348 845 3471 1425 2677 3640 692 4755 3830 1084 3685 832 518 915 2383 1407 114 1840 1818 4175 3170 788 3945 4215 2851 3403 4618 2434 504 735 1739 1113 2625 816 4174 3207 4280 4716 609 4199 2672 3695 218 944 4039 566 3602 1622 390 3969 3126 2679 2213 221 748 4430 4622 1284 237 3627 4722 4547 314 214 532 3057 4802 3671 4853 1583 3235 3407 2895 4624 2508 1700 2027 2356 4316 4334 4182 3255 725 4848 466 1704 4971 1025 4737 4585 1717 3845 4492 3313 3893 3044 3562 4675 4132 3045 2532 1330 3903 2106 4000 3510 4588 3658 1671 4688 687 2507 1259
2331 1707 1243 544 1837 3730 4230 210 1244 4877 4331 1243 2448 1153 2126 541 2358 1159 2982 962 1442 3310 2488 4016 968 2951 4915 1450 1865 275 2876 3581 1100 625 1896 269 3778 3654 3739 915 2538 437 2511 759 1224 3768 883 563 4838 3793 934 3191 1506 4451 3900 1822 3681 4509 3481 473 4640 4195 2837 3494 3017 3279 4007 1111 4943 3111 4500 4202 29 3899 3304 2403 4952 1810 3253 324 3104 4038 583 805 2434 1264 1873 726 1316 785 792 98 2960 4198 2058 654 2664 3368 4610 193 3974 3155 4505 3697 354 2289 3381 445 4587 18 1834 2813 3045 381 2051 3431 2554 919 2895 2322 2339 2673 181 4075 214 4812 899 3737 2017 1201 3631 2265 2349 2749 4066 3668 3883 1342 2087 2020
412 3069 69 1669 3758 3888 1273 2808 1591 1607 85 1618 3293 683 4724 685 4510 3527 3222 1360 4284 1163 4723 1294 379 1015 1567 2045 2830 3205 3005 1863 3781 823 1863 1051 1226 2058 3164 2383 437 386 4235 769 2256 1131 4146 2401 156 673 3181 1614 4027 3955 1034 3563 511 123 4646 4150 4719 2898 990 816 366 3137 3891 3439 2371 4306 3249 679 1491 1281 4635 4439 2125 4096 3388 946 1939 3169 2923 3644 2537 3295 1056 4821 1003 2073 3706 2951 3425 1421 1609 1954 1892 3828 4210 3695 4297 4080 1977 1709 181 1133 1512 4472 540 3783 2181 2171 1147 1688 4789 1517 2112 527 1312 844 4958 1091 4802 3679 1553 1929 490 64 2281 491 2949 3286 1259 1307 1272 4386 2379 1305 2914 4231
1751 3393 3672 1792 4716 3612 4227 4389 4557 540 2451 4312 3518 3813 2755 2681 862 734 4571 3763 3205 4697 1134 3290 628 3673 4016 3480 1535 3674 3998 3984 3131 4588 111 4080 3799 2257 902 1407 2511 4235 2203 802 4341 2416 3344 1386 1667 4592 4347 3337 4662 1949 1911 3253 1063 4966 54 1134 1765 3212 1951 542 4124 583 354 3306 2193 758 1076 3205 2905 495 2211 2344 2712 1773 4256 3137 2681 1327 1669 4919 1988 300 319 1262 2704 3647 215 3653 4804 3173 3376 919 4878 2723 586 3893 4897 1439 1293 4959 4644 4024 4323 1449 2639 2492 1792 1898 1690 3176 3781 4733 1246 631 1569 4113 939 364 1535 120 2155 3875 3423 3384 4911 3613 2763 2430 4473 2851 2796 703 338 1313 2268 2196
3895 1959 3894 4569 1552 1833 1344 274 288 2060 3562 4325 1809 3401 1678 533 1033 680 850 3490 4800 4969 3884 547 1494 2350 3170 905 2876 4350 2330 1811 1135 390 4851 535 1746 1679 3946 114 759 769 802 121 137 2286 4085 4620 3856 2751 2303 173 736 952 588 1525 1502 3927 77 3984 2969 1252 83 2993 3981 4092 2413 4325 762 3056 1851 391 4450 57 2565 1638 233 4211 247 1936 2546 1794 2236 1863 3059 2473 778 4618 3252 1300 1851 2022 4614 3101 1564 1872 2038 1068 2009 2053 4034 2524 2423 2718 2322 534 2186 2492 716 403 530 2137 3955 2544 1370 3078 4037 710 1761 950 23 2679 1314 3005 3088 4580 1563 4548 1594 740 1117 2863 2424 3666 2691 4113 4978 4933 4872 1365
169 2638 2537 2158 2890 3333 2712 2187 28 2675 2952 3273 3629 2009 4520 1096 4752 963 76 2255 2253 4364 597 86 2623 1660 236 4749 1737 230 4123 1131 1357 4770 3053 1777 2434 2836 3281 1840 1224 2256 4341 137 341 2166 4138 563 1339 4215 4465 2822 210 3319 1052 796 244 2758 4738 950 3041 3654 1517 3414 3834 2535 693 2759 995 4277 1745 1621 2683 2308 511 3679 3445 4538 3943 1364 1904 2330 4612 3345 470 1502 2038 1280 764 4886 3191 2261 4151 2130 4112 1847 1809 4758 70 4688 1077 3694 1282 718 3201 3899 4477 4614 84 2646 546 3937 2365 3619 3534 2656 1736 1048 3532 3846 804 4075 4928 4853 2257 2434 3079 156 4835 689 539 2798 4861 2210 350 3223 378 4028 2637 2898
2179 3361 4653 3893 304 2575 4505 1275 2451 1321 1822 4516 412 211 162 3478 2005 1157 673 4907 2624 200 1323 1983 1179 3790 868 833 2849 4101 2786 4204 3306 4264 2478 252 3773 2364 2747 1818 3768 1131 2416 2286 2166 513 3166 4902 702 1694 4988 1533 3278 2497 3904 403 4503 3362 3229 2924 3830 605 4537 2033 3208 4384 1174 1649 4468 3957 922 581 3681 3779 3717 670 4826 4061 1396 2310 2589 82 2723 240 2955 822 2016 117 1868 2068 3155 2380 2776 514 4262 4768 447 3849 4539 430 2586 4338 3671 3787 2247 4097 4003 65 1987 4550 3468 2395 1990 4819 1594 2068 364 4398 2068 4758 4921 4783 2266 2629 1058 42 1750 2644 4045 3010 3522 182 2904 1562 2195 4422 1289 2288 1294 3905
2099 62 288 1668 4702 2519 2525 967 4050 3921 2195 4401 1137 1849 1995 3284 1692 507 3457 4353 2213 464 1003 2223 243 943 797 4907 822 1404 2148 1193 1831 4515 4011 3613 4272 3140 1969 4175 883 4146 3344 4085 4138 3166 2866 643 3047 2167 20 2779 1797 4307 992 2978 1887 1807 3849 4129 38 4121 61 1559 3069 4860 4252 1481 3665 3056 1656 1235 501 3768 2771 1575 1463 451 1926 2498 2769 2535 4309 4927 4149 4862 1064 3927 988 3165 2841 1548 1781 3742 2698 4127 4412 727 2152 2037 829 2727 4628 381 853 2830 391 1916 4523 2167 3629 4517 1299 2819 4648 2329 654 452 974 1154 1355 4350 4525 1067 2069 2664 2167 301 194 3251 3628 1529 4165 638 1541 963 4140 690 1537 3360
1436 2093 3591 3429 4157 3142 4411 3573 2707 1497 2979 2210 4500 1570 2026 2512 2469 3845 2419 802 4110 3974 1101 1870 4928 1203 1394 2385 979 3437 795 1977 849 883 4376 1681 1934 1659 121 3170 563 2401 1386 4620 563 4902 643 2884 3420 2361 3047 836 2044 4116 3700 3105 3080 441 2606 4100 2460 786 1848 359 1118 4405 1916 3267 2024 4450 3381 2319 196 373 3927 1055 4308 3650 4028 1946 3163 4278 1235 2485 3894 4605 37 4270 408 4608 1416 4743 510 2780 4099 393 4074 960 74 2852 3136 3900 993 2754 24 511 3535 1185 3040 4666 4269 272 4459 2781 957 2699 2223 3852 1533 4518 4507 12 1038 1325 4921 1867 2033 87 4784 1306 1835 2704 4395 2714 3243 707 2083 2309 44 4171
3310 2144 2005 1975 2998 3997 3988 2758 320 2748 4627 1313 4869 905 2854 3612 1903 1069 625 2253 4718 2836 999 3568 2718 4959 1480 2786 1102 3328 3080 2301 4489 3793 3654 3029 1339 2336 2806 788 4838 156 1667 3856 1339 702 3047 3420 703 1118 1304 1913 1623 631 2697 2532 1900 2942 1316 1414 1998 3161 4536 578 4768 1706 3015 768 4975 893 4298 454 1513 4355 842 949 4178 3314 4075 1701 2768 517 871 4344 2563 4690 348 3865 4182 2117 808 1503 1280 1384 411 2138 2513 2524 569 4157 410 2571 613 3569 4717 1634 2199 3360 377 52 2975 1866 4487 2955 3282 2563 3708 4584 2876 182 3935 1074 3818 652 255 4521 1590 3138 3171 864 4247 3545 2275 1614 4951 2411 3756 2155 653 3176
404 4741 4615 4453 4003 4888 1121 1634 672 3567 3170 3797 4517 2184 3456 2265 2931 4032 2072 86 178 429 4761 67 1932 2730 207 3393 3468 815 641 4418 3066 3773 3886 1221 1021 811 3832 3945 3793 673 4592 2751 4215 1694 2167 2361 1118 277 4983 278 3203 3275 2542 3059 258 96 1692 1708 4152 1666 1074 4326 2687 735 1659 3186 2656 764 3006 4007 1144 2320 4772 1361 43 3017 2668 3074 2443 67 464 4876 1737 2426 2200 2089 33 388 1033 4663 3694 2990 77 634 3697 1753 3292 2890 914 4794 3968 1395 159 3708 4443 1276 2109 4760 181 2600 2506 55 172 244 1070 4155 2762 374 2490 2874 4332 2158 825 202 4472 699 4654 2028 2116 2050 4488 90 3825 4749 2556 2933 1913 1166
2583 182 3687 2189 2368 3534 2339 1136 3705 1798 1445 3206 4343 4553 3888 1076 988 4914 4346 2726 2760 4419 3994 3035 2899 4602 1715 1106 1529 4101 3705 3931 258 3756 4612 3853 1339 1326 4055 4215 934 3181 4347 2303 4465 4988 20 3047 1304 4983 2435 1144 4325 47 3627 3505 4663 4837 1468 4877 4349 1859 1373 4073 4073 3001 356 305 4421 305 2355 3981 3309 3680 1683 1650 4956 1900 4008 3295 4866 4681 2553 4257 2515 1908 3396 4850 2431 3518 1042 2845 4497 3372 4955 2340 2077 615 1752 1681 3355 974 2240 2216 3872 4357 1503 766 4384 3642 509 3084 1262 3857 1205 34 458 140 434 1795 3933 616 4299 3894 420 2364 4369 545 3538 4354 1921 1862 4358 4096 1406 288 3393 2981 4800 2814
2341 3180 3269 2010 3988 748 4041 2265 1656 1831 1053 2248 2658 1313 1313 4346 3297 4243 2571 3712 2377 3023 643 1208 2322 4075 937 1272 603 3593 3789 902 673 544 3120 1839 4892 3331 391 2851 3191 1614 3337 173 2822 1533 2779 836 1913 278 1144 2912 2432 3506 4289 2558 3918 3061 4885 46 344 28 1856 989 3336 3015 3352 3965 1956 419 4880 363 2084 2461 1041 396 2075 758 4475 1549 4368 38 4659 908 382 208 2857 2579 593 2485 3695 1160 3419 816 820 1329 978 2032 4308 3311 4910 904 558 2583 2948 4161 4970 4527 85 3933 973 739 1464 1428 3804 4274 3540 4538 4678 2058 2214 566 3457 3122 2056 3353 2387 3961 2455 2990 981 3383 3270 2191 1150 1661 3524 1178 1249 2725
2297 4587 863 3139 3687 446 2120 2269 529 277 1688 4577 1149 26 2495 3584 2208 140 4040 491 699 1646 3001 3645 416 1161 1309 2377 842 236 563 1298 4511 3112 954 2628 2575 584 2710 3403 1506 4027 4662 736 210 3278 1797 2044 1623 3203 4325 2432 3540 1325 4789 167 1138 2928 1889 1896 4177 540 4905 457 285 4614 1598 1938 2709 4927 1461 4698 906 443 3386 865 82 463 3235 1413 2816 3459 3775 1442 1888 155 1530 2806 4486 1489 3799 1669 3371 3529 4975 4272 4955 3546 4502 1379 2072 4061 657 1768 1224 3472 4534 3443 376 2841 2394 1214 1053 4585 88 4398 3569 1911 1558 3400 348 3712 143 578 547 2266 370 2837 4363 2672 196 2820 122 4628 1123 4473 968 2786 3706 4941
2415 2654 4269 2220 3947 1057 1560 4283 3954 2356 1970 574 3820 121 287 2985 4559 1828 3870 640 281 851 4552 68 4799 4813 1649 328 2743 266 3837 39 493 1284 4869 3661 3562 3436 4977 4618 4451 3955 1949 952 3319 2497 4307 4116 631 3275 47 3506 1325 33 1675 708 945 2275 3797 992 3970 337 1832 203 2834 2075 475 3231 4943 4519 4195 2216 3378 2699 2796 1535 745 212 1218 2239 4579 662 1502 4209 2512 1741 3131 3157 2368 789 3812 4331 658 4892 3547 4371 4012 2963 840 1541 4310 728 4516 1578 4830 4810 4523 2914 2425 3500 367 24 1236 2687 1562 1958 2145 2001 3404 3022 4707 1574 4166 498 4436 3464 2715 103 4765 1918 4034 1653 3599 4830 3586 423 414 4771 329 41
2966 1917 4127 4283 1668 2436 2238 1189 2864 461 1146 2594 4766 299 4339 4211 3143 2049 1530 4958 2819 1474 4469 3667 1399 4524 733 4693 4156 4240 1286 2515 3842 2384 4908 1834 1908 4090 876 2434 3900 1034 1911 588 1052 3904 992 3700 2697 2542 3627 4289 4789 1675 263 43 678 1082 890 1724 1990 4780 2101 4236 3031 1850 2986 715 2949 1501 1499 1253 2286 4612 2405 1653 785 4123 1984 1650 290 2306 4811 1284 3141 1089 4764 2610 4903 1482 3981 3874 461 2678 3721 495 1041 1198 1365 369 4733 580 4036 611 3235 4478 716 1470 2507 3880 3419 4499 836 2840 241 1011 890 242 467 797 399 2194 2459 3562 3180 2707 3487 4028 4837 4776 102 3704 177 104 918 3304 2961 1597 3129 4928
1307 1099 733 545 798 4569 4698 3538 971 843 903 2924 4669 4074 1339 2263 2539 4081 811 4128 746 4135 929 1607 2002 3528 12 2864 3037 930 4897 2161 373 193 1970 4626 3304 4805 3568 504 1822 3563 3253 1525 796 403 2978 3105 2532 3059 3505 2558 167 708 43 2841 3547 1131 591 3789 2259 2557 4233 449 2559 294 2156 2527 3069 3756 3025 4849 3818 1141 2871 3265 4919 2905 3924 3493 2404 3574 838 4192 4520 1952 3319 729 1396 3231 4703 3268 147 3430 4341 1849 3379 1145 4778 3354 183 2369 4092 4989 4133 57 4370 830 430 3269 3642 313 1258 1061 4264 2845 4577 573 791 4901 1429 1370 1514 3944 2317 1092 3132 2099 4776 1805 487 1600 1893 4515 3841 3331 1941 4763 2467 1265
582 3992 200 4801 2851 3262 4507 1509 1154 1193 1236 3632 3582 1926 971 1641 1759 186 1900 3514 1302 2341 3598 204 1029 1292 1650 4314 2090 1231 4437 1466 3766 3467 4108 46 540 171 3269 735 3681 511 1063 1502 244 4503 1887 3080 1900 258 4663 3918 1138 945 678 3547 4841 2391 1437 3682 2112 1096 1064 2734 3989 786 4484 2525 3928 2617 3696 2031 1539 3949 3680 3594 4103 4931 259 2455 2860 1050 881 3928 2666 2533 4093 3224 623 3002 3736 3605 3559 1960 1117 2625 2505 3355 4160 2193 4982 2787 3897 2707 656 2569 3424 4399 2304 3001 3102 4987 390 280 609 611 2912 4324 286 4294 1722 459 2078 4307 272 2939 3207 3154 3389 2770 773 4733 1621 1203 2635 1498 4705 4222 4476 509
4506 2306 665 4712 2663 1122 642 326 2913 3909 3053 3972 3575 2850 108 178 2263 2474 192 975 3818 4416 1660 2501 3802 590 4386 2596 2447 3649 3813 4885 3599 1233 3441 4914 1413 2545 3540 1739 4509 123 4966 3927 2758 3362 1807 441 2942 96 4837 3061 2928 2275 1082 1131 2391 4148 2249 4173 844 4795 1315 594 4063 4627 4024 3668 4449 2886 102 3566 4946 4257 120 4527 383 500 2346 2537 4658 3420 3614 1933 3472 2981 4729 107 85 2666 2002 2956 2816 4933 2253 4769 2556 1143 74 4187 2568 2786 4752 1908 664 3152 1181 3537 1499 175 2735 2841 3700 2411 2462 4783 3313 1173 76 2930 3977 4913 2413 1817 1703 1113 4987 2399 1583 3230 2682 2959 2475 885 4500 3197 1896 4689 1460 3768
3876 3049 1920 1968 3784 607 4637 3505 3844 2349 1354 4685 3479 4223 1216 207 4017 3679 2940 2716 4036 4042 4671 2506 4103 3901 3217 3487 685 177 3792 4497 2761 41 3156 4022 4779 163 4965 1113 3481 4646 54 77 4738 3229 3849 2606 1316 1692 1468 4885 1889 3797 890 591 1437 2249 1046 2073 4274 4519 3612 2832 3487 4010 2579 1085 289 627 3822 2882 4021 1781 3960 4132 4065 3750 3154 3290 3275 688 1630 4558 3815 4261 4256 366 4551 2588 101 3542 1735 4235 3787 2222 2546 2123 4493 3843 4046 2357 1429 3705 3102 4678 2007 1626 1856 352 4512 3587 4569 1601 1728 4734 4121 3785 1499 2502 4687 3444 2518 11 1530 1889 116 226 2506 3419 2593 3563 4714 910 123 3632 2706 703 4241 1238
1887 3916 3579 1772 2636 4343 2714 100 717 2186 2936 1635 460 4238 698 935 4438 1494 2984 3394 119 3160 1462 3848 2891 1183 1220 884 575 4793 242 2269 2487 2037 2342 686 4652 1046 152 2625 473 4150 1134 3984 950 2924 4129 4100 1414 1708 4877 46 1896 992 1724 3789 3682 4173 2073 1014 1563 3201 1173 2380 119 2905 2355 2585 2864 2555 4693 1064 4453 3242 2687 852 2709 2204 3084 4394 2683 4942 3755 1042 179 4745 4374 2191 3592 2804 4723 1820 2891 1986 3192 725 2149 4940 4614 2988 3968 2165 577 863 525 1648 4165 4590 2579 1249 56 4545 155 508 165 1235 2820 889 2170 682 3673 12 2517 4154 3032 3489 2094 4130 4584 3055 63 2629 3243 3346 3594 1948 3988 3352 2284 293
4227 1045 1357 637 1689 1892 95 3057 2771 1541 4829 2285 4516 514 4691 2139 3431 2610 4599 344 4449 947 3975 2463 2130 2773 3186 1688 1264 1015 3139 258 465 410 2616 4626 699 571 322 816 4640 4719 1765 2969 3041 3830 38 2460 1998 4152 4349 344 4177 3970 1990 2259 2112 844 4274 1563 1574 3795 3546 1231 395 137 2930 4269 4769 473 2396 3904 2497 3172 301 3111 42 2199 4034 3635 3429 2707 2164 342 2540 119 4777 4568 931 1429 4910 3041 2358 2784 3010 1722 4838 4561 960 761 445 2601 956 2695 4586 1306 2052 1799 21 1041 1070 4462 497 4917 1885 3469 2501 262 3373 4370 2115 4726 1215 2119 2744 745 3476 2389 2084 4503 2516 614 2922 2151 2356 3927 4612 4060 4240 3989
2261 2117 1278 698 154 3856 4841 1445 3383 183 1826 406 554 2658 2887 874 785 270 4684 3764 3497 4833 1145 1183 3220 2797 2447 176 3829 1918 1429 1310 2922 3217 1501 3572 4034 4100 3744 4174 4195 2898 3212 1252 3654 605 4121 786 3161 1666 1859 28 540 337 4780 2557 1096 4795 4519 3201 3795 2405 4599 2857 1081 4533 4729 2321 1332 154 3144 4564 249 1696 2924 983 761 3536 3086 1372 3314 652 2179 1276 4017 3251 4561 2417 138 4432 3775 1736 3215 107 940 2391 3203 4555 3909 4164 1521 558 4454 3462 2138 3676 1029 705 1635 986 51 2808 3082 2784 2007 845 2882 3142 451 4105 4597 2311 4760 2569 2821 4189 3515 2839 2444 1449 1300 944 4993 3990 3215 4769 3562 2587 3571 1874
1189 2231 934 3604 2137 3648 1715 3472 1816 1028 4159 3772 2483 632 2909 1242 2053 3690 3187 4902 4026 4307 1258 2902 4299 4938 2025 1104 4036 656 2778 1818 3318 3909 3549 2505 1566 1592 4324 3207 2837 990 1951 83 1517 4537 61 1848 4536 1074 1373 1856 4905 1832 2101 4233 1064 1315 3612 1173 3546 4599 3271 3819 1792 2736 1420 68 1824 811 3897 1775 4329 1228 4078 2968 3675 543 3449 352 691 4831 861 2995 1589 1764 4747 1443 4793 1045 4323 2939 4855 1786 2421 1280 3477 2326 771 4954 3524 4689 4294 4001 3686 600 832 3658 629 1888 421 2347 1447 2964 702 507 2860 1445 2016 3955 1473 1956 777 1084 1231 2053 2665 16 3136 889 4747 1510 2733 3955 4039 1314 3885 1141 2293 3237
3528 4346 263 1053 115 222 2827 3670 1888 4445 1097 2273 4273 4927 4818 1647 4815 1084 4035 1274 1050 4722 4491 4916 540 4809 1569 896 2727 4308 1241 3601 4335 4879 203 3097 4586 2411 756 4280 3494 816 542 2993 3414 2033 1559 359 578 4326 4073 989 457 203 4236 449 2734 594 2832 2380 1231 2857 3819 2778 1926 4585 320 4414 3013 4979 968 722 4798 714 1080 1285 2838 3082 4285 1853 3171 2737 1299 1145 833 3442 4118 3220 3997 1268 955 1082 3546 367 601 4527 879 3302 2318 4878 2106 3211 3390 4779 1616 4149 1887 544 1833 4813 3810 2283 4758 4142 3067 1631 2212 4264 3501 709 3927 2411 2828 2892 255 2282 645 2585 1282 3431 637 1993 3660 974 2068 1504 2489 3199 3550 2423
2746 314 163 190 1982 3588 1631 158 4998 1754 4692 1638 4235 358 1666 1393 1920 2074 1489 3812 2909 3046 998 496 2559 837 2487 895 2749 1117 4679 1766 2571 1961 3771 3900 2694 252 842 4716 3017 366 4124 3981 3834 3208 3069 1118 4768 2687 4073 3336 285 2834 3031 2559 3989 4063 3487 119 395 1081 1792 1926 4286 1988 3277 2002 1885 2561 2842 615 1351 3079 4814 1567 2302 3649 63 2137 2964 1947 1360 4773 1436 1592 2896 4955 4281 2084 1984 2077 4359 4680 493 3097 395 3408 2761 2925 3965 3844 2313 1713 3689 4038 1417 4998 3837 313 1538 1569 1520 952 2294 3057 4510 2934 597 3426 1235 3261 1832 3101 332 4194 1038 3531 3941 3847 1368 679 2807 1069 2388 3334 770 3396 4805 1694
3968 3259 279 3495 4996 949 1704 2236 4260 4752 3257 2707 4377 675 4771 4976 3734 115 690 3385 1590 4608 1893 1283 2738 1543 4331 4301 4759 3373 3991 96 4645 2792 658 1928 3245 3155 2383 609 3279 3137 583 4092 2535 4384 4860 4405 1706 735 3001 3015 4614 2075 1850 294 786 4627 4010 2905 137 4533 2736 4585 1988 475 2522 4864 3659 224 4880 3000 2724 756 3665 2049 3393 464 4504 4970 1531 266 2129 4994 4596 2580 2050 258 2813 2303 4467 4889 2869 4494 3698 4685 839 2583 2401 108 536 4202 2828 3191 3667 4345 66 2363 3842 3982 1597 3491 4390 1027 184 594 3360 4707 1381 2536 4118 2491 3718 1985 2396 1710 3958 1646 4906 1613 4391 3834 2577 1587 1577 3449 2660 4100 4582 2235
2797 4300 4260 3240 1241 2987 276 3598 2805 2012 3250 124 1558 2420 2386 413 1652 1373 4629 3156 4983 2870 3757 2976 1023 1720 1856 2375 2023 3057 4593 1221 3546 4376 516 3148 4708 1415 937 4199 4007 3891 354 2413 693 1174 4252 1916 3015 1659 356 3352 1598 475 2986 2156 4484 4024 2579 2355 2930 4729 1420 320 3277 2522 4743 1161 4212 4781 2625 3782 1771 2562 661 858 1647 1768 2998 4757 4063 4930 4618 4053 4250 1700 668 2796 2738 965 3139 4992 3595 3261 30 2289 4746 2794 4038 22 1417 2343 2990 4973 4381 3085 1642 3759 2985 3453 2479 40 643 356 4052 1998 2670 2040 2700 3953 1976 2090 103 1323 64 2150 608 4150 2746 4838 2042 4097 2972 897 3719 4870 3311 3350 1047 3877
3488 870 4428 1881 2368 4141 3069 3319 3278 299 2457 639 3115 2488 2309 563 1910 2235 3169 1945 950 1268 3938 4923 2694 4734 4602 2348 935 2907 3564 2139 3083 4585 2787 855 3260 4550 4374 2672 1111 3439 3306 4325 2759 1649 1481 3267 768 3186 305 3965 1938 3231 715 2527 2525 3668 1085 2585 4269 2321 68 4414 2002 4864 1161 2016 147 4985 3010 4307 3713 1620 2887 562 3771 1295 581 2928 4486 3382 1917 2324 1374 1515 1424 1969 4098 3063 4803 1287 4634 3532 4975 886 4501 4350 3507 3501 3876 3324 765 1184 3914 3681 2695 4883 3322 4015 2729 2467 4025 2126 1581 1663 1467 4025 456 4007 1028 2353 4569 3701 4245 4925 4751 429 4845 1499 2906 4370 3101 4770 2262 4993 3423 2045 1236 3091
3670 4575 1711 2701 3847 1315 3919 2731 3389 525 373 2033 443 199 3093 3768 4837 4167 1264 4629 653 3574 2915 3597 4886 1876 4640 3827 182 1560 1459 3668 333 4094 3823 685 118 1520 3313 3695 4943 2371 2193 762 995 4468 3665 2024 4975 2656 4421 1956 2709 4943 2949 3069 3928 4449 289 2864 4769 1332 1824 3013 1885 3659 4212 147 3395 1622 2576 2814 3423 3652 1490 3656 4229 2122 4964 387 179 2321 3811 382 3753 761 363 3361 1743 4666 3929 4114 2549 1606 4077 1826 2894 3357 601 3772 2195 333 3224 2629 1483 3550 4646 3312 3967 2721 4191 2950 998 4182 2006 4252 907 418 3729 4024 661 1872 922 4490 918 1243 1155 1331 431 4285 2554 4177 1460 3062 2759 788 4085 2269 1151 3845
2487 4498 1443 44 4418 2326 2846 2878 11 1387 4403 904 4157 1757 1479 395 2690 2043 3009 3011 4980 766 3799 4247 4835 3182 4913 3458 3779 387 221 225 4657 1263 4747 327 857 1708 2642 218 3111 4306 758 3056 4277 3957 3056 4450 893 764 305 419 4927 4519 1501 3756 2617 2886 627 2555 473 154 811 4979 2561 224 4781 4985 1622 2871 3695 1841 2256 420 3182 2897 1263 3017 1106 4056 4604 938 2204 1489 2206 1675 1027 4197 4590 677 4378 2900 4120 3356 3175 357 168 3285 1283 276 2010 535 1037 1230 1081 1889 590 4027 3999 1371 3515 4236 3385 3515 4637 2445 1714 218 1082 3614 540 4136 3633 3706 3723 486 4806 1848 3113 3622 4146 4489 4925 2318 847 2623 4311 2437 3193 399
3194 3607 2826 597 4111 668 2082 4085 892 1315 860 3306 68 3246 3407 2328 4400 4163 3048 4994 3322 1075 769 1977 172 3478 3456 2680 1665 61 4329 2679 2957 377 4476 3144 3607 4005 4571 944 4500 3249 1076 1851 1745 922 1656 3381 4298 3006 2355 4880 1461 4195 1499 3025 3696 102 3822 4693 2396 3144 3897 968 2842 4880 2625 3010 2576 3695 1471 4694 3307 1038 2092 1450 2695 958 4776 3685 1678 4198 2851 3698 4965 2881 3099 927 2273 2595 4464 2749 3215 48 3240 604 966 2800 2882 3144 63 3089 1226 1409 722 2107 1916 3723 2724 946 4844 1422 2815 4458 1880 465 2730 2552 1644 847 4479 616 2049 1533 3058 958 4899 2343 3689 4834 3532 2401 536 1163 2037 3785 40 41 298 4894
934 2171 4936 4690 4780 1685 87 4216 3559 4163 3715 3988 1618 4227 3623 152 4333 3405 4437 1275 4097 2359 2230 102 3621 675 3330 1213 4948 4894 3004 137 4522 4315 3640 691 4173 2972 604 4039 4202 679 3205 391 1621 581 1235 2319 454 4007 3981 363 4698 2216 1253 4849 2031 3566 2882 1064 3904 4564 1775 722 615 3000 3782 4307 2814 1841 4694 2435 3363 877 3336 4411 1001 1648 1120 3891 3941 2755 934 865 872 1669 1871 3058 815 3355 451 3211 3528 4229 542 3681 4878 1608 482 4715 2222 1240 667 1839 3540 2482 2791 61 2704 3209 11 707 1411 2625 2103 1952 1591 3500 820 4528 1498 2524 3805 3228 2373 618 2522 808 789 1001 3948 682 3062 1923 145 2863 1724 2620 276 4262
1906 3140 2253 4601 4247 607 3827 2545 488 4785 2122 4703 2860 2181 3798 3713 1229 4611 2047 525 887 2122 3801 4487 1438 2465 3127 3694 952 1177 951 3063 923 2204 2390 2673 2766 1985 3538 566 29 1491 2905 4450 2683 3681 501 196 1513 1144 3309 2084 906 3378 2286 3818 1539 4946 4021 4453 2497 249 4329 4798 1351 2724 1771 3713 3423 2256 3307 3363 317 173 778 4741 3212 3425 1202 4549 3863 651 2034 3222 1894 1420 3407 2620 4977 1220 3556 2587 4936 1285 4279 2356 4087 285 2387 1933 47 4587 1306 1835 4782 3030 4913 2267 1312 4874 2195 835 3171 2118 4444 486 615 2275 564 29 4424 4172 2587 4133 4808 541 4134 571 3649 4252 4869 4510 216 634 3219 4457 672 114 3882 1107
2090 716 3718 3845 491 1998 3418 3484 2962 1189 3632 2275 4325 1470 4195 3497 2387 1193 4557 3646 1804 2857 4073 3011 1251 1216 2083 841 1308 3101 4694 304 1910 3570 1793 660 284 2890 641 3602 3899 1281 495 57 2308 3779 3768 373 4355 2320 3680 2461 443 2699 4612 1141 3949 4257 1781 3242 3172 1696 1228 714 3079 756 2562 1620 3652 420 1038 877 173 629 2432 2792 852 113 4664 845 1036 3546 555 2964 4142 4941 148 193 4293 1320 1414 131 2728 3702 1580 2777 2606 2727 4596 1882 1948 2427 1908 3338 4226 1647 1455 3661 4751 1497 4613 616 3983 2284 2100 2049 2560 4581 4626 1666 493 3031 4575 1081 335 2705 2487 809 4700 1980 502 4509 1108 4397 1799 668 2387 2018 1650 3616
504 2909 4535 2529 1525 930 3505 299 3446 4316 2935 3032 3371 214 2303 677 2391 3762 1967 3960 265 3737 1053 2838 1375 3603 82 1286 1688 2772 4448 1352 204 4329 2457 3023 2117 3990 4481 1622 3304 4635 2211 2565 511 3717 2771 3927 842 4772 1683 1041 3386 2796 2405 2871 3680 120 3960 2687 301 2924 4078 1080 4814 3665 661 2887 1490 3182 2092 3336 778 2432 1802 4618 3004 3762 3174 4006 588 3509 3990 307 2980 2928 2701 2135 4982 3062 3101 616 1929 81 1630 4087 2251 4130 587 4077 4329 4748 951 4695 3769 3027 2894 4862 149 4277 1131 2300 4929 2775 1067 4529 4850 310 4482 3840 442 749 538 1271 4006 213 3605 2653 4393 1625 2140 4248 4288 4153 385 889 2229 347 1314 4185
4653 3727 3566 4272 2705 2686 2203 2446 2538 1606 1250 3825 4915 2823 3918 1027 4363 4858 2684 3216 3360 1395 1276 3748 491 659 135 2992 254 1158 3743 1703 2404 982 2048 2815 1733 3100 4901 390 2403 4439 2344 1638 3679 670 1575 1055 949 1361 1650 396 865 1535 1653 3265 3594 4527 4132 852 3111 983 2968 1285 1567 2049 858 562 3656 2897 1450 4411 4741 2792 4618 300 4798 2587 4560 1321 4139 240 2115 2465 755 1844 4785 3531 1374 3920 2769 238 4124 730 4189 2454 3768 1756 1790 450 4538 2469 1407 3553 2281 3771 4864 1330 3166 1561 4104 416 1143 3406 3311 2656 267 3272 4925 3534 2342 3160 1428 3834 2348 1034 350 471 2326 3128 2791 3922 2524 1196 3796 4459 3209 3431 3421 4155
2751 4125 3707 3739 211 2229 3724 708 2098 1748 4052 4629 4124 2439 2614 2617 4404 2919 2886 3469 2197 1246 1943 2869 640 234 3059 4586 2355 1179 3986 1787 4570 2293 2161 3531 314 3489 2915 3969 4952 2125 2712 233 3445 4826 1463 4308 4178 43 4956 2075 82 745 785 4919 4103 383 4065 2709 42 761 3675 2838 2302 3393 1647 3771 4229 1263 2695 1001 3212 852 3004 4798 658 3099 3064 4753 773 3176 1783 1972 3949 1361 4544 1570 173 2293 1888 2093 306 75 3685 2257 2007 2085 1876 271 1169 3263 1193 2681 4177 4952 105 3721 2822 3578 2710 1911 2391 2526 3430 74 1586 2514 4167 914 1112 2793 3820 580 65 1074 2200 2949 843 2254 4661 2948 663 2358 3766 670 3136 1731 974 4528
4633 3910 3227 4931 4534 2366 1362 4781 183 1576 4037 192 3501 952 2620 1029 4222 562 601 2335 3135 2971 508 2722 1284 3759 1865 712 2700 1866 3100 3964 342 4863 2157 1042 2014 2447 1434 3126 1810 4096 1773 4211 4538 4061 451 3650 3314 3017 1900 758 463 212 4123 2905 4931 500 3750 2204 2199 3536 543 3082 3649 464 1768 1295 2122 3017 958 1648 3425 113 3762 2587 3099 3689 4647 736 321 1391 3166 1181 4126 4638 2139 1283 2227 1415 2697 1439 4584 386 664 1712 3149 2222 4360 2561 2840 4779 3299 2859 2988 3709 4376 4454 4915 4612 3792 4273 3674 4253 2967 2154 4142 3182 2206 3802 3143 4122 1021 1407 3450 4890 2090 3569 4243 13 3356 1875 1599 3436 4713 4946 3216 2963 3908 1630
111 2648 3744 4843 4626 2701 3938 4895 2144 828 2624 207 683 2207 4935 1502 162 3651 1189 2507 3867 3809 446 4085 4848 1930 3407 3093 4225 4339 653 2218 1805 3731 3889 3295 1495 43 4897 2679 3253 3388 4256 247 3943 1396 1926 4028 4075 2668 4008 4475 3235 1218 1984 3924 259 2346 3154 3084 4034 3086 3449 4285 63 4504 2998 581 4964 1106 4776 1120 1202 4664 3174 4560 3064 4647 4126 4885 693 4277 2320 2656 1449 2249 1942 1954 1248 4855 3938 653 4124 2558 1237 4508 968 2479 192 4881 2224 3903 2022 1745 4731 1702 4678 4542 4431 3478 524 2872 3390 4340 4287 4219 3957 1223 4541 1784 3716 1137 3509 3318 1836 2688 404 32 2463 1562 3025 167 158 3177 604 895 2481 1413 969 2050
2912 466 611 2930 4462 1318 3604 1079 1093 2405 4163 1549 996 1536 2010 3841 1493 1073 766 3206 1789 2500 4256 3455 3484 1863 3050 690 344 3013 3297 4788 3684 3100 847 3622 4115 4656 2281 2213 324 946 3137 1936 1364 2310 2498 1946 1701 3074 3295 1549 1413 2239 1650 3493 2455 2537 3290 4394 3635 1372 352 1853 2137 4970 4757 2928 387 4056 3685 3891 4549 845 4006 1321 4753 736 4885 2867 1444 2030 1392 4235 1169 3524 4833 913 2711 1727 399 1520 533 4702 4601 2602 1785 26 1760 3187 720 3995 2651 3399 4705 4353 3942 3378 1459 3628 845 3891 1038 3923 2365 214 3318 1526 3931 4150 3038 2328 4479 3852 3145 3433 4742 1641 2317 3139 2499 3862 3994 1263 2886 2966 3271 4775 3141 4812
4368 1704 613 493 4902 3971 1241 967 4998 3511 1828 3663 4003 2807 4751 4085 2833 4460 2336 378 1125 4422 310 2122 4809 4708 4421 4469 4574 2525 4979 1507 4815 4790 1083 4291 1949 953 3925 221 3104 1939 2681 2546 1904 2589 2769 3163 2768 2443 4866 4368 2816 4579 290 2404 2860 4658 3275 2683 3429 3314 691 3171 2964 1531 4063 4486 179 4604 1678 3941 3863 1036 588 4139 773 321 693 1444 907 2929 2429 1252 4252 3996 4190 4520 1886 4157 1751 31 3055 2029 3036 168 3641 379 1366 1273 4631 1072 2813 2344 4595 1128 1377 3154 2938 3625 2989 1075 2853 154 2203 4713 3593 4241 1110 3462 1985 4938 2079 2369 4797 379 3808 1414 898 3068 2812 2230 2490 3696 616 4604 237 3194 4791 316
1938 2759 3112 2551 3810 1945 484 936 4751 621 2589 2083 2993 2106 4911 4736 779 4806 2190 3317 2094 745 2415 1837 2376 3337 2922 2434 841 4188 2100 4848 4210 3189 3353 1665 4954 4379 2641 748 4038 3169 1327 1794 2330 82 2535 4278 517 67 4681 38 3459 662 2306 3574 1050 3420 688 4942 2707 652 4831 2737 1947 266 4930 3382 2321 938 4198 2755 651 3546 3509 240 3176 1391 4277 2030 2929 3235 2624 3130 4827 3595 2096 380 127 1960 4631 2153 2756 455 1888 2953 4852 4996 4495 4930 941 249 4505 3105 2428 2509 4378 1164 632 882 3024 3363 4034 857 4110 1491 523 2550 1319 2562 96 890 753 3594 268 4441 2553 4346 1889 1701 3252 4010 423 4635 320 1595 4059 4201 187 3418
1995 3806 936 3808 1105 3259 4387 1911 2254 4931 2418 1395 722 3922 4055 4552 742 896 3376 3459 3695 173 2422 1221 2121 1695 2449 3292 4588 941 2886 4599 2629 1320 223 316 4907 156 4654 4430 583 2923 1669 2236 4612 2723 4309 1235 871 464 2553 4659 3775 1502 4811 838 881 3614 1630 3755 2164 2179 861 1299 1360 2129 4618 1917 3811 2204 2851 934 2034 555 3990 2115 1783 3166 2320 1392 2429 2624 2219 2652 1941 1444 2793 718 1496 4641 1953 2913 3229 4072 1373 1606 2345 4721 4844 1803 1131 1116 4556 1313 2504 4879 1309 315 4642 1800 804 4668 1014 2116 3607 966 3620 1378 4877 4097 3031 3154 3217 1306 1970 3311 4904 2792 4161 1266 3835 3839 1089 3681 4435 4436 38 2292 4095 963
3365 3605 1563 320 776 909 3230 3857 3514 3392 2565 1650 4957 2310 563 2633 3375 949 1927 2278 2334 1422 4031 4206 2746 597 2013 3776 3487 3086 913 1926 770 149 4759 2446 4555 1056 1422 4622 805 3644 4919 1863 3345 240 4927 2485 4344 4876 4257 908 1442 4209 1284 4192 3928 1933 4558 1042 342 1276 2995 1145 4773 4994 4053 2324 382 1489 3698 865 3222 2964 307 2465 1972 1181 2656 4235 1252 3130 2652 371 930 1048 2917 308 416 4963 631 2696 2916 4047 2647 230 4269 219 2771 2722 3099 4124 3476 3085 1432 861 2652 1401 3421 1413 2493 4071 1207 890 2875 3874 1222 2426 1310 3159 1901 3159 4803 521 647 1773 4909 2679 4597 3598 2128 2452 2553 2300 1206 470 1773 1961 3413 3155
992 2376 3455 3696 4029 332 1571 4935 3192 635 814 2928 4503 2351 4232 2038 4240 4627 117 37 1072 1957 4277 1601 953 4868 3496 4509 1513 2120 3717 2312 2494 802 4113 380 2262 382 2763 1284 2434 2537 1988 3059 470 2955 4149 3894 2563 1737 2515 382 1888 2512 3141 4520 2666 3472 3815 179 2540 4017 1589 833 1436 4596 4250 1374 3753 2206 4965 872 1894 4142 2980 755 3949 4126 1449 1169 4252 4827 1941 930 2144 2552 108 4545 839 1034 2605 1106 755 3356 2898 2578 2320 1530 2081 1657 130 3660 3882 4792 2768 1519 3188 2826 3444 3113 1848 1242 3819 3747 1748 4239 3902 477 4700 3186 4849 3248 300 1955 2222 2717 125 535 4601 1323 3816 2955 2842 2526 162 4578 4987 1013 2017 1062
41 1781 1817 963 3207 3167 3191 1469 2299 210 4669 3840 2360 2641 2487 3692 117 3587 1935 3330 62 4170 3733 1931 2731 269 4158 1972 105 4033 4429 2723 1107 2119 551 3514 2993 3187 2723 237 1264 3295 300 2473 1502 822 4862 4605 4690 2426 1908 208 155 1741 1089 1952 2533 2981 4261 4745 119 3251 1764 3442 1592 2580 1700 1515 761 1675 2881 1669 1420 4941 2928 1844 1361 4638 2249 3524 3996 3595 1444 1048 2552 3936 2101 715 4060 3756 2294 3034 1035 1051 236 4518 3916 923 2151 792 4897 4150 4510 1051 2930 1573 4588 2438 1430 1839 1684 2965 3276 2390 3617 3656 2087 2487 3043 598 234 3578 2915 1035 2018 4481 2757 1584 3043 3539 1932 1838 376 88 1746 332 4447 2752 2964 2311
771 4003 4361 4901 1041 4728 858 149 3440 4644 1818 2332 1228 2618 1181 1893 1885 4391 2193 4009 1096 3779 427 3605 2027 4693 4871 3382 4015 36 1350 1583 4998 1369 1472 1301 852 951 696 3627 1873 1056 319 778 2038 2016 1064 37 348 2200 3396 2857 1530 3131 4764 3319 4093 4729 4256 4374 4777 4561 4747 4118 2896 2050 668 1424 363 1027 3099 1871 3407 148 2701 4785 4544 2139 1942 4833 4190 2096 2793 2917 108 2101 3854 3598 21 4223 3645 4984 4946 3262 278 302 4057 1386 4211 1751 3515 3191 3059 4708 4808 4756 4741 3917 4466 3441 2121 3228 2056 755 1276 663 3127 2680 4920 4292 2304 2696 4514 4497 4371 1024 1135 90 3126 1648 2198 3807 1317 1569 3722 4417 2947 3519 4084 1957
3187 3178 1867 1768 3822 4886 247 2363 3926 2827 4484 3676 653 2252 3790 1772 364 3728 4071 2916 3984 2487 1546 4326 4516 4646 1525 2933 645 1959 1552 4530 2031 2748 1093 4687 1616 788 678 4722 726 4821 1262 4618 1280 117 3927 4270 3865 2089 4850 2579 2806 3157 2610 729 3224 107 366 2191 4568 2417 1443 3220 4955 258 2796 1969 3361 4197 927 3058 2620 193 2135 3531 1570 1283 1954 913 4520 380 718 308 4545 715 3598 1634 4828 2640 884 1977 258 2672 2881 2139 975 1609 435 2831 1161 1092 3942 444 3637 1574 3718 728 820 2922 2499 945 1125 1796 445 3518 500 534 719 900 4145 4461 211 3197 4447 3068 3425 3673 2666 3470 4744 4665 4066 1812 2678 3649 2618 157 2623 4156
375 3487 3085 3973 3414 3838 1086 1739 778 2769 4453 3277 224 3136 2818 772 810 359 3415 576 1583 807 2669 4682 3637 3557 3341 3497 4801 3464 3918 1059 4704 4327 4226 3502 2818 1489 1828 4547 1316 1003 2704 3252 764 1868 988 408 4182 33 2431 593 4486 2368 4903 1396 623 85 4551 3592 931 138 4793 3997 4281 2813 2738 4098 1743 4590 2273 815 4977 4293 4982 1374 173 2227 1248 2711 1886 127 1496 416 839 4060 21 4828 1763 303 2599 2360 931 1291 4572 1355 3847 4363 3050 1093 4128 1561 3297 2045 1884 4966 2492 1188 2183 3648 3325 974 4610 4498 4589 446 3972 1057 2716 2185 4261 4803 3761 1836 3816 1534 2396 2591 4540 2649 4404 4773 4124 1410 226 743 3266 2514 4498 3950
3190 2255 2615 402 76 3573 1058 3621 632 4384 896 2486 3725 2913 1015 3782 4336 4854 3564 1569 1295 2245 2243 2458 2107 1970 58 1884 2316 4552 1994 554 3165 2363 2757 1584 1032 2369 2668 314 785 2073 3647 1300 4886 2068 3165 4608 2117 388 3518 2485 1489 789 1482 3231 3002 2666 2588 2804 1429 4432 1045 1268 2084 2303 965 3063 4666 677 2595 3355 1220 1320 3062 3920 2293 1415 4855 1727 4157 1960 4641 4963 1034 3756 4223 2640 303 4955 2831 1046 764 1247 2585 2966 2540 2897 3012 3106 316 466 3277 3988 1185 1614 3285 3258 3617 605 3612 504 677 3667 3383 3362 2533 4531 1498 2604 3810 178 4474 2938 3048 4553 4474 1202 3151 3566 4356 2966 677 4263 3659 4605 1052 3258 4274 3142
309 1918 608 3847 175 3621 2098 4242 1253 2232 3982 3465 4840 2396 3774 141 4790 4818 1590 4787 4260 1275 3047 3046 2425 1573 3167 1380 2550 2425 4156 2531 4053 1641 2983 950 1848 1850 882 214 792 3706 215 1851 3191 3155 2841 1416 808 1033 1042 3695 3799 3812 3981 4703 3736 2002 101 4723 4910 3775 4323 955 1984 4467 3139 4803 3929 4378 4464 451 3556 1414 3101 2769 1888 2697 3938 399 1751 4631 1953 631 2605 2294 3645 884 2599 2831 4768 2148 353 4661 1231 3538 1062 4235 3886 2767 2275 3151 762 3055 3974 3180 1605 75 3382 3224 3782 533 2386 508 3179 989 427 4020 2778 2558 1960 4236 4981 3916 4890 4286 962 3537 2787 4358 4401 4802 2716 3662 1644 1487 49 291 1857 1250
599 842 2048 3552 1538 1271 1268 2323 2566 4455 2602 1615 3596 1830 603 3246 2126 3879 119 4147 2221 3326 819 2655 3665 994 3389 4844 360 3618 1530 2968 1906 2145 496 1576 316 4917 3724 532 98 2951 3653 2022 2261 2380 1548 4743 1503 4663 2845 1160 1669 4331 3874 3268 3605 2956 3542 1820 3041 1736 2939 1082 2077 4889 4992 1287 4114 2900 2749 3211 2587 131 616 238 2093 1439 653 1520 31 2153 2913 2696 1106 3034 4984 1977 2360 1046 2148 4702 4525 1626 268 4029 4536 4823 4800 1289 2459 3215 4784 179 1293 2249 3142 1660 4567 4399 2163 1757 1733 3117 2226 4045 2134 2964 485 278 1209 1450 171 4138 4041 2014 1785 2218 1057 3515 1457 538 3973 2105 1153 1819 3582 1679 244 1922
523 2980 4045 4350 2729 1858 653 3732 2256 1783 4397 2761 2492 869 549 1032 2648 2042 3096 1898 1123 518 3473 724 1035 172 1924 2821 133 745 2189 286 2123 740 2468 292 1176 1935 1930 3057 2960 3425 4804 4614 4151 2776 1781 510 1280 3694 4497 3419 3371 658 461 147 3559 2816 1735 2891 2358 3215 4855 3546 4359 2869 3595 4634 2549 4120 3215 3528 4936 2728 1929 4124 306 4584 4124 533 3055 2756 3229 2916 755 1035 4946 258 931 764 353 4525 2031 4181 4836 1986 2801 2976 3909 2820 1464 3838 2928 2761 796 4226 2604 3580 2690 3463 3409 1661 1020 2148 364 4287 2308 2909 3738 2963 1436 1970 2099 3185 4799 4871 234 4627 1168 4666 3567 4731 679 972 1966 3019 4281 4653 312 4744
2791 452 2610 4218 2992 2536 987 2483 636 1251 4484 1707 2672 4381 2340 2878 1976 3295 3977 481 364 2438 2504 2215 3286 119 3228 3096 2725 3639 1941 3833 2853 2733 4242 1910 2694 169 109 4802 4198 1421 3173 3101 2130 514 3742 2780 1384 2990 3372 816 3529 4892 2678 3430 1960 4933 4235 1986 2784 107 1786 367 4680 4494 3261 3532 1606 3356 48 4229 1285 3702 81 730 75 386 2558 4702 2029 455 4072 4047 3356 1051 3262 2672 1291 1247 4661 1626 4181 615 3126 4298 4225 3280 2731 2707 724 55 3583 4100 417 1031 1945 231 1481 755 1793 399 1914 3695 2493 1437 2218 3233 4096 4685 4010 1904 2452 4430 4235 4875 2765 4885 2520 2924 81 1605 4552 4393 1656 1657 534 1268 1100 3958
2924 2646 2589 2333 1505 1914 398 4392 4636 385 623 700 1118 3501 3155 4069 4989 1981 2644 311 99 1739 3735 1262 3417 2857 2777 2262 1668 526 4615 3496 4985 3028 3333 1648 1976 3024 1151 3671 2058 1609 3376 1564 4112 4262 2698 4099 411 77 4955 820 4975 3547 3721 4341 1117 2253 3787 3192 3010 940 2421 601 493 3698 30 4975 4077 3175 3240 542 4279 1580 1630 4189 3685 664 1237 4601 3036 1888 1373 2647 2898 236 278 2881 4572 2585 1231 268 4836 3126 2608 2035 3315 4588 1896 4843 3549 772 2824 502 3487 3836 1005 1536 957 2173 3436 930 4694 4835 1881 640 2192 2571 4756 894 349 2684 4356 2066 4887 1577 3355 4260 1949 1342 1059 1803 1456 1654 1205 3488 3488 527 4252 4739
987 4657 4451 935 4464 2399 4396 1417 3715 4836 4519 1432 2150 995 270 1658 2754 141 3324 3028 529 3210 1899 3324 4034 2793 661 2116 2156 285 2587 661 4072 4711 2981 2585 2738 622 4399 4853 654 1954 919 1872 1847 4768 4127 393 2138 634 2340 1329 4272 4371 495 1849 2625 4769 2222 725 1722 2391 1280 4527 3097 4685 2289 886 1826 357 604 3681 2356 2777 4087 2454 2257 1712 4508 2602 168 2953 1606 230 2578 4518 302 2139 1355 2966 3538 4029 1986 4298 2035 4087 833 1784 1156 1000 189 4191 3195 4502 2182 4967 4949 4263 4000 3578 1037 4257 1663 2309 3716 4493 4329 1826 2891 553 1508 822 3703 491 903 4514 1318 447 315 646 1866 4086 1032 3706 4553 2604 3542 4139 139 4554
4414 3850 4381 1614 4365 4129 2104 33 681 3038 3399 760 1298 3341 3146 4309 2557 178 4150 3321 4215 4635 4633 4032 1016 3857 735 3482 1143 2780 1308 2176 4895 3496 906 4857 2181 930 3104 1583 2664 1892 4878 2038 1809 447 4412 4074 2513 3697 2077 978 4955 4012 1041 3379 2505 2556 2546 2149 4838 3203 3477 879 395 839 4746 4501 2894 168 966 4878 4087 2606 2251 3768 2007 3149 968 1785 3641 4852 2345 4269 2320 3916 4057 975 3847 2540 1062 4536 2801 4225 3315 833 270 1701 2108 4713 1735 173 2993 1781 4822 868 352 2271 411 4010 2674 2039 4022 1069 4268 93 1825 3403 4995 3144 1735 4975 1398 1972 2116 1328 832 3977 2921 138 3507 816 985 2532 3114 3602 3257 493 2678 1689
1317 3148 3085 4495 4492 605 933 3691 3500 350 877 3501 2392 4418 2191 838 2385 4863 2655 2963 1433 1322 3075 1836 2376 692 915 1543 3015 4364 901 915 3700 2933 290 3508 1418 3492 2946 3235 3368 3828 2723 1068 4758 3849 727 960 2524 1753 615 2032 3546 2963 1198 1145 3355 1143 2123 4940 4561 4555 2326 3302 3408 2583 2794 4350 3357 3285 2800 1608 285 2727 4130 1756 2085 2222 2479 26 379 4996 4721 219 1530 923 1386 1609 4363 2897 4235 4823 2976 3280 4588 1784 1701 4394 4605 852 4899 3628 1689 4968 3892 3407 3400 1075 4463 3259 2271 3960 101 196 2252 4486 3291 2404 3735 3929 2391 241 1006 4595 744 2408 1189 858 917 1509 1553 3987 4116 3722 910 3465 4755 999 133 299
1329 1444 1202 3538 4810 1834 205 1135 3371 2786 2010 817 3983 3493 2100 3612 3426 218 1993 3639 312 1915 4683 1735 2218 2808 3692 2805 2085 1104 2116 4586 3005 2854 3508 1189 4407 391 2163 3407 4610 4210 586 2009 70 4539 2152 74 569 3292 1752 4308 4502 840 1365 4778 4160 74 4493 4614 960 3909 771 2318 2761 2401 4038 3507 601 1283 2882 482 2387 4596 587 1790 1876 4360 192 1760 1366 4495 4844 2771 2081 2151 4211 435 3050 3012 3886 4800 3909 2731 1896 1156 2108 4605 3953 2705 3726 1336 3983 4677 2420 1480 4000 3570 4621 2898 568 1390 3490 1661 791 1454 616 2815 2633 2615 4089 1670 3929 4663 2319 352 3644 4264 3707 1280 2182 4019 3512 3299 3456 536 903 4279 844 3399
3740 4601 4060 2361 2611 115 879 666 4039 2052 3738 1098 4782 3860 416 1353 1871 1833 4713 4176 3544 1037 3759 2008 1288 1484 773 1341 4777 1460 3222 3118 659 2117 2889 920 429 2218 2078 2895 193 3695 3893 2053 4688 430 2037 2852 4157 2890 1681 3311 1379 1541 369 3354 2193 4187 3843 2988 761 4164 4954 4878 2925 108 22 3501 3772 276 3144 4715 1933 1882 4077 450 271 2561 4881 3187 1273 4930 1803 2722 1657 792 1751 2831 1093 3106 2767 1289 2820 2707 4843 1000 4713 852 2705 1892 1106 2042 127 846 1721 3498 4386 4255 2945 1949 4297 2985 556 4872 2049 215 4935 1724 223 254 4573 1692 54 4748 3761 3296 228 3295 606 4810 1362 1236 1454 3485 3267 3060 4851 3057 851 2378
3822 1443 731 1690 2895 2264 1758 3158 4944 2314 2811 4125 1386 143 3966 1733 3332 1854 889 2617 2621 1888 1444 2200 1841 3327 2322 2999 1159 4980 3402 2999 3475 3114 4007 141 1920 3997 2859 4624 3974 4297 4897 4034 1077 2586 829 3136 410 914 3355 4910 2072 4310 4733 183 4982 2568 4046 3968 445 1521 3524 2106 3965 536 1417 3876 2195 2010 63 2222 47 1948 4329 4538 1169 2840 2224 720 4631 941 1131 3099 130 4897 3515 1161 4128 316 2275 2459 1464 724 3549 189 1735 4899 3726 1106 586 2325 4466 2494 4027 4216 2619 1729 751 3808 2957 2823 4978 566 2044 723 1562 3179 530 501 1970 611 1036 3765 2606 2378 1092 4981 448 4210 1272 3141 1283 4927 2642 4229 1863 4566 3636 4688
2248 4140 557 559 1226 3419 4116 2137 3365 799 416 4882 4522 220 1725 3200 3333 1650 3600 4683 3936 3053 4001 4338 1007 4345 4311 2889 2991 1255 1786 88 633 4352 1014 3976 2855 2661 588 2508 3155 4080 1439 2524 3694 4338 2727 3900 2571 4794 974 904 4061 728 580 2369 2787 2786 2357 2165 2601 558 4689 3211 3844 4202 2343 3324 333 535 3089 1240 4587 2427 4748 2469 3263 4779 3903 3995 1072 249 1116 4124 3660 4150 3191 1092 1561 466 3151 3215 3838 55 772 4191 173 3628 1336 2042 2325 4405 4309 197 2606 2354 2103 1877 2543 1493 749 1838 4059 2613 3300 4380 1906 1605 1236 3416 2629 528 1223 2353 1083 2982 750 1854 1921 1691 3411 1516 1082 134 4747 3918 1509 3276 2377 3412
2842 2156 2973 1984 4180 4775 2623 2187 1647 1104 3373 4441 3239 3495 1170 1258 3999 3899 1337 4937 3188 2365 4191 3906 699 2291 2032 2446 2743 4361 2698 3319 3509 649 4444 1375 528 4466 2606 1700 4505 1977 1293 2423 1282 3671 4628 993 613 3968 2240 558 657 4516 4036 4092 3897 4752 1429 577 956 4454 4294 3390 2313 2828 2990 765 3224 1037 1226 667 1306 1908 951 1407 1193 3299 2022 2651 2813 4505 4556 3476 3882 4510 3059 3942 3297 3277 762 4784 2928 3583 2824 3195 2993 1689 3983 127 4466 4309 4206 4340 992 3671 850 3601 4264 2315 4122 4377 2578 4681 2954 114 3888 3266 3058 3986 130 3497 718 360 2480 344 2050 3827 3512 1143 2431 1275 2889 1741 447 2110 878 47 4822 626
4720 3647 1659 134 4611 785 3264 4613 233 1372 3804 2447 13 2865 120 501 1758 2356 4377 3616 3263 1925 4020 4244 2271 1385 4554 4522 2326 4692 2395 4762 373 3994 4439 213 4659 2380 3419 2027 3697 1709 4959 2718 718 3787 381 2754 3569 1395 2216 2583 1768 1578 611 4989 2707 1908 3705 863 2695 3462 4001 4779 1713 3191 4973 1184 2629 1230 1409 1839 1835 3338 4695 3553 2681 2859 1745 3399 2344 3105 1313 3085 4792 1051 4708 444 2045 3988 3055 179 2761 4100 502 4502 1781 4968 4677 846 2494 197 4340 2860 1480 3045 484 4011 2987 2999 4595 275 3344 1717 2670 3161 3711 4973 4343 1191 2375 2953 2898 3619 4165 648 69 405 2978 1190 2670 4378 119 3517 3229 1631 2528 3953 2118 120
478 3702 4948 3606 2361 3854 4741 4281 889 2576 3607 4323 4927 2356 3092 399 3362 2923 1399 1419 1301 3636 4755 1481 3024 4125 4366 269 1913 2844 1990 3067 1855 1573 1750 2585 2506 296 1900 2356 354 181 4644 2322 3201 2247 853 24 4717 159 3872 2948 1224 4830 3235 4133 656 664 3102 525 4586 2138 3686 1616 3689 3667 4381 3914 1483 1081 722 3540 4782 4226 3769 2281 4177 2988 4731 4705 4595 2428 2504 1432 2768 2930 4808 3637 1884 1185 3974 1293 796 417 3487 2182 4822 3892 2420 1721 4027 2606 992 1480 3883 3610 4120 573 1211 170 1039 223 3389 4424 388 4116 2355 2156 959 2391 2077 87 4888 1916 3649 3592 4509 1844 103 2222 30 2184 1550 4518 2017 3239 1972 2563 4475 1752
663 3941 1392 1759 3620 4185 2947 1818 2435 3086 2929 105 2548 2359 2387 105 1420 1717 2327 28 3758 2466 1616 2857 3743 669 776 3820 4025 4681 2551 3466 4977 1846 2329 1406 4314 1673 3858 4316 2289 1133 4024 534 3899 4097 2830 511 1634 3708 4357 4161 3472 4810 4478 57 2569 3152 4678 1648 1306 3676 600 4149 4038 4345 3085 3681 3550 1889 2107 2482 3030 1647 3027 3771 4952 3709 1702 4353 1128 2509 4879 861 1519 1573 4756 1574 4966 1614 3180 2249 4226 1031 3836 4967 868 3407 1480 3498 4216 2354 3671 3045 3610 44 1515 2767 2768 364 1987 2115 3151 165 1265 2806 1723 4691 3467 1688 4864 4763 4471 2136 1012 1470 2780 3941 3762 3052 2704 1762 2243 2903 2672 1295 2380 2714 410 156
4307 3172 464 2694 3469 1119 834 4122 3202 3860 4483 4793 3883 4616 244 261 1212 4896 3265 1704 3649 136 3676 969 609 3782 1506 98 4776 2210 2792 1374 4070 4457 3182 2710 3324 1957 1631 4334 3381 1512 4323 2186 4477 4003 391 3535 2199 4443 1503 4970 4534 4523 716 4370 3424 1181 2007 4165 2052 1029 832 1887 1417 66 1642 2695 4646 590 1916 2791 4913 1455 2894 4864 105 4376 4678 3942 1377 4378 1309 2652 3188 4588 4741 3718 2492 3285 1605 3142 2604 1945 1005 4949 352 3400 4000 4386 2619 2103 850 484 4120 1515 4226 206 1397 2308 4222 4856 3291 2717 3625 4925 4040 3874 4073 2465 400 1324 3330 1776 4464 2933 1067 4501 1402 3179 625 4437 97 43 1430 167 4103 2036 3177 3777
4665 1432 649 974 3392 605 3619 2940 3675 2593 339 146 2182 2879 3552 728 4674 2378 182 72 2150 3814 3551 3841 1305 2043 4577 2518 3687 4875 1842 2506 3424 248 1573 1705 1722 627 3697 4182 445 4472 1449 2492 4614 65 1916 1185 3360 1276 766 4527 3443 2914 1470 830 4399 3537 1626 4590 1799 705 3658 544 4998 2363 3759 4883 3312 4027 3723 61 2267 3661 4862 1330 3721 4454 4542 3378 3154 1164 315 1401 2826 2438 3917 728 1188 3258 75 1660 3580 231 1536 4263 2271 1075 3570 4255 1729 1877 3601 4011 573 2767 206 634 1046 117 2234 4365 1734 2644 3334 4989 4163 1636 3587 2851 236 2068 139 1212 1172 793 4509 4438 731 100 4925 1324 319 4113 4487 2456 4363 3263 2194 1032
4365 641 2623 3535 1284 2402 712 1202 4988 757 2316 4768 2417 2474 4235 2485 452 4844 2285 3441 3693 3657 1122 2253 4904 233 3041 4210 1855 563 682 1185 1911 2756 3772 126 1964 4324 1917 3255 4587 540 2639 716 84 1987 4523 3040 377 2109 4384 85 376 2425 2507 430 2304 1499 1856 2579 21 1635 629 1833 3837 3842 2985 3322 3967 3999 2724 2704 1312 4751 149 3166 2822 4915 4431 1459 2938 632 4642 3421 3444 1430 4466 820 2183 3617 3382 4567 2690 1481 957 4000 411 4463 4621 2945 751 2543 4264 2987 1211 2768 1397 1046 1129 2149 2692 1916 1221 3845 4015 1435 1181 1628 4199 2721 3535 3329 2252 4820 432 2697 1838 158 518 1784 2838 2702 3433 1450 3389 3308 416 2729 2834 1370
2143 2485 2281 977 2569 3292 2530 3508 1956 4956 2039 2235 4440 2789 4293 3827 1304 2234 2106 3428 1784 2620 3576 2369 4343 159 2259 245 3333 1864 2041 2060 3934 4387 3513 2914 4715 3473 3751 725 18 3783 2492 403 2646 4550 2167 4666 52 4760 3642 3933 2841 3500 3880 3269 3001 175 352 1249 1041 986 1888 4813 313 3982 3453 4015 2721 1371 946 3209 4874 1497 4277 1561 3578 4612 3478 3628 3625 882 1800 1413 3113 1839 3441 2922 3648 605 3224 4399 3463 755 2173 3578 4010 3259 2898 1949 3808 1493 2315 2999 170 364 2308 117 2149 2136 936 911 93 4443 4856 3315 736 4699 2544 4688 3429 752 1742 1263 654 4929 3550 1627 2344 4968 3500 408 4213 579 1061 2818 463 3018 4215 1345
4256 3747 3358 4811 721 4110 3110 1050 159 1186 3619 800 3927 4910 2760 4899 161 178 3273 1666 1863 3113 3554 3135 4323 2014 4734 1713 3347 1733 3681 4853 3242 4134 1223 1213 3766 1790 1628 4848 1834 2181 1792 530 546 3468 3629 4269 2975 181 509 973 2394 367 3419 3642 3102 2735 4512 56 1070 51 421 3810 1538 1597 2479 2729 4191 3515 4844 11 2195 4613 1131 4104 2710 3792 524 845 2989 3024 804 2493 1848 1684 2121 2499 3325 3612 3782 2163 3409 1793 3436 1037 2674 2271 568 4297 2957 749 4122 4595 1039 1987 4222 2234 2692 936 4224 3837 3917 2842 30 13 3211 4094 58 3574 1322 1426 2079 1473 4252 3090 4480 192 874 2164 3369 3372 2808 3775 557 3425 4534 1652 2586 1426
1027 2973 4806 2165 1337 4057 1340 1508 4015 2684 1794 403 4403 3765 1030 2958 3646 2242 1690 2355 4166 1534 2695 2481 292 3339 100 2586 3023 4665 2916 1654 635 4104 1869 3121 4459 91 2882 466 2813 2171 1898 2137 3937 2395 4517 272 1866 2600 3084 739 1214 24 4499 313 4987 2841 3587 4545 4462 2808 2347 2283 1569 3491 40 2467 2950 4236 1422 707 835 616 2300 416 1911 4273 2872 3891 1075 3363 4668 4071 1242 2965 3228 945 974 504 533 1757 1661 399 930 4257 2039 3960 1390 2985 2823 1838 4377 275 223 2115 4856 4365 1916 911 3837 3682 3867 1052 3978 3766 3581 2047 2627 4816 1524 3528 1148 3618 2327 250 3121 4806 4689 190 3613 1958 4044 3194 70 3244 1209 2272 1403 4542
2115 223 3655 524 4054 4295 540 3896 2357 1962 3684 190 151 3122 4167 3507 1633 3975 1854 3513 1404 3823 2987 4355 558 1633 1984 4120 732 4454 4837 3450 1296 109 530 4356 886 2135 2863 1704 3045 1147 1690 3955 2365 1990 1299 4459 4487 2506 1262 1464 1053 1236 836 1258 390 3700 4569 155 497 3082 1447 4758 1520 4390 643 4025 998 3385 2815 1411 3171 3983 4929 1143 2391 3674 3390 1038 2853 4034 1014 1207 3819 3276 2056 1125 4610 677 2386 1733 1020 1914 4694 1663 4022 101 3490 556 4978 4059 2578 3344 3389 3151 3291 1734 1221 93 3917 3867 1154 546 163 4107 4958 2506 3783 3498 3190 2633 538 2322 4827 4168 1675 1241 4148 170 2390 1205 2720 2321 3228 4204 2789 2200 2935 668
4771 395 2519 1723 3275 871 502 2306 801 4497 478 1554 3369 3338 1111 1977 4532 1351 4437 1246 2672 3910 4914 28 3169 2994 1175 1600 244 1796 890 138 1992 2430 4045 4118 1490 2107 739 4971 381 1688 3176 2544 3619 4819 2819 2781 2955 55 3857 1428 4585 2687 2840 1061 280 2411 1601 508 4917 2784 2964 4142 952 1027 356 2126 4182 3515 4458 2625 2118 2284 2775 3406 2526 4253 4340 3923 154 857 2116 890 3747 2390 755 1796 4498 3667 508 3117 2148 3695 4835 2309 1069 196 1661 4872 566 2613 4681 1717 4424 165 2717 2644 3845 4443 2842 1052 546 3735 1188 3964 1449 2045 3143 1350 1686 2782 3269 2313 1575 943 3067 863 2968 241 2996 2612 4965 2906 976 3550 3105 2872 620 3961
4684 4920 3356 2676 1942 1763 2423 4968 4793 3750 2137 3305 38 4611 4359 3833 4812 3499 4804 410 123 1622 4649 473 1715 1100 4897 4063 4511 3706 2694 2678 1700 3413 4268 1874 4155 1225 2716 1025 2051 4789 3781 1370 3534 1594 4648 957 3282 172 1205 3804 88 1562 241 4264 609 2462 1728 165 1885 2007 702 3067 2294 184 4052 1581 2006 4637 1880 2103 4444 2100 1067 3311 3430 2967 4287 2365 2203 4110 3607 2875 1748 3617 1276 445 4589 3383 3179 2226 364 2493 1881 3716 4268 2252 791 2049 2044 3300 2954 2670 388 1265 3625 3334 4015 4856 30 3978 163 1188 4959 1334 2531 2655 1743 1765 3767 3197 2595 541 3042 4807 2954 2377 3560 2760 4546 4070 923 285 1833 4418 3358 3606 53 3733
2117 2523 1614 1684 208 913 2919 983 542 3707 16 398 1894 3181 4320 4064 4627 4553 4156 3838 2988 305 726 4598 1522 1113 1265 1045 1380 570 2367 352 3206 4849 3658 164 4905 4312 1068 4737 3431 1517 4733 3078 2656 2068 2329 2699 2563 244 34 4274 4398 1958 1011 2845 611 4783 4734 1235 3469 845 507 1631 3057 594 1998 1663 4252 2445 465 1952 486 2049 4529 2656 74 2154 4219 214 4713 1491 966 3874 4239 3656 663 3518 446 3362 989 4045 4287 1437 640 4493 93 4486 1454 215 723 4380 114 3161 4116 2806 4925 4989 1435 3315 13 3766 4107 3964 1334 4985 4118 805 4296 4445 4110 1536 4957 2926 2316 114 4209 4928 1204 3367 3339 1723 22 2910 3705 3452 3524 2712 1812 92
2698 409 1063 1163 2179 4039 1524 1964 2027 330 3722 2490 4222 4124 4837 3983 624 4341 1648 3147 3259 2027 1091 3091 3041 4536 1261 727 4247 963 3802 413 3031 3226 2764 3939 1589 1027 3726 4585 2554 2112 1246 4037 1736 364 654 2223 3708 1070 458 3540 3569 2145 890 4577 2912 3313 4121 2820 2501 2882 2860 2212 4510 3360 2670 1467 907 1714 2730 1591 615 2560 4850 267 1586 4142 3957 3318 3593 523 3620 1222 3902 2087 3127 500 3972 2533 427 2134 2308 2218 2192 4329 1825 3291 616 4935 1562 1906 3888 3711 2355 1723 4040 4163 1181 736 3211 3581 4958 1449 2531 4118 1823 4048 1913 1952 2489 2342 4313 683 4998 2793 2585 2729 633 4919 4031 4969 3549 1590 3383 2444 1924 4686 4217 2215
2589 4543 2438 65 3501 3800 2941 3316 2649 3268 2299 2961 3573 2178 1922 172 4886 454 4742 4851 4611 3741 2233 1440 3605 2141 978 1641 1831 3527 2584 481 2060 1331 2210 1522 4368 1695 2836 1717 919 527 631 710 1048 4398 452 3852 4584 4155 140 4538 1911 2001 242 573 4324 1173 3785 889 262 3142 1445 4264 2934 4707 2040 4025 418 218 2552 3500 2275 4581 310 3272 2514 3182 1223 1526 4241 2550 1378 2426 477 2487 2680 534 1057 4531 4020 2964 2909 3233 2571 1826 3403 2404 2815 1724 3179 1605 3266 4973 2156 4691 3874 1636 1628 4699 4094 2047 2506 2045 2655 805 4048 4310 4726 328 1870 4352 2218 2485 2995 640 3232 1295 4092 4163 4596 285 552 4625 1231 4988 3706 3888 813 1447
4590 1426 3404 2390 467 202 3214 3855 3723 458 1330 4876 2594 3670 2601 4912 2457 4026 4703 2563 4746 1168 874 3381 4757 3582 896 533 612 4342 4226 2798 1248 4905 3358 2290 3085 3896 666 3845 2895 1312 1569 1761 3532 2068 974 1533 2876 2762 434 4678 1558 3404 467 791 286 76 1499 2170 3373 451 2016 3501 597 1381 2700 456 3729 1082 1644 820 564 4626 4482 4925 4167 2206 4541 3931 1110 1319 4877 1310 4700 3043 4920 719 2716 1498 2778 485 3738 4096 4756 2891 4995 3735 2633 223 530 1236 3058 4343 959 3467 4073 3587 4199 2544 58 2627 3783 3143 1743 4296 1913 4726 2718 426 2246 83 1719 3342 3580 4117 1314 4905 1461 3167 1496 3316 1228 3994 3089 603 98 3063 2942 2900
1141 1415 3416 3449 3214 3998 2199 133 4905 384 3729 4041 1180 1001 2664 4386 4400 3653 3854 298 182 1340 295 686 424 3227 2774 3593 2526 1853 1980 500 1193 3650 26 3754 3448 1125 1311 4492 2322 844 4113 950 3846 4758 1154 4518 182 374 1795 2058 3400 3022 797 4901 4294 2930 2502 682 4370 4105 3955 709 3426 2536 3953 4007 4024 3614 847 4528 29 1666 3840 3534 914 3802 1784 4150 3462 2562 4097 3159 3186 598 4292 900 2185 2604 2558 278 2963 4685 894 553 3144 3929 2615 254 501 3416 3986 1191 2391 1688 2465 2851 2721 4688 3574 4816 3498 1350 1765 4445 1952 328 426 92 1506 3100 3315 2624 4967 616 2440 1013 596 3139 2181 2744 4222 462 2865 4574 1958 4183 4089 3117
742 1107 297 3944 1943 317 3470 1897 4446 2102 1087 3839 838 4351 4742 3766 4046 2078 3580 197 3720 1694 942 1972 2219 977 3335 1916 3703 1907 350 3775 2895 4271 2574 3943 1156 3099 2650 3313 2339 4958 939 23 804 4921 1355 4507 3935 2490 3933 2214 348 4707 399 1429 1722 3977 4687 3673 2115 4597 1473 3927 1235 4118 1976 1028 661 540 4479 1498 4424 493 442 2342 1112 3143 3716 3038 1985 96 3031 1901 4849 234 2304 4145 4261 3810 1960 1209 1436 4010 349 1508 1735 2391 4089 4573 1970 2629 130 2375 2077 4864 400 236 3535 3429 1322 1524 3190 1686 3767 4110 2489 1870 2246 1506 2306 1671 1517 1777 3057 4627 4945 2909 4218 1877 3970 3623 4679 3987 4394 2455 4547 2694 4456 431
321 2566 3799 3438 2050 3258 1449 2641 117 1005 646 3847 2148 1811 4806 2123 4637 152 187 535 1873 3425 4622 4082 3875 2162 944 4801 3806 942 3620 484 1750 1252 3451 1540 269 567 3607 3893 2673 1091 364 2679 4075 4783 4350 12 1074 2874 616 566 3712 1574 2194 1370 459 4913 3444 12 4726 2311 1956 2411 3261 2491 2090 2353 1872 4136 616 2524 4172 3031 749 3160 2793 4122 1137 2328 4938 890 3154 3159 3248 3578 2696 4461 4803 178 4236 1450 1970 1904 2684 822 4975 241 1670 1692 611 528 3497 2953 87 4763 1324 2068 3329 752 1426 3528 2633 2782 3197 1536 2342 4352 83 3100 1671 4690 1235 4122 3355 367 851 2739 652 161 2290 1557 3599 4186 545 660 4585 776 110 18
4652 2423 1795 4779 4157 1132 1808 1343 2001 593 2325 2227 3237 2396 4649 621 2942 888 1407 2839 3555 4105 4082 961 871 3508 4741 3230 3773 465 3633 1767 4829 2923 1628 4079 3330 4173 4597 3044 181 4802 1535 1314 4928 2266 4525 1038 3818 4332 4299 3457 143 4166 2459 1514 2078 2413 2518 2517 1215 4760 777 2828 1832 3718 103 4569 922 3633 2049 3805 2587 4575 538 1428 3820 1021 3509 4479 2079 753 3217 4803 300 2915 4514 211 3761 4474 4981 171 2099 2452 4356 3703 1398 1006 3929 54 1036 1223 718 2898 4888 4471 3330 139 2252 1742 2079 1148 538 3269 2595 4957 4313 2218 1719 3315 1517 1235 1170 1499 1945 251 3034 2912 421 3129 4233 4393 2207 3188 3085 2403 1323 1498 3397 758
1576 3851 4959 72 2173 339 1952 1464 3920 4798 4781 1989 3265 4331 3426 698 42 283 344 4506 4801 2455 633 72 2001 925 4421 4547 1296 4908 4076 2045 1149 1577 475 1432 16 1297 1043 3562 4075 3679 120 3005 4853 2629 1067 1325 652 2158 3894 3122 578 498 3562 3944 4307 1817 11 4154 2119 2569 1084 2892 3101 1985 1323 3701 4490 3706 1533 3228 4133 1081 1271 3834 580 1407 3318 3852 2369 3594 1306 521 1955 1035 4497 3197 1836 2938 3916 4138 3185 4430 2066 491 1972 4595 4663 4748 3765 2353 360 3619 1916 2136 1776 1212 4820 1263 1473 3618 2322 2313 541 2926 683 2485 3342 2624 1777 4122 1499 2814 3201 1443 3897 2080 4733 4154 4600 388 4767 4695 1199 3766 4159 1351 368 1009
2955 4182 2386 1986 3603 2282 1037 921 2224 1546 3789 4071 4977 295 3843 2691 3376 3359 4124 1204 178 4806 3485 622 4365 1443 4812 3122 3973 923 2667 4517 2155 509 2000 1333 2002 2994 3644 4675 214 1553 2155 3088 2257 1058 2069 4921 255 825 420 2056 547 4436 3180 2317 272 1703 1530 3032 2744 2821 1231 255 332 2396 64 4245 918 3723 3058 2373 4808 335 4006 2348 65 3450 1836 3145 4797 268 1970 647 2222 2018 4371 4447 3816 3048 4890 4041 4799 4235 4887 903 2116 744 2319 3761 2606 1083 2480 4165 3649 1012 4464 1172 432 654 4252 2327 4827 1575 3042 2316 4998 2995 3580 4967 3057 3355 1945 3201 869 3608 120 95 2164 277 286 1742 4045 4531 1790 3097 3978 1384 2915 768
2630 4721 2032 3301 3634 2002 612 4482 3380 760 159 1196 210 1359 3608 4127 1691 976 4394 2743 1305 3134 4655 4451 2616 2569 4462 284 3880 2550 427 4103 4470 3465 2767 563 4636 3247 1356 4132 4812 1929 3875 4580 2434 42 2664 1867 4521 202 2364 3353 2266 3464 2707 1092 2939 1113 1889 3489 745 4189 2053 2282 4194 1710 2150 4925 1243 486 958 618 541 2705 213 1034 1074 4890 2688 3433 379 4441 3311 1773 2717 4481 1024 3068 1534 4553 4286 2014 4871 4875 1577 4514 1328 2408 352 3296 2378 2982 344 648 3592 1470 2933 793 2697 4929 3090 250 4168 943 4807 114 2793 640 4117 616 4627 367 251 1443 3608 3326 4075 1692 678 4657 4984 3807 4358 390 575 4918 4911 490 3020 1067
1230 3367 3834 3420 3290 2030 767 413 3335 858 3404 1660 2429 555 3729 2908 2449 2993 1851 4343 2279 4496 549 4311 2307 4257 1219 4080 4038 2668 3974 2532 4400 4243 4498 1654 841 2471 4190 3045 899 490 3423 1563 3079 1750 2167 2033 1590 4472 4369 2387 370 2715 3487 3132 3207 4987 116 2094 3476 3515 2665 645 1038 3958 608 4751 1155 4806 4899 2522 4134 2487 3605 350 2200 2090 404 4742 3808 2553 4904 4909 125 2757 1135 3425 2396 4474 962 1785 234 2765 3355 1318 832 1189 3644 228 1092 750 2050 69 4509 2780 1067 4509 1838 3550 4480 3121 1675 3067 2954 4209 2585 3232 1314 2440 4945 851 3034 3897 120 4075 3032 2924 4016 3805 3297 4577 20 1885 3944 1205 95 1822 4584 3076
2657 806 2398 1292 4456 4824 879 725 3790 3941 4173 1881 3238 4403 1755 1439 2831 3991 3913 2117 2284 2494 1227 394 3691 4878 3446 3690 596 1572 2619 4719 2103 4092 4163 290 1868 4624 3911 2532 3737 64 3384 4548 156 2644 301 87 3138 699 545 3961 2837 103 4028 2099 3154 2399 226 4130 2389 2839 16 2585 3531 1646 4150 429 1331 1848 2343 808 571 809 2653 471 2949 3569 32 1641 1414 4346 2792 2679 535 1584 90 3673 2591 1202 3537 2218 4627 4885 4260 447 3977 858 4264 3295 4981 1854 3827 405 1844 3941 4501 4438 158 1627 192 4806 1241 863 2377 4928 2729 1295 4905 1013 2909 2739 2912 2080 95 1692 2924 4688 2610 4955 488 1060 2214 2465 4931 4354 3196 2042 1098 1853
3613 4482 2751 2945 1888 2425 2321 2928 1167 285 2352 456 3091 2761 1994 171 2955 2107 4440 127 2361 4286 797 4269 1677 3522 2506 398 2622 4745 3296 115 3427 4854 1700 2034 490 3721 2556 1330 2017 2281 4911 1594 4835 4045 194 4784 3171 4654 3538 2455 4363 4765 4837 4776 3389 1583 2506 4584 2084 2444 3136 1282 3941 4906 2746 4845 431 3113 3689 789 3649 4700 4393 2326 843 4243 2463 2317 898 1889 4161 4597 4601 3043 3126 2666 4540 3151 2787 1057 1168 2520 1949 315 2921 917 3707 606 448 1921 3512 2978 103 3762 1402 731 518 2344 874 4689 4148 2968 3560 1204 633 4092 1461 596 4218 652 421 4733 2164 678 4016 2610 3321 4423 1698 350 4846 3989 3823 2843 3606 2304 528 4707
2886 34 3915 4432 4109 3108 4595 1677 2190 2083 836 47 701 1069 3206 3845 3191 4382 133 3619 4663 3085 4393 1173 3325 1871 1263 4529 881 988 893 2742 3785 1737 1575 3800 3882 1769 2052 3903 1201 491 3613 740 689 3010 3251 1306 864 2028 4354 2990 2672 1918 4776 1805 2770 3230 3419 3055 4503 1449 889 3431 3847 1613 4838 1499 4285 3622 4834 1001 4252 1980 1625 3128 2254 13 1562 3139 3068 1701 1266 3598 1323 3539 1648 3470 2649 3566 4358 3515 4666 2924 1342 646 138 1509 1280 4810 4210 1691 1143 1190 2222 3052 3179 100 1784 4968 2164 190 170 241 2760 3367 4919 4163 3167 3139 1877 161 3129 4154 277 4657 3805 4955 4423 941 2862 1671 3044 3606 3882 616 1229 1349 4211 3965
4055 3096 4997 1406 1748 767 1063 2674 1519 2837 342 551 4358 2317 1462 3014 3568 3208 83 4772 1848 4669 636 4375 1557 4612 1979 2655 2255 1450 1962 2360 755 4622 2940 3248 634 16 824 2106 3631 2949 2763 1117 539 3522 3628 1835 4247 2116 1921 981 196 4034 102 487 773 2682 2593 63 2516 1300 4747 637 1368 4391 2042 2906 2554 4146 3532 3948 4869 502 2140 2791 4661 3356 3025 2499 2812 3252 3835 2128 3816 1932 2198 4744 4404 4356 4401 1457 3567 81 1059 1866 3507 1553 2182 1362 1272 3411 2431 2670 30 2704 625 4925 2838 3500 3369 3613 2390 2996 4546 3339 4031 4596 1496 2181 3970 2290 4233 4600 286 4984 3297 488 1698 2862 478 601 4470 656 1409 4574 649 133 3762 4095
3732 4143 2858 610 3022 2346 3133 1246 3295 889 4404 132 3145 1043 1329 254 390 230 4807 1477 3701 1628 2105 857 146 1872 4620 1430 4111 1788 902 4685 3453 834 722 1190 2382 1574 4975 4000 2265 3286 2430 2863 2798 182 1529 2704 3545 2050 1862 3383 2820 1653 3704 1600 4733 2959 3563 2629 614 944 1510 1993 679 3834 4097 4370 4177 4489 2401 682 4510 4509 4248 3922 2948 1875 167 3862 2230 4010 3839 2452 2955 1838 3807 4665 4773 2966 4802 538 4731 1605 1803 4086 816 3987 4019 1236 3141 1516 1275 4378 2184 1762 4437 1324 2702 408 3372 1958 1205 2612 4070 1723 4969 285 3316 2744 3623 1557 4393 388 1742 3807 4577 1060 350 1671 601 4637 1002 2072 761 288 115 2999 4705 4214
2810 4259 4244 3632 662 78 4670 1776 1672 540 1441 473 4530 2369 3901 707 4470 2145 2946 3818 4219 511 2089 851 1675 2013 1388 3834 2017 1544 3670 2145 1018 339 3794 1017 2598 2369 55 3510 2349 1259 4473 2424 4861 2904 4165 4395 2275 4488 4358 3270 122 3599 177 1893 1621 2475 4714 3243 2922 4993 2733 3660 2807 2577 2972 3101 1460 4925 536 3062 216 1108 4288 2524 663 1599 158 3994 2490 423 1089 2553 2842 376 1317 4066 4124 677 2716 3973 679 4552 1456 1032 985 4116 3512 1454 1283 1082 2889 119 1550 2243 97 319 3433 4213 2808 4044 2720 4965 923 22 3549 552 1228 4222 4679 3599 2207 4767 4045 4358 20 2214 4846 3044 4470 1002 4564 2846 723 635 123 571 2048 3209
2064 2791 2695 694 3669 4459 4388 307 1047 1047 1743 666 4510 1568 3749 4916 2423 3236 4068 1587 1503 484 4904 1930 2865 4706 2043 1134 4448 59 1573 1443 49 1219 4174 4969 2410 4239 1850 4588 2749 1307 2851 3666 2210 1562 638 2714 1614 90 4096 2191 4628 4830 104 4515 1203 885 910 3346 2151 3990 3955 974 1069 1587 897 4770 3062 2318 1163 1923 634 4397 4153 1196 2358 3436 3177 1263 3696 4635 3681 2300 2526 88 1569 1812 1410 4263 3662 2105 972 4393 1654 3706 2532 3722 3299 3485 4927 134 1741 3517 4518 2903 43 4113 1450 579 3775 3194 2321 2906 285 2910 1590 4625 3994 462 3987 4186 3188 4695 4531 390 1885 2465 3989 3606 656 2072 2846 1945 2503 594 2147 1808 1378 4625
58 273 885 1298 3262 2955 4460 1765 4753 3182 4649 2633 214 4466 1072 2777 1230 1573 962 310 3876 3441 4031 530 2640 2981 4444 493 4252 4468 1927 972 446 3003 2731 4319 1904 1137 1701 3658 4066 1272 2796 2691 350 2195 1541 3243 4951 3825 1406 1150 1123 3586 918 3841 2635 4500 123 3594 2356 3215 4039 2068 2388 1577 3719 2262 2759 847 2037 145 3219 1799 385 3796 3766 4713 604 2886 616 320 4435 1206 162 1746 3722 2678 226 3659 1644 1153 1966 1656 1205 4553 3114 910 3456 3267 2642 4747 447 3229 2017 2672 1430 4487 3389 1061 557 70 3228 976 1833 3705 3383 1231 3089 2865 4394 545 3085 1199 1790 575 3944 4931 3823 3882 1409 761 723 2503 2255 4447 4188 4644 1701 3938
1445 3122 1100 1155 720 586 3443 4024 1900 4058 33 291 3147 1329 3054 4711 2948 2663 656 4608 2501 3479 4819 4345 4274 1626 2611 4436 1014 3712 2153 147 2839 4710 4822 3158 385 4510 866 1671 3668 4386 703 4113 3223 4422 963 707 2411 4749 288 1661 4473 423 3304 3331 1498 3197 3632 1948 3927 4769 1314 1504 3334 3449 4870 4993 788 2623 3785 2863 4457 668 889 4459 670 4946 895 2966 4604 1595 4436 470 4578 332 4417 3649 743 4605 1487 1819 3019 1657 3488 2604 3602 3465 536 3060 4229 3918 2110 1631 3239 1295 167 2456 3308 2818 3425 3244 4204 3550 4418 3452 2444 4988 603 4574 2455 660 2403 3766 3097 4918 1205 4354 2843 616 4574 288 635 594 4447 1640 4231 3193 4693 39
4344 3866 4982 112 151 4872 3876 1462 2554 4971 798 1983 823 2213 3214 4010 461 3671 2001 3378 430 1123 573 4529 1312 255 3948 1283 1845 4294 4546 4087 1929 2060 4831 4797 4627 3701 2577 4688 3883 2379 338 4978 378 1289 4140 2083 3756 2556 3393 3524 968 414 2961 1941 4705 1896 2706 3988 4612 3562 3885 2489 770 2660 3311 3423 4085 4311 40 1724 672 2387 2229 3209 3136 3216 2481 3271 237 4059 38 1773 4987 4447 2947 2618 3266 1052 49 3582 4281 534 3488 3542 3257 4755 903 4851 1863 1509 878 2528 1972 2380 4103 4363 416 463 4534 1209 2789 3105 3358 3524 1924 3706 98 1958 4547 4585 1323 4159 3978 4911 95 3196 3606 1229 649 115 123 2147 4188 4231 573 3870 2702 3938
4137 4413 4944 1990 47 4848 2819 3750 1022 569 4292 3912 2612 2370 3522 3081 1083 333 773 3661 2214 1419 2864 3953 1910 4275 2627 2176 2677 3472 4095 1677 3240 1265 3563 3195 2395 3382 1121 687 1342 1305 1313 4933 4028 2288 690 2309 2155 2933 2981 1178 2786 4771 1597 4763 4222 4689 703 3352 4060 2587 1141 3199 3396 4100 3350 2045 2269 2437 41 2620 114 2018 347 3431 1731 2963 1413 4775 3194 4201 2292 1961 1013 2752 3519 157 2514 3258 291 1679 4653 1268 527 4139 493 999 4279 3057 4566 3276 47 3953 2563 2714 2036 3263 2729 3018 1652 2272 2200 2872 3606 2712 4686 3888 3063 4183 2694 776 1498 1351 1384 490 1822 2042 2304 1349 133 2999 571 1808 4644 3193 3870 4367 2170 3825
1579 3228 3335 3429 4032 2795 2680 804 1309 4263 284 3547 4659 1886 3210 15 629 2299 4126 3654 118 4181 2788 4536 4766 4554 2306 3078 4221 3333 658 2387 540 2983 4893 2053 2621 3834 2248 2507 2087 2914 2268 4872 2637 1294 1537 44 653 1913 4800 1249 3706 329 3129 2467 4476 1460 4241 2284 4240 3571 2293 3550 4805 4582 1047 1236 1151 3193 298 276 3882 1650 1314 3421 974 3908 969 3141 4791 187 4095 3413 2017 2964 4084 2623 4498 4274 1857 244 312 1100 4252 139 2678 133 844 851 3636 2377 4822 2118 4475 410 3177 2194 2834 4215 2586 1403 2935 620 53 1812 4217 813 2942 4089 4456 110 3397 368 2915 3020 4584 1098 528 4211 3762 4705 2048 1378 1701 4693 2702 2170 1798 3460
3166 3412 520 1166 1050 4846 2233 4822 1831 1780 1826 1334 2843 3748 644 3830 3311 461 195 3470 4538 1204 2106 2224 2264 2784 3094 2421 4436 3503 4062 4170 852 1392 19 2164 4977 2803 4477 1259 2020 4231 2196 1365 2898 3905 3360 4171 3176 1166 2814 2725 4941 41 4928 1265 509 3768 1238 293 3989 1874 3237 2423 1694 2235 3877 3091 3845 399 4894 4262 1107 3616 4185 4155 4528 1630 2050 4812 316 3418 963 3155 1062 2311 1957 4156 3950 3142 1250 1922 4744 3958 4739 4554 1689 299 3399 2378 4688 3412 626 120 1752 156 3777 1032 1370 1345 1426 4542 668 3961 3733 92 2215 1447 2900 3117 431 18 758 1009 768 1067 3076 1853 4707 3965 4095 4214 3209 4625 3938 39 3938 3825 3460 2322
