N: 140
M: 20
Symmetric: true
Triangle: false
5 59 103 47 126 14
7 5 55 110 22 35 107 74
9 109 123 38 119 37 9 12 4 138
5 64 111 65 130 53
9 122 36 100 85 69 97 62 88 40
8 118 82 51 75 30 24 13 99
5 129 70 2 21 91
6 17 80 33 136 60 48
5 135 134 45 115 120
10 10 15 3 125 8 56 79 113 50 112
9 57 117 105 102 39 137 133 116 71
7 27 49 121 90 68 127 43
6 61 58 52 131 101 34
7 23 81 128 95 76 46 140
9 139 6 108 67 78 54 96 77 92
10 114 7 104 86 72 25 132 1 11 20
1 31
10 16 87 98 44 124 73 32 89 106 66
5 63 93 18 42 84
7 19 94 83 28 41 29 26
856 529 4875 2344 2141 4868 4974 2584 1125 1515 4048 932 4410 1548 911 4684 3014 592 1471 2861 4187 1245 4820 2870 1628 4278 22 366 2015 1312 4937 3326 3958 4146 2502 1211 4949 4500 1215 670 187 426 3744 4594 3941 911 4179 1464 4076 37 1112 4876 1348 998 3730 2201 3872 364 3977 2406 1916 3026 4075 2557 4125 605 3836 2467 2957 3914 549 2024 688 119 4099 3101 2526 999 2142 596 397 1132 1333 2839 2547 3921 2262 2734 1178 435 2452 1806 3144 2988 4851 69 3456 4951 2871 2411 3380 1566 4944 2007 2959 3668 2571 2841 325 537 2157 3501 4265 917 2567 4231 776 4273 4414 1985 4059 2558 25 3529 1615 2881 614 3149 1683 4016 4821 2055 2661 3701 4452 1608 2143 1216 3047 1689
529 310 1953 3553 3474 3580 3592 2964 1534 209 3842 4104 2143 1676 3424 3597 664 3036 1713 166 3031 1753 67 4089 1715 3746 3125 253 2790 1651 137 1680 4191 3429 4085 891 4835 3480 2253 3556 132 814 4827 3491 1511 236 3341 2067 1994 3078 4957 717 2230 4403 3171 4718 2443 3803 310 1641 4127 139 3377 4117 4419 919 3823 3157 3515 4358 2536 2386 3598 340 717 1936 3254 2486 1418 260 2213 2660 920 4958 586 1908 4596 2477 2930 2720 2437 2661 341 3186 4515 2972 3953 2096 2530 2199 1982 4516 4788 380 1855 2482 1879 4011 2926 3473 4723 4158 4374 4837 1883 735 4664 3387 3260 3862 435 4239 3158 222 1445 3804 4416 3660 1334 477 1749 1112 1739 4741 4255 4585 3676 4858 2019 4761
4875 1953 2999 530 664 2260 2912 409 916 1140 3967 3340 2827 4847 1771 2847 2372 1573 626 1750 2159 3885 2800 2469 4204 3498 1816 66 3665 2291 3389 1975 3625 2812 4415 1201 1265 1028 130 3906 831 3394 273 882 217 4171 2313 1276 1140 1625 3739 3274 26 3057 2477 1712 1999 3980 837 2842 1962 403 565 4382 2481 3013 3042 4839 2805 175 2860 4258 3429 2989 687 3579 353 3891 540 4745 3499 3437 1405 4944 2198 2006 316 3185 585 205 1130 4686 4759 3379 1686 4385 1472 1484 2232 4184 3954 3928 4154 1581 161 2116 3788 3255 4989 4364 611 2691 4544 3326 4734 4318 4872 3642 2991 1201 2880 3245 207 3925 48 577 4605 2582 2486 2206 1955 3582 959 3418 4601 4794 137 4108 700 3457
2344 3553 530 740 3087 177 2872 3160 4582 608 3879 3008 3670 1017 4421 858 3827 2994 810 4502 169 4393 2382 2725 2140 4851 1934 1224 298 4450 3817 3675 1121 497 3812 1294 3502 1061 2228 4023 4064 4836 2274 4148 4949 1672 2468 3558 4343 4524 2847 4437 2480 2522 801 3478 713 4834 2954 696 3441 1743 371 1556 4806 4129 2816 580 4111 2945 2366 3997 2564 2779 2859 655 2484 2115 3938 4373 2245 2541 1236 2740 3295 4834 3485 2933 3842 393 4032 3905 2723 2572 740 2750 1134 4326 2889 3650 1872 2592 1632 1310 1287 3621 818 4447 1958 510 894 4921 2471 4864 4580 1224 4757 46 4890 4504 553 4187 20 2170 4130 2072 40 460 362 3171 3270 3944 2648 785 1656 2181 4209 578 704 1756
2141 3474 664 3087 4214 2644 821 682 4269 384 3011 1320 484 2699 4904 103 3458 2197 3834 3694 2687 506 2861 1667 551 1080 3498 728 1731 961 1819 1222 378 635 4335 4873 683 4189 3865 3578 588 373 2634 3413 185 2635 1674 1569 2018 1348 710 3706 4144 2386 3089 1602 2146 3197 1858 4661 3579 671 4688 4050 3738 3980 4404 4386 2525 1338 2773 4727 2319 2436 485 4107 478 3737 2282 2991 2442 3466 664 338 3597 771 1559 2135 1542 3810 3782 4574 1797 2782 21 959 1059 1720 772 3059 4781 277 1078 4523 4897 1917 2882 3902 3731 599 4194 4989 4027 1505 3126 2023 1741 4497 1934 1448 1025 2549 2765 3934 1703 3941 2575 1834 3426 252 1261 1578 2329 4353 198 4410 2876 4024 2679 3558
4868 3580 2260 177 2644 4231 3419 4175 128 3807 2694 112 365 1247 3319 2787 2298 128 3086 177 1178 3911 2803 632 237 2474 3020 347 2789 2642 3262 1255 1535 2480 4694 1265 2059 120 616 3641 3130 4702 2321 493 3434 4207 2641 3812 4198 1874 2863 1579 3326 1697 3165 3187 3551 1008 3311 2293 1576 4356 1328 1183 4180 1948 895 2027 3859 2584 440 420 2278 2926 3871 2737 3740 1387 3119 2727 260 3755 3587 3584 1997 949 2550 3358 3778 408 848 3988 1722 35 2912 4776 2324 3953 381 4942 3269 4723 799 2050 1859 3656 621 3514 2279 3808 173 3960 590 612 1191 3972 2431 2304 3219 3313 3066 735 3958 1692 70 4914 4231 1691 2824 354 4676 4099 1090 4012 2645 2855 4090 4857 1643 3260
4974 3592 2912 2872 821 3419 315 1897 3049 3768 267 3736 3697 2344 3621 4380 676 3070 99 123 2662 2477 1888 4080 4393 4208 2455 142 4939 3450 1424 172 2120 1179 3344 1350 324 834 710 4205 292 3500 4902 942 1763 378 4697 2068 4235 4620 1275 195 247 433 2521 3753 2304 4467 424 1593 339 3685 2510 2758 4492 2140 3554 934 3517 3787 1272 4608 1366 3598 1903 3082 2675 649 2851 2532 4327 91 744 3622 4812 2700 1567 1954 2917 3951 623 1562 761 1228 3666 4608 1668 1302 4929 3162 4845 3908 3994 4763 3488 1899 2149 1343 1760 592 1188 1083 762 3528 1847 2809 2576 531 343 927 2895 3693 2865 2398 3509 4781 2004 4963 4322 3611 2284 613 4635 2444 2857 3297 1180 3719 932 970
2584 2964 409 3160 682 4175 1897 2940 2501 4303 1152 3227 1317 2391 1261 4630 3293 3662 4136 2949 2662 2312 2026 3328 2976 3746 666 3313 14 2142 4709 1790 4088 1325 2287 2142 4264 518 1194 4630 2131 3818 1423 2198 1665 2728 4847 1284 1541 4716 4237 1876 2410 444 3868 1007 3248 4648 2506 1426 3848 608 940 1798 3598 2962 4071 192 2533 3140 4473 4307 2411 2330 25 3305 3007 846 2152 2748 4315 2390 3293 4527 802 4168 4573 1318 4094 4681 3390 4785 1824 3685 4945 510 3635 2102 4098 3990 2570 859 836 2689 1569 4480 1575 1162 2599 4909 1968 4060 1416 2230 3648 4887 622 1626 1372 1189 1261 4656 3676 3553 1430 3742 3944 684 4659 1373 1865 3642 2074 2889 4605 1642 4326 4647 1033 2533
1125 1534 916 4582 4269 128 3049 2501 1480 4930 2515 3490 1766 1261 2069 2482 3055 2027 408 4623 1904 4703 3213 3429 2098 3831 2235 3540 1758 1020 1887 304 4439 3685 1849 4925 2120 368 56 4340 2154 2679 268 4725 2319 303 117 885 1964 1298 112 2812 1405 4733 3985 1515 2653 2901 1092 2137 4259 1066 1584 586 759 3301 1454 4380 2166 3204 898 2831 1138 1945 4454 3701 4709 2954 1596 2299 2029 3983 4886 4974 3592 3120 3759 973 2162 470 389 1659 1956 4664 2656 3960 2922 534 662 4137 3881 2090 1283 4968 4869 1481 1137 1376 251 4110 1772 1015 3179 4217 92 2896 493 1403 1608 3123 4232 4211 2330 3366 3073 3808 192 2718 2689 4844 1393 167 707 4678 1065 3062 3915 4436 745 1713
1515 209 1140 608 384 3807 3768 4303 4930 875 3452 4247 2731 714 3582 1446 1423 1333 82 513 1771 360 3295 3452 1566 4038 2756 1919 818 1989 4447 615 1980 2015 2271 3228 4837 2413 503 178 3440 1104 4542 4096 4522 2047 4046 2933 2289 461 156 2481 1926 1234 2845 3232 661 3552 2477 896 807 3975 987 4773 511 533 3994 559 2375 1130 1259 3055 1501 4513 1967 3397 3314 1920 4662 1953 3935 1424 2206 2823 4206 2031 2748 529 4570 3379 1311 3186 3123 159 2076 1778 3715 3173 1997 3109 4818 845 4719 4862 3813 2109 4481 549 3827 3816 3318 3472 3468 2212 536 2960 4296 4477 2135 4567 4474 3655 1722 1795 3586 3869 3811 4540 2959 3962 3573 1000 3469 2121 3792 4692 316 3632 2112 1264
4048 3842 3967 3879 3011 2694 267 1152 2515 3452 4093 3289 2051 2087 2360 2589 2208 4162 4282 4553 579 2516 4699 1808 2433 985 3341 3302 3534 3630 1281 1580 4525 1252 3386 4550 2147 4406 2154 2192 1553 1077 4130 4766 2867 3933 4780 832 4472 892 3261 539 2486 2687 2869 1543 4058 4009 2842 2341 682 3267 3028 4517 1629 1185 4259 3770 2855 1897 4326 3735 94 550 4659 2303 525 2369 4549 3824 2339 1309 913 4601 923 1425 3015 4721 3134 1067 1398 4698 2246 3335 4259 1312 914 2717 3218 4016 2236 282 4413 1493 2976 2276 4248 2137 3825 2676 2517 298 3491 2346 901 855 3720 1210 1081 3659 4194 1473 3912 419 4124 2983 1878 3427 4709 257 657 1370 3304 127 3344 1966 4802 3036 1256 535
932 4104 3340 3008 1320 112 3736 3227 3490 4247 3289 233 3871 845 1035 1904 4866 1508 3002 3215 1108 1821 4383 912 4520 2131 899 4721 1414 2062 3889 4145 4348 1916 2980 4057 2191 2812 2467 3770 4670 3957 4441 3815 3016 1148 832 1181 4749 412 1492 4175 4712 4810 2175 2207 3306 1448 2768 1551 2140 3077 1121 2962 3243 1947 811 2148 1098 3983 4084 2162 4999 1729 4356 3197 1144 4938 4379 4857 282 4613 137 3783 2708 4080 3143 97 2380 193 4183 3247 1427 811 1420 2253 1124 2051 4970 1893 834 4440 723 2471 4094 401 3475 1012 2865 2787 4464 2611 2022 2535 2602 1306 679 4307 95 2918 3032 1608 2170 4687 3104 4250 2360 1472 1928 4531 606 872 3188 2523 2209 3163 4301 4975 4466 3781
4410 2143 2827 3670 484 365 3697 1317 1766 2731 2051 3871 306 231 4567 60 2589 2744 2353 3929 269 2818 1392 4831 877 3352 1658 1847 505 4086 2374 2966 4064 3591 3573 4283 439 2249 741 4950 2584 4126 4352 3646 1367 3552 3416 1601 2390 1525 3762 633 1163 1320 2332 2640 2806 1038 4151 3950 857 4816 4392 4844 2706 20 4188 168 1986 3341 4106 3888 2508 4729 4319 2837 1553 4702 873 2856 3470 4848 835 3968 1861 2306 3121 801 2638 4431 1502 3232 3990 1226 4085 3121 3640 4054 1139 3828 2256 2195 627 946 2452 939 147 2947 3195 3144 2107 1656 2689 1644 4601 2757 2782 3010 4419 2296 142 703 2503 2064 380 4539 1023 2056 3850 2243 152 2199 4681 3948 1363 4319 3827 83 3091 783
1548 1676 4847 1017 2699 1247 2344 2391 1261 714 2087 845 231 1464 1708 3686 887 1586 661 3565 4219 413 1156 915 2210 1553 3280 786 970 3303 3384 4257 2796 617 1630 705 2828 2242 4563 4105 647 1902 3198 4384 2645 32 3573 856 622 2362 1256 1553 4235 137 4364 1080 4220 3995 2723 546 1156 1547 1220 1047 1870 957 461 1041 2834 3946 3545 4450 4920 286 3499 4867 3233 3924 3481 4431 2974 1336 2618 4437 2334 1543 3553 1710 2316 2524 3984 3383 2000 4199 1753 4111 169 2817 1377 570 3578 4656 2716 275 51 2599 2077 1445 1554 3419 2482 4128 3205 208 2224 293 2012 3246 1316 4670 2963 312 1328 2335 3212 408 443 4244 3458 3546 916 3406 4606 3586 2541 3297 956 1976 4830 4029
911 3424 1771 4421 4904 3319 3621 1261 2069 3582 2360 1035 4567 1708 740 3713 4568 4515 1446 1424 509 3050 872 4602 1510 2852 2932 3104 2551 3560 4672 1635 103 4696 3623 3391 1380 1749 2322 1367 3407 2777 4251 2729 2913 2332 727 4716 3190 4827 4629 1568 847 2951 4970 388 3864 1151 426 1106 3144 2112 1052 4811 3611 129 4278 1716 2181 916 4283 817 4476 4779 1915 1539 2347 1898 4204 1029 547 368 3905 4498 4835 1183 2317 3334 1597 1803 1032 4921 3557 2811 2304 4325 2210 2483 1984 3814 3346 4202 4525 1305 3544 316 2643 3502 4738 1657 1624 4142 4823 809 3117 2164 2379 1850 2484 2093 1188 4836 301 4617 2600 3879 1530 32 4232 1819 4972 4605 896 2669 72 4748 1485 4238 3043 315
4684 3597 2847 858 103 2787 4380 4630 2482 1446 2589 1904 60 3686 3713 2644 3502 295 2004 4734 2398 1812 2744 4959 3801 618 4986 659 3708 2689 20 4067 2531 3809 268 2528 2030 1665 4490 4050 2222 4153 1605 2435 134 1042 2662 2533 1589 1738 3515 2072 26 610 1961 4915 3792 2615 3867 2827 1933 3866 1983 3076 2071 519 43 4262 2004 4414 468 1971 2951 1935 4877 4519 4954 4069 4639 834 1032 4751 4525 2521 2581 4258 4469 1977 656 2071 3900 4133 4907 4265 1363 1584 3328 2364 2716 2264 2952 4509 1933 3622 4386 4749 2678 3685 2625 2600 2985 2798 1697 4292 2670 404 3279 955 524 4915 2241 4687 2311 2292 1708 792 3028 3074 2598 3330 3569 4293 4210 4938 1556 4086 2014 2796 1098 857
3014 664 2372 3827 3458 2298 676 3293 3055 1423 2208 4866 2589 887 4568 3502 2464 4841 3009 4871 3800 4511 1603 2812 190 2659 3766 2562 2306 288 3891 1620 3240 58 1315 4029 4564 4063 1402 3725 1112 426 1606 4995 3042 4521 880 4747 3093 3019 2109 4101 950 2558 3696 3150 1469 2395 3185 1837 1238 352 103 973 1571 1630 1176 1790 4893 2770 1407 341 1128 4714 1806 3494 362 4212 2483 3269 2823 1371 4477 1676 95 3739 1103 1016 4521 2120 4550 4493 731 3775 2324 2803 1385 3998 3643 1279 3794 2541 3686 3335 1780 1900 1206 2914 2047 3566 2663 947 3059 4100 3645 441 2785 2953 2084 1050 4561 1078 3705 4759 3291 2706 1716 4825 1859 3169 1345 4103 540 4642 3007 2507 3058 3610 3134 1068
592 3036 1573 2994 2197 128 3070 3662 2027 1333 4162 1508 2744 1586 4515 295 4841 2486 2440 3356 1839 68 4924 1272 4212 672 3992 4652 3153 1638 3389 2071 2987 3418 826 243 2659 709 986 1816 214 4288 2465 4192 2442 1088 3398 1052 2350 4562 3117 3082 1075 2900 266 2882 1014 429 1571 362 4679 3944 2230 1398 3363 3463 44 1549 210 4632 917 3248 4658 3798 1104 1963 1924 4951 555 3456 902 1205 156 2892 1049 2949 2067 906 2609 1745 1170 1002 2657 753 1488 2320 2645 4780 2309 2031 3166 3832 3712 4984 4174 2615 579 412 2873 1155 2590 4166 2385 462 3136 3552 1304 1082 2582 1774 3624 3194 79 197 184 4982 2667 4589 2261 2359 3455 4416 3303 1554 2808 2465 2473 1615 790 1893
1471 1713 626 810 3834 3086 99 4136 408 82 4282 3002 2353 661 1446 2004 3009 2440 893 3866 1337 266 1207 2240 2088 2438 468 3377 4241 2789 499 2465 334 1903 2982 2917 3595 4627 4260 1739 3193 2724 2388 2534 1995 473 2262 1871 776 4203 765 4209 2036 3164 4199 766 4075 2168 1636 4352 4938 3479 1189 3235 4986 1666 4207 330 3445 1220 3551 1295 4890 2998 3065 4534 547 1241 984 4798 1331 2235 3027 1792 2810 3925 3306 578 2175 4231 4640 2075 4281 4789 4959 1765 3510 2723 945 3955 1401 1678 4239 1485 4021 644 4367 4038 330 1989 3474 2195 132 3611 3432 396 993 1336 3799 1024 3299 739 920 4221 2066 2732 649 13 3544 2104 4552 2422 1701 4637 2251 3326 1139 4440 4404 337
2861 166 1750 4502 3694 177 123 2949 4623 513 4553 3215 3929 3565 1424 4734 4871 3356 3866 3381 3369 4074 679 729 2361 3108 4681 4008 960 3499 417 544 2354 2550 1094 3102 3811 1446 4721 4164 2588 3487 1942 850 2510 2563 345 4220 1457 3855 1661 1982 1315 4477 1871 296 4628 1900 2657 1771 3832 3295 2076 3324 3896 3321 2004 924 4462 1574 3162 1889 3956 2982 1507 993 774 4927 399 4057 1260 146 130 3457 4087 4908 3842 1635 1104 3397 1127 3872 966 4720 4933 381 231 1388 4142 4279 4831 467 3551 2291 3008 4344 3155 3693 4445 827 2565 1862 461 2639 1744 2442 3698 3162 3749 95 2663 3775 1697 208 3842 525 2610 4978 2661 4907 1397 735 292 1570 4811 2067 4881 1072 3985 3848
4187 3031 2159 169 2687 1178 2662 2662 1904 1771 579 1108 269 4219 509 2398 3800 1839 1337 3369 1057 2184 1944 2114 1205 2190 3670 2098 4748 1452 3537 1691 4977 782 2907 4102 4142 4715 2490 3416 4210 355 1244 2237 103 2489 1147 4344 4789 995 609 1622 776 3885 2392 3647 976 3203 2500 4897 56 96 4105 1176 429 2762 1483 1427 2589 4077 4676 2432 3869 1650 3093 914 3674 3324 1244 13 3151 3396 295 2118 4405 4953 10 2424 3061 1994 4154 3196 2363 4924 1540 1356 2219 3280 3915 3692 2642 1391 495 4486 3184 3586 3756 3112 4606 1674 3004 211 204 3707 3683 2446 3026 1854 4665 2092 3002 3706 2171 4290 4380 2608 121 4455 4085 106 841 1338 2708 1398 481 3973 1917 2152 3745 1562
1245 1753 3885 4393 506 3911 2477 2312 4703 360 2516 1821 2818 413 3050 1812 4511 68 266 4074 2184 3374 336 1927 305 1119 3544 433 2225 4334 3503 4082 541 2341 3875 1436 1149 3391 2782 4117 2953 2918 3030 3452 211 1969 2902 2209 4088 4821 3743 3621 2836 1976 653 1965 4241 2531 236 2904 1479 4514 546 228 2468 2910 1917 477 3877 3765 1913 2632 360 346 143 2818 3043 2271 4857 3078 4558 4437 3224 4167 3031 1077 737 4962 2724 1473 2106 2302 239 250 4147 3565 1364 2311 476 2221 80 3721 4759 869 2779 2948 2423 1898 385 3937 4536 2225 1310 4375 3726 4051 1092 4359 2095 2201 1639 2159 1646 4262 182 663 683 4047 541 709 2807 2903 1773 3368 3966 1271 1872 4392 22 1689
4820 67 2800 2382 2861 2803 1888 2026 3213 3295 4699 4383 1392 1156 872 2744 1603 4924 1207 679 1944 336 4175 2637 2461 1310 4076 2121 3839 4294 3864 1592 4416 3619 130 2563 1134 3724 2826 1894 4108 3022 4746 1197 451 105 866 2393 3697 3032 23 3493 2767 510 76 2079 4433 1469 2483 4160 1571 1535 3396 1227 4528 903 4952 4389 1245 1221 1830 978 4615 2491 2707 952 3784 3856 1945 4660 853 4840 997 4484 3102 4270 2657 2770 2498 3478 3434 4907 2236 2456 4331 249 4961 1980 4367 571 3584 1794 1547 680 126 4588 3930 1948 3175 1099 1744 1198 968 819 1943 1871 1571 4862 3306 1745 4361 4415 2403 2714 1255 3042 2575 3257 969 1639 2414 4347 256 4635 2816 390 213 1713 3763 1307
2870 4089 2469 2725 1667 632 4080 3328 3429 3452 1808 912 4831 915 4602 4959 2812 1272 2240 729 2114 1927 2637 4233 4482 1237 3714 2690 4894 2356 3820 88 4159 2942 2653 1777 3065 4910 682 2189 3765 4907 871 3861 2366 4051 4628 3333 1610 4700 2148 2847 3558 4875 4255 4639 1992 4929 3628 3107 3590 1234 3390 347 2451 1580 2138 3421 3828 526 2861 4629 3660 898 875 1351 608 603 4017 573 4535 1797 3936 2652 2057 733 747 1898 3312 921 2301 947 4872 3345 4591 2804 322 120 1532 525 368 263 865 2004 363 3469 1967 1609 2328 1481 4595 4960 2804 3787 2770 695 4968 816 2271 2356 4693 3017 2825 2734 3278 1063 2661 530 4059 1804 1306 2774 3231 2832 1554 3230 1737 457 1984 2318
1628 1715 4204 2140 551 237 4393 2976 2098 1566 2433 4520 877 2210 1510 3801 190 4212 2088 2361 1205 305 2461 4482 1589 728 2057 3231 2911 3403 317 2669 4114 1694 4448 2492 4879 4887 1526 3399 4090 400 3363 417 3836 3189 1419 1516 190 283 2243 4877 758 3889 2396 2941 683 785 4674 3142 1150 1558 3549 4072 4356 1592 836 1250 1439 4891 127 2417 3714 1515 4261 4661 4027 1235 2902 4648 3435 917 586 4307 2558 4359 444 490 1790 2254 4234 2236 2358 3659 871 3731 2880 3341 3580 4727 1811 1223 3017 3154 4379 1241 1669 1425 3721 3038 3715 4449 1301 3518 3928 471 2899 4428 4876 2653 2378 2983 986 921 1587 4277 1160 436 4986 212 3677 1176 50 2192 17 4990 2558 2601 4984 4139
4278 3746 3498 4851 1080 2474 4208 3746 3831 4038 985 2131 3352 1553 2852 618 2659 672 2438 3108 2190 1119 1310 1237 728 4792 1278 347 2994 90 4997 3608 419 127 3049 2241 1900 2558 977 1645 41 4767 2749 4489 156 438 1410 4583 3676 979 4788 2141 4859 2699 2943 4832 1094 4759 1011 3946 4238 3298 4792 4323 2025 4108 4235 750 2478 4375 3301 1814 4278 4612 2688 1212 1554 3842 1911 3024 679 1330 4050 925 3917 1816 2204 2133 472 1325 3944 4497 3565 372 951 3616 1039 3728 1578 3351 1131 3694 1201 4200 641 2877 4468 882 2771 4687 4079 302 2143 1545 559 4065 4828 4320 3252 866 1694 912 1422 4849 4280 3096 4589 1995 3633 1715 1182 379 4302 4888 1081 363 996 4399 4625 3381
22 3125 1816 1934 3498 3020 2455 666 2235 2756 3341 899 1658 3280 2932 4986 3766 3992 468 4681 3670 3544 4076 3714 2057 1278 3139 1008 2456 1301 3569 2706 2041 3440 3919 4754 1854 4754 3499 1842 2404 1343 3121 1501 1417 898 720 1420 2495 590 861 418 2379 417 687 1169 4280 834 4343 1208 639 1285 1611 224 4165 4275 3618 410 1438 1957 3853 4847 1390 1842 915 1922 3029 3303 3336 2712 3892 1863 1805 315 3677 4983 4613 457 2944 3702 4428 714 3468 668 2365 4477 3369 1530 63 803 2495 4651 2009 4153 1209 2139 3427 1568 4304 3631 4032 502 4136 2400 2167 2184 2725 216 3364 3306 4824 1321 100 3567 1342 843 4666 157 3679 1086 3428 3206 3703 1120 2283 2552 838 3310 2752 3634
366 253 66 1224 728 347 142 3313 3540 1919 3302 4721 1847 786 3104 659 2562 4652 3377 4008 2098 433 2121 2690 3231 347 1008 2377 3706 1293 964 1004 1498 4305 1921 1042 3823 2593 3173 3415 1299 4502 4437 2716 1104 2693 1486 3492 3503 1090 2884 164 1153 1356 3112 4469 394 4187 2609 1029 4486 34 734 2044 3277 4379 4778 2913 1461 1425 2312 1913 3848 724 453 58 50 3939 4981 787 2453 4488 103 549 1112 13 1476 4175 4020 3892 2998 2680 2974 2114 3851 893 1817 2028 4443 3420 1126 4467 124 3392 4191 2457 3366 1553 3802 3579 990 3348 4349 1235 2987 1614 665 4601 3317 4379 1857 2167 4407 2406 2560 494 4680 152 3952 1394 2486 4497 4272 4287 3268 2721 2070 3583 152 4213
2015 2790 3665 298 1731 2789 4939 14 1758 818 3534 1414 505 970 2551 3708 2306 3153 4241 960 4748 2225 3839 4894 2911 2994 2456 3706 1000 2734 903 4210 4088 401 3993 1171 3977 893 888 4863 4447 2026 4272 1930 1728 4987 1913 2916 722 4358 3827 4222 2121 239 61 2683 1710 1762 577 1344 3309 1923 1861 3754 2566 1194 2796 394 496 1415 247 4816 3699 4635 2552 177 2109 2839 1251 2591 3896 3466 509 100 1504 3259 56 767 589 3945 1146 703 2704 2283 2179 1339 268 4789 3516 1059 2946 1625 2205 3584 1281 3064 1560 3867 2644 508 4864 4586 3302 2060 3445 4868 3395 173 3453 3112 4506 3515 3740 2610 3833 1263 4537 3209 4766 2246 4224 2949 1900 2913 1056 3701 3700 2966 1516 4508
1312 1651 2291 4450 961 2642 3450 2142 1020 1989 3630 2062 4086 3303 3560 2689 288 1638 2789 3499 1452 4334 4294 2356 3403 90 1301 1293 2734 2775 4630 3394 2613 2307 403 3348 2544 4704 1774 3875 4919 3343 52 4654 3467 2686 468 4298 4811 3871 3759 677 4250 4341 2294 386 228 4290 1802 1446 3743 2100 4581 419 4650 3353 4339 1023 1975 4492 431 4548 4337 2229 4055 4054 3157 1066 4753 677 1960 3468 2452 861 1092 1281 2139 59 1438 565 2466 4461 4917 1438 1365 3163 3616 2279 1908 4744 2361 1534 2466 984 3358 2883 4707 62 1928 2701 2180 1886 2520 4842 3088 1535 3303 3148 2822 4968 4923 1744 1067 2732 498 4802 4859 1522 4595 75 1333 4163 2728 4802 257 4287 2377 4117 1926 242
4937 137 3389 3817 1819 3262 1424 4709 1887 4447 1281 3889 2374 3384 4672 20 3891 3389 499 417 3537 3503 3864 3820 317 4997 3569 964 903 4630 4383 1906 4142 1364 2791 437 4925 3706 4904 3395 2968 3369 3225 3511 2896 4717 301 2441 4977 2490 968 2658 645 2819 3843 4870 3778 1442 2867 2016 622 2031 3875 3060 382 1393 2441 1942 103 1105 1065 2014 3248 4136 4116 2318 4480 684 3500 141 4427 875 4708 294 4418 1388 4414 4359 143 1045 3466 780 766 4099 521 1586 1253 3914 563 757 607 4819 2505 3354 2186 2687 3332 1194 1873 956 1434 2338 219 1780 2727 1440 4240 2197 3334 1098 2244 1226 2883 2970 674 1582 2847 2845 2535 3555 2109 4381 2002 3398 1297 3883 1884 2194 595 847
3326 1680 1975 3675 1222 1255 172 1790 304 615 1580 4145 2966 4257 1635 4067 1620 2071 2465 544 1691 4082 1592 88 2669 3608 2706 1004 4210 3394 1906 3098 2619 4676 129 3875 2856 1774 1497 2899 4813 4636 543 2588 964 4525 2457 2035 3184 4485 251 613 3446 3354 3061 3059 3833 3725 3750 2554 2842 369 2152 2467 4076 3456 4349 4629 3665 3264 4334 4783 1690 4000 2033 3537 1541 4179 321 3861 1046 4275 465 1530 4123 2480 4631 957 991 2745 4752 269 3283 2695 1408 3628 2094 885 4064 344 1261 1827 631 4966 4802 948 4057 4867 905 3863 1554 441 1887 267 712 1036 2746 2975 3819 4037 1873 3412 2152 4169 3559 501 3312 1468 938 426 1303 1711 3345 1281 2260 1207 2326 3900 2252 3438
3958 4191 3625 1121 378 1535 2120 4088 4439 1980 4525 4348 4064 2796 103 2531 3240 2987 334 2354 4977 541 4416 4159 4114 419 2041 1498 4088 2613 4142 2619 1392 1033 2877 4259 3905 950 3961 4658 3668 2652 2896 3998 4838 2662 2918 1988 2953 4140 1115 3665 4816 387 1581 2621 1224 3088 1731 4915 1782 1105 1725 3478 3107 4743 149 1313 628 4973 708 4414 4314 2893 4177 471 1565 4888 697 1601 497 4912 3028 3914 443 1652 2484 2738 3817 3073 784 1181 3337 3835 2015 1132 3222 741 3512 4782 3449 3909 911 109 958 751 4397 2059 2079 2070 3866 418 1335 365 913 2337 2749 4643 3159 3072 1807 4215 2166 1236 2381 2241 1857 1501 3719 4280 4440 1029 1453 2825 1081 2346 2172 1106 144 1599
4146 3429 2812 497 635 2480 1179 1325 3685 2015 1252 1916 3591 617 4696 3809 58 3418 1903 2550 782 2341 3619 2942 1694 127 3440 4305 401 2307 1364 4676 1033 1108 2610 678 1582 1001 2691 4330 3904 1887 1439 4751 2258 1473 250 508 374 3497 221 4454 4985 4526 3936 3305 4322 333 2333 1460 2050 4351 2835 1197 2523 1418 1251 3835 352 1606 304 2664 65 3043 472 4348 1716 3853 3554 1894 580 4571 765 3399 1022 121 2657 1771 915 4954 477 4235 221 3940 881 911 2615 2178 4165 4339 1732 1718 4638 3414 4791 829 3546 4835 383 4327 3553 4900 4207 2298 3388 425 981 2548 4097 4904 3501 32 4033 4123 1912 3613 2030 3854 4810 4248 3030 2530 3901 3285 2374 2963 4207 3705 100 222
2502 4085 4415 3812 4335 4694 3344 2287 1849 2271 3386 2980 3573 1630 3623 268 1315 826 2982 1094 2907 3875 130 2653 4448 3049 3919 1921 3993 403 2791 129 2877 2610 940 1077 2965 146 4532 2791 1939 443 3036 3443 4856 2454 3184 1382 276 4414 857 2014 1988 2337 478 3628 623 2404 2372 2096 4515 3949 1003 1598 1652 1528 2575 3429 2222 3734 2590 2287 1242 1493 106 4969 4663 3354 1144 3687 3257 4961 3223 132 3866 3668 1178 2416 2549 2156 4911 2086 343 1825 2445 391 2242 864 3120 262 93 3111 1695 2382 3804 1833 2453 3188 865 3823 1646 2776 2989 852 2575 1229 2573 3378 1126 140 3650 4337 4005 54 3924 1694 94 1121 4414 2617 4871 827 287 2227 4799 2228 2464 1716 2293 3570
1211 891 1201 1294 4873 1265 1350 2142 4925 3228 4550 4057 4283 705 3391 2528 4029 243 2917 3102 4102 1436 2563 1777 2492 2241 4754 1042 1171 3348 437 3875 4259 678 1077 578 1855 651 1937 2722 1465 364 1185 1218 1709 2689 2869 4461 2037 961 839 2886 1295 1803 2019 3683 2892 755 285 1778 707 2422 2517 4291 1206 96 647 4760 3938 3877 1004 3925 4957 1675 1999 3313 3198 4246 2496 3356 1099 2189 1330 2212 4784 933 3895 3172 4324 1741 854 1271 4548 4555 3152 2780 2373 1949 2099 4975 867 3377 117 601 3110 1173 3539 119 4188 367 4618 2400 706 2803 4401 388 174 1682 3949 4321 3602 1520 4664 94 3893 3532 1563 2175 338 274 1266 4999 817 3695 1747 4363 3669 3260 3580 3883
4949 4835 1265 3502 683 2059 324 4264 2120 4837 2147 2191 439 2828 1380 2030 4564 2659 3595 3811 4142 1149 1134 3065 4879 1900 1854 3823 3977 2544 4925 2856 3905 1582 2965 1855 798 342 3670 4576 1159 831 2919 1066 3559 682 1876 3959 832 2143 2778 4661 2799 122 4652 1500 2203 1112 4943 4091 4732 4517 48 4939 1633 4520 3625 1137 4568 1807 4444 658 2728 173 101 1272 855 4823 3246 1931 4334 1468 2122 3769 1414 1129 2182 243 3216 2469 4896 49 4029 1006 4894 805 506 3950 400 2602 772 1515 4323 4353 3605 1393 2585 166 3587 4451 3755 4444 4598 1023 4410 4247 4739 2077 430 4776 2438 1062 380 2469 3104 3277 4418 3103 1191 65 889 504 3664 896 1083 64 366 855 3391 1567
4500 3480 1028 1061 4189 120 834 518 368 2413 4406 2812 2249 2242 1749 1665 4063 709 4627 1446 4715 3391 3724 4910 4887 2558 4754 2593 893 4704 3706 1774 950 1001 146 651 342 4683 1813 3307 1701 21 1544 1574 1770 2634 704 4842 1835 674 1333 4840 4932 1866 1259 4083 3553 4489 4023 4974 2908 2149 3244 4277 2427 4429 4639 3395 2985 3019 4682 4821 4979 2108 4932 1056 3431 217 3514 3827 721 2247 2307 2628 4503 390 400 4401 1406 4152 3556 4001 4209 3188 2658 4195 804 1568 75 470 1645 4061 854 2398 933 4369 4348 3949 28 3989 4766 1577 699 4053 2033 4997 4715 263 1010 3604 4259 1171 4553 2859 4934 980 2703 3207 1820 1392 3865 4665 3786 2901 963 126 1726 1845 4962 126
1215 2253 130 2228 3865 616 710 1194 56 503 2154 2467 741 4563 2322 4490 1402 986 4260 4721 2490 2782 2826 682 1526 977 3499 3173 888 1774 4904 1497 3961 2691 4532 1937 3670 1813 597 4406 2053 956 2733 1804 2370 4583 4535 560 656 2063 84 1353 2849 1862 920 4550 3396 1907 2177 1630 503 2662 201 4147 2599 1330 2855 4824 2144 734 4902 3521 132 4791 3253 2717 4207 2787 4527 424 240 1127 387 3077 4980 4990 584 2490 3481 2573 877 1086 4201 448 2582 1575 2757 3082 2831 4580 2560 4115 3969 3558 4468 150 3713 354 1529 3270 3065 3772 1107 3059 3344 2835 2432 3568 4949 3304 4662 4275 4385 253 1510 2776 2467 1320 3590 4005 1917 4472 2305 2527 3330 2589 1019 941 307 1219
670 3556 3906 4023 3578 3641 4205 4630 4340 178 2192 3770 4950 4105 1367 4050 3725 1816 1739 4164 3416 4117 1894 2189 3399 1645 1842 3415 4863 3875 3395 2899 4658 4330 2791 2722 4576 3307 4406 3161 4204 3312 4193 3233 1073 1126 179 2489 4949 1416 4247 3141 1340 1754 3781 4923 3603 4717 3210 4781 3616 1940 1767 3400 1840 2400 994 4263 606 4625 4432 3303 1659 707 1909 4404 2219 2377 2764 678 4926 1668 3155 1637 2849 1306 2163 1591 4456 3770 61 878 4148 684 1576 3868 4550 4608 2093 4753 3799 3602 1430 3684 4507 1119 3847 2060 2873 2467 2593 1413 3462 1606 1304 3287 2016 4992 1040 4265 2066 4912 4455 4897 440 296 4769 4916 755 305 4893 2506 2091 1284 2995 844 4307 926 1755 476
187 132 831 4064 588 3130 292 2131 2154 3440 1553 4670 2584 647 3407 2222 1112 214 3193 2588 4210 2953 4108 3765 4090 41 2404 1299 4447 4919 2968 4813 3668 3904 1939 1465 1159 1701 2053 4204 3880 393 1946 4840 487 1736 4445 1056 2412 4357 1695 377 523 2663 3944 1290 1357 598 736 4322 3325 1850 4787 1119 886 4272 3958 1671 2674 1061 111 3203 4267 2290 253 4295 1178 3897 954 3332 4176 3254 999 4519 3357 3399 1634 2358 243 1414 2632 2433 388 1416 1391 4451 3731 2321 3847 103 2848 842 2732 930 4319 4200 2700 4112 1726 3665 283 4694 1322 539 2463 2878 465 2237 1272 1924 226 4620 2819 1923 3184 1644 1038 983 4094 4573 2088 3467 1886 754 134 2718 14 3169 2794 3811
426 814 3394 4836 373 4702 3500 3818 2679 1104 1077 3957 4126 1902 2777 4153 426 4288 2724 3487 355 2918 3022 4907 400 4767 1343 4502 2026 3343 3369 4636 2652 1887 443 364 831 21 956 3312 393 3014 2735 1342 4710 347 4106 43 1543 3719 2633 3351 1417 2042 771 243 504 567 1423 1166 1482 1857 4209 3786 1023 2395 3306 2312 3169 45 3969 3405 3285 3582 582 3459 3097 4228 1894 826 3911 2952 3789 683 363 3868 2568 2342 1734 1460 539 2592 1005 830 3498 4261 3339 413 625 341 3223 4461 1595 631 2917 4130 393 3996 464 3443 3442 4066 1716 1944 1274 1557 1272 1145 3137 3769 899 3593 3050 1815 3996 1112 953 2201 2801 1043 3462 4160 4626 882 2993 3604 2957 3589 176 3452
3744 4827 273 2274 2634 2321 4902 1423 268 4542 4130 4441 4352 3198 4251 1605 1606 2465 2388 1942 1244 3030 4746 871 3363 2749 3121 4437 4272 52 3225 543 2896 1439 3036 1185 2919 1544 2733 4193 1946 2735 1368 4160 3452 4992 2344 2890 1837 2505 517 3120 2778 4121 1357 2354 4864 1287 4935 269 1875 1560 1725 2308 1254 3839 2788 2238 1480 92 3621 4180 2249 1682 2153 3856 1641 4603 4062 1803 3271 4887 1321 36 645 3652 4226 3444 3478 1058 3164 1551 851 4257 4169 2363 4226 3118 513 1540 445 2676 2735 4661 1947 2366 3606 719 1716 632 3050 244 1057 1275 3900 1561 3530 3346 2544 895 3411 2970 1499 53 268 1130 376 1024 716 4946 3695 4787 2339 2174 4372 3310 3445 4313 4008 3179
4594 3491 882 4148 3413 493 942 2198 4725 4096 4766 3815 3646 4384 2729 2435 4995 4192 2534 850 2237 3452 1197 3861 417 4489 1501 2716 1930 4654 3511 2588 3998 4751 3443 1218 1066 1574 1804 3233 4840 1342 4160 1255 3314 3771 351 1947 2942 4217 4615 4509 1297 497 3207 728 2088 1498 4088 4144 4420 4991 3727 1299 2777 1943 4195 4645 1828 4187 3114 4131 438 2061 2916 3848 2836 2774 1620 4015 1493 3472 3621 4200 578 2864 1560 2148 2129 3165 836 223 4662 501 1029 4393 4137 2422 3133 2103 4620 2609 3020 1331 2646 4753 4570 2753 1895 2117 4331 2246 4881 1420 2904 437 1340 978 2865 3838 4027 599 899 2067 2805 4543 694 4141 1656 3704 700 3868 1880 4803 1888 2309 2212 3098 1188 1384
3941 1511 217 4949 185 3434 1763 1665 2319 4522 2867 3016 1367 2645 2913 134 3042 2442 1995 2510 103 211 451 2366 3836 156 1417 1104 1728 3467 2896 964 4838 2258 4856 1709 3559 1770 2370 1073 487 4710 3452 3314 3091 851 4410 373 1169 2896 3354 653 2611 3119 2676 1392 3842 4775 3010 56 3869 2574 631 3479 3531 2379 1324 1455 1765 1420 1017 4206 1439 283 2039 416 1102 158 422 3578 806 2365 33 3751 4936 1655 1932 2361 1022 3603 3574 3236 4875 3242 2966 4037 222 4344 1600 4481 946 2557 1322 2931 2828 3973 927 3677 12 251 4258 3190 2086 3327 1084 1058 4971 4042 4478 465 619 1085 1949 2088 3922 1239 806 2618 1143 59 4956 4042 4075 3272 1856 3799 3433 610 3583 220
911 236 4171 1672 2635 4207 378 2728 303 2047 3933 1148 3552 32 2332 1042 4521 1088 473 2563 2489 1969 105 4051 3189 438 898 2693 4987 2686 4717 4525 2662 1473 2454 2689 682 2634 4583 1126 1736 347 4992 3771 851 4457 2617 1710 353 3762 1228 2101 4599 1875 2750 2136 3163 1369 4183 198 3540 3477 90 3488 1238 3808 3286 2270 2101 1776 669 1569 1864 574 4972 4703 2142 796 826 2435 1854 1891 1002 1815 1083 1289 4925 1624 4161 4543 4151 2503 378 570 4668 2918 1850 1799 2840 2296 931 3917 1522 446 1423 2908 2554 1427 1213 2592 4798 3770 666 461 3510 2115 2609 2440 1520 1388 4052 567 4099 1319 2578 3606 2143 1813 1778 4965 3348 1300 926 2189 4594 1460 620 997 1194 4462
4179 3341 2313 2468 1674 2641 4697 4847 117 4046 4780 832 3416 3573 727 2662 880 3398 2262 345 1147 2902 866 4628 1419 1410 720 1486 1913 468 301 2457 2918 250 3184 2869 1876 704 4535 179 4445 4106 2344 351 4410 2617 726 4866 4411 1051 1562 2831 4371 2049 498 508 3593 1823 3923 440 1316 775 1810 3820 1820 2695 3441 4225 931 1346 4285 1895 954 1524 3372 4598 3251 4943 4245 471 2464 4114 4702 1510 4798 3743 2893 1502 1514 1728 2215 883 172 3395 586 962 4503 2228 4345 3040 3573 3867 1998 2855 4408 4467 4274 3145 779 2960 2608 3780 2212 451 231 1557 2909 652 2367 3383 2557 892 3859 694 1901 682 4242 2205 1292 206 3505 3041 499 1931 101 2808 2821 996 2419 888
1464 2067 1276 3558 1569 3812 2068 1284 885 2933 832 1181 1601 856 4716 2533 4747 1052 1871 4220 4344 2209 2393 3333 1516 4583 1420 3492 2916 4298 2441 2035 1988 508 1382 4461 3959 4842 560 2489 1056 43 2890 1947 373 1710 4866 4431 4058 4912 62 992 2643 260 4253 593 4176 1148 896 1546 2156 1964 4560 321 4242 4781 3417 4242 32 1242 794 785 970 2212 1132 4626 3542 4351 2748 2858 2845 3563 4565 622 2626 1397 4281 669 3627 3936 4513 1014 4963 4355 1275 899 1729 1823 4780 4785 4859 4595 4108 4905 1152 4362 3999 533 425 3408 4239 2070 1481 4223 3092 1491 3849 1705 1906 4927 3469 2464 1870 3908 1647 4575 4403 4739 681 159 4470 193 419 2411 2012 4805 556 3276 4344 3010
4076 1994 1140 4343 2018 4198 4235 1541 1964 2289 4472 4749 2390 622 3190 1589 3093 2350 776 1457 4789 4088 3697 1610 190 3676 2495 3503 722 4811 4977 3184 2953 374 276 2037 832 1835 656 4949 2412 1543 1837 2942 1169 353 4411 4058 2192 3240 3374 1775 29 134 3468 4289 2091 602 823 2667 4709 1843 992 3680 1074 2156 3415 4280 1565 4650 938 360 1798 3320 2943 2701 597 2793 4566 2765 3401 232 3570 752 1941 2684 3810 3131 1974 317 4294 2070 1914 970 1604 104 1587 249 1551 1737 3659 3653 4182 4000 4909 1025 158 2698 1453 749 2247 4590 3645 568 52 4340 3010 3936 3305 4501 3790 1419 1993 2408 4722 1998 4709 1097 705 2929 3741 2281 743 729 2560 992 3960 2277 1693 627
37 3078 1625 4524 1348 1874 4620 4716 1298 461 892 412 1525 2362 4827 1738 3019 4562 4203 3855 995 4821 3032 4700 283 979 590 1090 4358 3871 2490 4485 4140 3497 4414 961 2143 674 2063 1416 4357 3719 2505 4217 2896 3762 1051 4912 3240 454 2896 1388 134 3732 2819 998 3787 1510 4185 719 1579 4557 3666 117 321 4748 3779 4383 2063 1725 3773 1553 2350 4421 3224 3276 4954 2743 1467 4465 3764 3830 429 4602 1345 3909 798 611 2594 585 1386 3419 4052 1065 1219 1333 4069 2128 501 1231 1206 3719 3321 1569 1225 1757 468 3936 392 1443 2713 174 4009 4057 4865 2159 3576 1181 3228 450 613 177 3587 2684 4340 24 4495 1092 2371 3631 3822 2453 1170 3471 1636 2665 861 3454 4315 4071
1112 4957 3739 2847 710 2863 1275 4237 112 156 3261 1492 3762 1256 4629 3515 2109 3117 765 1661 609 3743 23 2148 2243 4788 861 2884 3827 3759 968 251 1115 221 857 839 2778 1333 84 4247 1695 2633 517 4615 3354 1228 1562 62 3374 2896 462 2988 2554 3301 1246 1128 3275 1956 4219 2889 850 931 1357 292 3028 2972 2681 394 4833 1219 4037 3409 380 2180 4666 1656 1823 4312 4060 4494 2579 3473 1031 3193 3689 2811 2171 582 2581 3744 3872 2520 3272 4960 2502 3812 829 4067 1357 3930 3180 3302 4481 2001 216 3394 4113 4198 1620 4525 4743 4104 4287 148 4485 2886 1632 2020 354 3243 3412 1759 2002 886 3703 1420 1346 4598 2731 444 3320 3958 3715 1065 3934 1972 2394 566 3698 1221
4876 717 3274 4437 3706 1579 195 1876 2812 2481 539 4175 633 1553 1568 2072 4101 3082 4209 1982 1622 3621 3493 2847 4877 2141 418 164 4222 677 2658 613 3665 4454 2014 2886 4661 4840 1353 3141 377 3351 3120 4509 653 2101 2831 992 1775 1388 2988 1366 2138 2043 4523 4421 3624 1876 1728 1115 1334 2878 1084 2508 2173 3230 1204 2080 4377 395 955 2439 131 153 2859 920 3097 3755 4550 2878 520 3056 4345 4867 2436 1086 2252 2000 744 409 3094 1157 4003 1648 3868 391 4099 4129 2731 3003 1842 4989 2078 510 4215 362 4629 1313 2437 2776 4289 911 859 802 3478 4065 1196 2998 3077 3061 51 205 3893 290 1923 1408 737 4486 2097 3359 3216 1631 3306 795 3071 1298 4210 4941 1187 904
1348 2230 26 2480 4144 3326 247 2410 1405 1926 2486 4712 1163 4235 847 26 950 1075 2036 1315 776 2836 2767 3558 758 4859 2379 1153 2121 4250 645 3446 4816 4985 1988 1295 2799 4932 2849 1340 523 1417 2778 1297 2611 4599 4371 2643 29 134 2554 2138 3955 4381 4151 4727 2701 550 4932 635 1004 1453 3390 2132 4507 4273 2138 1596 646 965 2994 3415 4640 3144 4593 4794 835 2990 4243 2948 4618 3294 2444 3253 2409 504 4394 1762 269 3599 309 4326 1492 2818 1780 2539 2029 3803 3360 688 741 811 864 3595 1859 3236 2689 1962 923 1614 4937 1932 4038 3325 2433 3680 1444 970 3095 3131 2285 2241 3250 4522 2619 2989 1369 2539 771 625 2953 4132 4140 1895 1395 1992 2555 4180 1331 4359
998 4403 3057 2522 2386 1697 433 444 4733 1234 2687 4810 1320 137 2951 610 2558 2900 3164 4477 3885 1976 510 4875 3889 2699 417 1356 239 4341 2819 3354 387 4526 2337 1803 122 1866 1862 1754 2663 2042 4121 497 3119 1875 2049 260 134 3732 3301 2043 4381 2816 4181 4595 4928 4543 4528 331 4506 1934 2076 3994 4810 2021 4158 1480 3874 3453 3632 4770 4888 1169 633 1782 127 1144 3382 2284 572 1753 3250 4218 417 2927 1389 2683 3055 2540 41 3764 3356 2535 831 4896 1412 2648 2942 4969 2773 2263 1453 2457 3856 3110 1981 4740 307 3302 554 3938 372 2552 1896 1520 1166 383 3059 3618 2452 2025 471 3850 871 1326 3548 392 3587 3397 334 3763 247 3739 3927 747 4249 892 761 2890
3730 3171 2477 801 3089 3165 2521 3868 3985 2845 2869 2175 2332 4364 4970 1961 3696 266 4199 1871 2392 653 76 4255 2396 2943 687 3112 61 2294 3843 3061 1581 3936 478 2019 4652 1259 920 3781 3944 771 1357 3207 2676 2750 498 4253 3468 2819 1246 4523 4151 4181 4082 1319 53 3425 4742 4812 3728 2850 4568 3837 721 3110 4745 2339 4422 637 942 3153 4788 1236 449 1465 1691 214 4500 1755 1343 3467 1609 4656 252 1733 2600 439 1626 2936 1897 1478 3966 451 4626 2682 575 4473 3370 1290 3604 1911 4132 1252 1446 504 1304 3878 4053 4518 4553 2475 3419 1000 4372 4621 149 3669 4497 4218 1857 94 382 4523 2492 3085 3121 309 4961 2388 1637 1146 2339 2421 2288 3439 157 2969 1409 2149
2201 4718 1712 3478 1602 3187 3753 1007 1515 3232 1543 2207 2640 1080 388 4915 3150 2882 766 296 3647 1965 2079 4639 2941 4832 1169 4469 2683 386 4870 3059 2621 3305 3628 3683 1500 4083 4550 4923 1290 243 2354 728 1392 2136 508 593 4289 998 1128 4421 4727 4595 1319 2509 1137 911 1452 289 1444 2123 1513 1716 3063 2787 699 338 3296 1508 956 4707 2062 1211 2133 2872 4122 2549 2344 940 217 3717 3208 3263 466 2329 4654 1886 2710 202 1481 1335 3373 103 396 3273 3064 4200 2047 3329 2302 985 1844 2078 547 3750 4830 2801 954 1547 4298 2606 4098 4116 318 3637 77 4340 3405 4319 991 3826 2130 1005 1970 803 3927 13 2921 2650 1854 659 4928 4690 2329 2701 4638 3552 2688 4853
3872 2443 1999 713 2146 3551 2304 3248 2653 661 4058 3306 2806 4220 3864 3792 1469 1014 4075 4628 976 4241 4433 1992 683 1094 4280 394 1710 228 3778 3833 1224 4322 623 2892 2203 3553 3396 3603 1357 504 4864 2088 3842 3163 3593 4176 2091 3787 3275 3624 2701 4928 53 1137 3874 708 2199 4312 430 1437 1323 3074 2880 4152 4467 2312 2023 3420 4303 730 4803 570 1289 4554 913 3205 2459 3898 2674 4091 4137 1710 3801 16 1794 452 3341 1341 2155 2515 3318 1785 4319 4935 3430 189 4908 3696 3200 1231 3113 1047 2453 841 3587 2926 360 928 3187 2979 3614 864 2631 509 884 1114 1627 2641 1625 3525 4956 838 1042 2419 4851 2157 1616 4724 2597 3916 210 1671 312 1251 4298 1299 1437 1562
364 3803 3980 4834 3197 1008 4467 4648 2901 3552 4009 1448 1038 3995 1151 2615 2395 429 2168 1900 3203 2531 1469 4929 785 4759 834 4187 1762 4290 1442 3725 3088 333 2404 755 1112 4489 1907 4717 598 567 1287 1498 4775 1369 1823 1148 602 1510 1956 1876 550 4543 3425 911 708 449 714 2895 2908 4053 3648 1056 1340 3844 3508 4441 1756 1342 1028 982 1071 1039 4534 2505 1598 1289 912 825 785 1086 2639 2539 977 1227 1783 1921 4732 4177 4585 2491 371 4254 1615 3422 625 2533 2175 1865 4550 1445 4077 2358 3234 2610 4308 3895 2109 3616 1648 3311 1979 200 4349 1591 2760 2546 2017 1882 4178 4765 1780 2196 2530 1386 4004 2768 1469 1175 1977 608 3345 177 4600 4679 121 3784 2219 3404
3977 310 837 2954 1858 3311 424 2506 1092 2477 2842 2768 4151 2723 426 3867 3185 1571 1636 2657 2500 236 2483 3628 4674 1011 4343 2609 577 1802 2867 3750 1731 2333 2372 285 4943 4023 2177 3210 736 1423 4935 4088 3010 4183 3923 896 823 4185 4219 1728 4932 4528 4742 1452 2199 714 973 2741 345 4854 163 3551 714 4395 381 4084 4433 4576 202 3119 4420 4114 299 365 271 3690 2683 4605 711 22 4608 2322 4232 2110 4147 646 4234 2557 4325 4597 987 2517 3127 391 2827 3828 2778 2997 2359 57 4907 4241 183 1494 134 2282 2943 3207 1380 4640 4084 2495 3913 3277 1826 4168 1580 2778 1669 4073 4267 2618 2559 1477 4765 3734 209 1362 1054 4313 2189 1498 4973 2044 3578 1686 990 2670
2406 1641 2842 696 4661 2293 1593 1426 2137 896 2341 1551 3950 546 1106 2827 1837 362 4352 1771 4897 2904 4160 3107 3142 3946 1208 1029 1344 1446 2016 2554 4915 1460 2096 1778 4091 4974 1630 4781 4322 1166 269 4144 56 198 440 1546 2667 719 2889 1115 635 331 4812 289 4312 2895 2741 592 545 4274 4696 4882 783 1431 2782 1619 729 995 2027 2690 2032 2391 2005 1087 3319 519 2987 2593 3190 2664 2286 1431 3635 1858 3869 2918 832 3490 4109 4184 1469 4821 1646 2595 592 3130 3291 1327 3186 2572 1418 1861 4958 1969 4127 2900 2389 4702 3190 3606 2508 4817 3104 3436 1718 1721 415 614 3828 3841 4578 4376 230 4781 614 2543 3170 749 4227 226 78 2569 3004 2063 1885 2371 1239 2644
1916 4127 1962 3441 3579 1576 339 3848 4259 807 682 2140 857 1156 3144 1933 1238 4679 4938 3832 56 1479 1571 3590 1150 4238 639 4486 3309 3743 622 2842 1782 2050 4515 707 4732 2908 503 3616 3325 1482 1875 4420 3869 3540 1316 2156 4709 1579 850 1334 1004 4506 3728 1444 430 2908 345 545 2540 2980 2504 1620 3465 3609 393 4234 2996 1156 3175 4805 151 3697 3537 2959 849 3703 1146 918 4850 1815 4370 4813 2323 1458 280 612 2752 3239 3385 1056 4235 4561 312 1384 3204 3727 926 4274 2024 2374 1540 2109 717 4936 3017 1744 4927 4057 4278 3796 4507 1866 504 4617 2863 648 2593 1110 2954 4144 3764 434 3451 4536 3478 4671 1260 4657 4473 779 3281 458 1838 4016 2950 4653 1030 4715
3026 139 403 1743 671 4356 3685 608 1066 3975 3267 3077 4816 1547 2112 3866 352 3944 3479 3295 96 4514 1535 1234 1558 3298 1285 34 1923 2100 2031 369 1105 4351 3949 2422 4517 2149 2662 1940 1850 1857 1560 4991 2574 3477 775 1964 1843 4557 931 2878 1453 1934 2850 2123 1437 4053 4854 4274 2980 87 2176 2013 3713 760 2304 4163 427 4324 2883 3682 3928 3273 3127 826 2099 1918 2054 2511 1278 4727 1074 1539 2243 963 343 1164 4871 3950 4753 2998 4746 399 4963 800 1323 3140 4143 4410 314 4183 4688 4747 3034 2624 3036 4345 3464 354 321 3558 2851 1866 2831 2922 1902 2018 2097 122 4827 4176 206 697 1242 89 4770 908 3570 3852 1380 4768 2385 4806 486 4336 4914 4802 3307 3659
4075 3377 565 371 4688 1328 2510 940 1584 987 3028 1121 4392 1220 1052 1983 103 2230 1189 2076 4105 546 3396 3390 3549 4792 1611 734 1861 4581 3875 2152 1725 2835 1003 2517 48 3244 201 1767 4787 4209 1725 3727 631 90 1810 4560 992 3666 1357 1084 3390 2076 4568 1513 1323 3648 163 4696 2504 2176 1665 1908 4549 4120 466 460 3909 554 1368 1771 2822 4963 3913 1107 2169 876 2243 1695 3712 2158 3679 4025 1834 1302 4601 309 2939 4267 1307 2699 2258 2577 433 1002 2898 1144 404 1707 3051 3635 2666 329 1376 1329 1873 4941 157 4760 4430 2365 4351 2225 4416 3484 4026 4483 3583 1847 4544 2904 2390 4681 1967 3675 906 3843 1465 972 3413 682 1437 2988 2186 259 1082 3904 4131 546
2557 4117 4382 1556 4050 1183 2758 1798 586 4773 4517 2962 4844 1047 4811 3076 973 1398 3235 3324 1176 228 1227 347 4072 4323 224 2044 3754 419 3060 2467 3478 1197 1598 4291 4939 4277 4147 3400 1119 3786 2308 1299 3479 3488 3820 321 3680 117 292 2508 2132 3994 3837 1716 3074 1056 3551 4882 1620 2013 1908 270 2737 4219 4253 1853 3637 1201 3303 647 1510 443 4225 324 4320 508 3783 4886 1492 1400 4152 1767 2039 3337 4593 3276 4532 1374 3424 331 247 804 4284 832 1867 1953 4310 2492 2629 4532 4843 1157 2508 3806 544 3148 4993 3063 2194 1659 2685 649 619 1606 4917 2850 800 4148 1016 2256 3083 3494 2673 3387 1553 579 345 3032 3399 3374 1444 4822 3297 137 4476 2757 447 2316
4125 4419 2481 4806 3738 4180 4492 3598 759 511 1629 3243 2706 1870 3611 2071 1571 3363 4986 3896 429 2468 4528 2451 4356 2025 4165 3277 2566 4650 382 4076 3107 2523 1652 1206 1633 2427 2599 1840 886 1023 1254 2777 3531 1238 1820 4242 1074 321 3028 2173 4507 4810 721 3063 2880 1340 714 783 3465 3713 4549 2737 4221 4023 4451 4991 1550 67 108 3741 3717 3679 3617 4230 1696 4298 4017 1855 3094 3863 3266 3717 2105 2597 2809 2210 4568 1811 2501 896 1474 3728 2356 2404 1488 2451 1083 3302 653 609 1582 3908 428 4038 1668 1503 2231 3984 3350 1410 3107 2430 1801 1718 3237 2568 2205 994 4374 847 3418 1252 1267 4143 2008 3862 1590 2691 44 2992 1968 1697 2314 4071 2926 3331 1017 3739
605 919 3013 4129 3980 1948 2140 2962 3301 533 1185 1947 20 957 129 519 1630 3463 1666 3321 2762 2910 903 1580 1592 4108 4275 4379 1194 3353 1393 3456 4743 1418 1528 96 4520 4429 1330 2400 4272 2395 3839 1943 2379 3808 2695 4781 2156 4748 2972 3230 4273 2021 3110 2787 4152 3844 4395 1431 3609 760 4120 4219 4023 4588 2657 2963 4324 11 4033 4281 3718 308 2972 461 3131 3284 1070 3244 4176 3817 3580 2802 4134 887 4357 4433 3628 4504 1225 3048 603 3032 4269 1434 3847 4935 3491 4002 2020 988 624 4574 2299 808 1574 3210 3484 476 2491 471 2717 3122 680 1775 3308 4071 3765 2740 2595 2521 268 4783 738 4911 3069 1112 1419 4866 4782 976 659 4086 326 1628 4148 4928 4962 818
3836 3823 3042 2816 4404 895 3554 4071 1454 3994 4259 811 4188 461 4278 43 1176 44 4207 2004 1483 1917 4952 2138 836 4235 3618 4778 2796 4339 2441 4349 149 1251 2575 647 3625 4639 2855 994 3958 3306 2788 4195 1324 3286 3441 3417 3415 3779 2681 1204 2138 4158 4745 699 4467 3508 381 2782 393 2304 466 4253 4451 2657 4409 3599 3540 4819 70 3338 1138 2051 1481 1812 2176 2583 4797 2035 353 3218 3209 3992 1435 3768 3942 4908 2121 3999 2890 4277 2615 1070 1247 2974 1336 1565 2468 3327 4727 3783 2855 98 2002 4399 773 3631 3303 4400 2982 1850 794 3890 2642 1333 1432 2457 3683 437 3243 717 2340 3817 972 4185 1545 4660 1069 2427 2959 1056 214 1322 3731 2923 1077 1156 1524 1612
2467 3157 4839 580 4386 2027 934 192 4380 559 3770 2148 168 1041 1716 4262 1790 1549 330 924 1427 477 4389 3421 1250 750 410 2913 394 1023 1942 4629 1313 3835 3429 4760 1137 3395 4824 4263 1671 2312 2238 4645 1455 2270 4225 4242 4280 4383 394 2080 1596 1480 2339 338 2312 4441 4084 1619 4234 4163 460 1853 4991 2963 3599 2820 3523 77 466 931 24 2130 3256 485 1239 1821 1953 1313 689 3526 2404 4598 2714 1642 989 1763 2925 3674 3166 3220 3241 1730 1631 1538 3008 689 3457 2537 4322 831 2026 1562 262 2675 4167 336 1992 3200 3328 2174 2462 2011 3114 3414 570 2226 2089 1299 4529 2808 3640 2168 3524 3743 4986 4962 58 1065 2548 107 1493 4588 2577 532 2486 1276 54 4985
2957 3515 2805 4111 2525 3859 3517 2533 2166 2375 2855 1098 1986 2834 2181 2004 4893 210 3445 4462 2589 3877 1245 3828 1439 2478 1438 1461 496 1975 103 3665 628 352 2222 3938 4568 2985 2144 606 2674 3169 1480 1828 1765 2101 931 32 1565 2063 4833 4377 646 3874 4422 3296 2023 1756 4433 729 2996 427 3909 3637 1550 4324 3540 3523 3644 941 2197 3657 3774 3619 4896 4255 1165 3854 1615 4416 3888 4415 2267 1207 4570 3733 388 3835 3598 4088 2950 1991 3695 1370 945 3283 4420 702 920 4897 292 2321 2849 2998 1428 3170 1537 1751 3107 101 1660 4501 1435 1509 2838 108 3533 1192 3798 2590 3132 3898 1512 1909 4463 3756 4563 628 4635 2112 325 636 1851 2431 2392 4876 456 3308 4342 2469
3914 4358 175 2945 1338 2584 3787 3140 3204 1130 1897 3983 3341 3946 916 4414 2770 4632 1220 1574 4077 3765 1221 526 4891 4375 1957 1425 1415 4492 1105 3264 4973 1606 3734 3877 1807 3019 734 4625 1061 45 92 4187 1420 1776 1346 1242 4650 1725 1219 395 965 3453 637 1508 3420 1342 4576 995 1156 4324 554 1201 67 11 4819 77 941 981 2836 4768 1503 1506 1123 3327 4935 2300 1655 207 4663 552 3603 3735 1665 1482 2758 3322 4375 2162 4372 51 2706 192 997 1055 3984 287 3117 4539 83 3087 605 4581 4286 68 4015 2765 893 4774 2437 3348 1354 2560 4205 936 1937 2515 2662 2970 2309 1886 4583 54 1592 1409 3241 4307 1955 2779 2617 3326 2742 1547 3605 1749 2165 3721 3771 1108
549 2536 2860 2366 2773 440 1272 4473 898 1259 4326 4084 4106 3545 4283 468 1407 917 3551 3162 4676 1913 1830 2861 127 3301 3853 2312 247 431 1065 4334 708 304 2590 1004 4444 4682 4902 4432 111 3969 3621 3114 1017 669 4285 794 938 3773 4037 955 2994 3632 942 956 4303 1028 202 2027 3175 2883 1368 3303 108 4033 70 466 2197 2836 1748 4962 2213 808 2732 4579 4520 1470 3455 444 2436 2993 2424 989 4742 602 1124 197 3188 4880 2013 3643 4918 3184 474 2804 2720 3520 1475 4100 1832 3652 656 10 913 1295 1758 3082 4208 1200 4339 4923 986 3450 3694 4740 2265 2643 498 1231 2789 1737 4498 4660 3757 2294 2333 16 20 1270 1192 3899 308 1928 672 662 4717 4718 1789 311
2024 2386 4258 3997 4727 420 4608 4307 2831 3055 3735 2162 3888 4450 817 1971 341 3248 1295 1889 2432 2632 978 4629 2417 1814 4847 1913 4816 4548 2014 4783 4414 2664 2287 3925 658 4821 3521 3303 3203 3405 4180 4131 4206 1569 1895 785 360 1553 3409 2439 3415 4770 3153 4707 730 982 3119 2690 4805 3682 1771 647 3741 4281 3338 931 3657 4768 4962 3877 4483 2552 1409 1187 1127 4395 681 1590 3985 4173 1046 2689 782 2249 2741 101 4691 1815 3221 3992 2296 4837 2119 4370 4014 3954 2217 2109 2796 245 3373 539 4590 1774 1050 1296 601 1639 1303 2873 2935 2001 4050 2372 4894 1173 3566 2313 2091 3180 2381 4000 3271 4057 2347 1845 3974 3425 1572 1793 1272 89 2575 4763 1481 1172 4166 416
688 3598 3429 2564 2319 2278 1366 2411 1138 1501 94 4999 2508 4920 4476 2951 1128 4658 4890 3956 3869 360 4615 3660 3714 4278 1390 3848 3699 4337 3248 1690 4314 65 1242 4957 2728 4979 132 1659 4267 3285 2249 438 1439 1864 954 970 1798 2350 380 131 4640 4888 4788 2062 4803 1071 4420 2032 151 3928 2822 1510 3717 3718 1138 24 3774 1503 2213 4483 1612 441 133 248 4698 3856 2933 1296 3036 2131 4605 371 4040 520 1989 1178 1737 1491 3452 2800 4727 3473 2158 4425 2795 673 3216 4265 1315 1465 2578 3020 1753 2670 2555 3218 4765 1745 1103 1610 1876 328 1123 968 2320 1804 1338 146 2397 821 4177 2001 2453 4961 4048 1246 659 3267 1157 3100 2724 3667 4889 2096 3516 4714 2821 431
119 340 2989 2779 2436 2926 3598 2330 1945 4513 550 1729 4729 286 4779 1935 4714 3798 2998 2982 1650 346 2491 898 1515 4612 1842 724 4635 2229 4136 4000 2893 3043 1493 1675 173 2108 4791 707 2290 3582 1682 2061 283 574 1524 2212 3320 4421 2180 153 3144 1169 1236 1211 570 1039 4114 2391 3697 3273 4963 443 3679 308 2051 2130 3619 1506 808 2552 441 1012 302 766 3751 496 1451 1220 3636 4972 4511 4261 1896 2544 3169 2760 1511 3091 1842 1794 2235 2236 1719 4559 768 4332 3737 4249 4788 1182 1793 365 436 3422 381 4846 3933 806 1923 639 3545 4731 2901 4298 1311 433 231 2025 977 1795 4382 4158 562 2966 3795 3021 4539 774 1623 1718 484 2714 3165 262 769 1381 2031 3668
4099 717 687 2859 485 3871 1903 25 4454 1967 4659 4356 4319 3499 1915 4877 1806 1104 3065 1507 3093 143 2707 875 4261 2688 915 453 2552 4055 4116 2033 4177 472 106 1999 101 4932 3253 1909 253 582 2153 2916 2039 4972 3372 1132 2943 3224 4666 2859 4593 633 449 2133 1289 4534 299 2005 3537 3127 3913 4225 3617 2972 1481 3256 4896 1123 2732 1409 133 302 4787 3576 4371 3030 2313 2173 4578 1235 1981 1381 3886 679 1775 3893 4059 1912 415 2100 4634 1296 3398 270 396 3980 885 3789 2152 854 3691 1944 3145 1438 3292 1238 3319 934 1710 157 1818 3042 3260 963 1463 1412 3062 41 1922 3774 2460 3601 1331 2008 1444 2490 4445 3525 3146 4372 4105 2715 289 4737 3344 1323 729 99
3101 1936 3579 655 4107 2737 3082 3305 3701 3397 2303 3197 2837 4867 1539 4519 3494 1963 4534 993 914 2818 952 1351 4661 1212 1922 58 177 4054 2318 3537 471 4348 4969 3313 1272 1056 2717 4404 4295 3459 3856 3848 416 4703 4598 4626 2701 3276 1656 920 4794 1782 1465 2872 4554 2505 365 1087 2959 826 1107 324 4230 461 1812 485 4255 3327 4579 1187 248 766 3576 1219 3262 3385 4089 2623 1066 1354 2051 2295 4282 2466 3364 910 4950 3743 3988 780 2671 4681 2182 2432 1146 714 3120 4942 2458 4774 1474 2932 502 1519 4385 3766 2913 3113 3818 1313 822 4133 2924 2851 4906 3353 1961 3818 3803 2226 4152 4066 540 3203 3489 2266 279 3440 1473 2210 2646 104 2982 2568 70 4603 4160 4056
2526 3254 353 2484 478 3740 2675 3007 4709 3314 525 1144 1553 3233 2347 4954 362 1924 547 774 3674 3043 3784 608 4027 1554 3029 50 2109 3157 4480 1541 1565 1716 4663 3198 855 3431 4207 2219 1178 3097 1641 2836 1102 2142 3251 3542 597 4954 1823 3097 835 127 1691 4122 913 1598 271 3319 849 2099 2169 4320 1696 3131 2176 1239 1165 4935 4520 1127 4698 3751 4371 3262 1943 4216 2597 4745 543 2483 4082 2244 4378 2151 4237 2884 4150 4259 3424 3690 637 1662 1541 3968 3816 631 3292 359 1025 4632 765 1280 4309 2000 499 1595 1796 3420 2752 888 2800 796 4607 868 4416 4733 4793 4649 615 1071 3188 567 2748 2551 1171 2658 3798 4620 2385 657 1019 1971 1059 619 3633 3251 4101 3279
999 2486 3891 2115 3737 1387 649 846 2954 1920 2369 4938 4702 3924 1898 4069 4212 4951 1241 4927 3324 2271 3856 603 1235 3842 3303 3939 2839 1066 684 4179 4888 3853 3354 4246 4823 217 2787 2377 3897 4228 4603 2774 158 796 4943 4351 2793 2743 4312 3755 2990 1144 214 2549 3205 1289 3690 519 3703 1918 876 508 4298 3284 2583 1821 3854 2300 1470 4395 3856 496 3030 3385 4216 1454 196 1626 4838 3509 942 1682 2828 1346 3704 609 4339 1302 1543 2407 4108 4206 2047 1108 78 3823 4504 2153 3713 1471 4901 4332 4155 2043 4167 3280 245 4611 2044 3447 365 2151 923 1955 1358 723 519 4047 4624 3076 3734 3522 2409 204 3886 976 1630 1491 737 1927 4705 293 1376 2009 4124 4813 3982 385
2142 1418 540 3938 2282 3119 2851 2152 1596 4662 4549 4379 873 3481 4204 4639 2483 555 984 399 1244 4857 1945 4017 2902 1911 3336 4981 1251 4753 3500 321 697 3554 1144 2496 3246 3514 4527 2764 954 1894 4062 1620 422 826 4245 2748 4566 1467 4060 4550 4243 3382 4500 2344 2459 912 2683 2987 1146 2054 2243 3783 4017 1070 4797 1953 1615 1655 3455 681 2933 1451 2313 4089 2597 196 485 3513 2738 4060 1541 2895 138 3223 720 1141 4843 2643 4085 50 3666 3697 1249 744 4062 1301 1180 1022 2434 2443 3948 4658 4512 2988 38 524 3803 2344 2706 216 2851 1312 4761 365 1381 3923 2195 4627 3961 3788 1024 3946 4642 4048 623 2441 950 2443 2607 4235 4040 136 1918 2700 2561 127 4746 2410
596 260 4745 4373 2991 2727 2532 2748 2299 1953 3824 4857 2856 4431 1029 834 3269 3456 4798 4057 13 3078 4660 573 4648 3024 2712 787 2591 677 141 3861 1601 1894 3687 3356 1931 3827 424 678 3332 826 1803 4015 3578 2435 471 2858 2765 4465 4494 2878 2948 2284 1755 940 3898 825 4605 2593 918 2511 1695 4886 1855 3244 2035 1313 4416 207 444 1590 1296 1220 2173 2623 4745 1626 3513 4007 3099 564 4283 4617 813 4073 3693 2097 3919 3913 4351 4574 1867 1933 1839 3215 794 1793 4228 610 3073 1398 4056 2168 1676 591 1166 1642 3693 1954 144 1363 111 1367 1278 1820 1798 77 2065 4693 1256 2421 3655 4180 591 4895 530 2775 2130 409 1736 2552 4090 4898 4822 2310 4488 2001 2886 2571
397 2213 3499 2245 2442 260 4327 4315 2029 3935 2339 282 3470 2974 547 1032 2823 902 1331 1260 3151 4558 853 4535 3435 679 3892 2453 3896 1960 4427 1046 497 580 3257 1099 4334 721 240 4926 4176 3911 3271 1493 806 1854 2464 2845 3401 3764 2579 520 4618 572 1343 217 2674 785 711 3190 4850 1278 3712 1492 3094 4176 353 689 3888 4663 2436 3985 3036 3636 4578 1066 543 4838 2738 3099 410 2416 4597 2049 3606 1346 281 4608 2835 3546 314 1282 4164 2693 336 1999 2307 341 581 555 2805 2741 2468 291 747 1920 557 3589 4473 2720 3662 2787 103 2950 1241 414 4585 3450 3472 824 677 560 3993 627 4425 1897 632 2536 909 2901 3307 3849 2857 1459 2215 4785 2795 1224 4125 2467
1132 2660 3437 2541 3466 3755 91 2390 3983 1424 1309 4613 4848 1336 368 4751 1371 1205 2235 146 3396 4437 4840 1797 917 1330 1863 4488 3466 3468 875 4275 4912 4571 4961 2189 1468 2247 1127 1668 3254 2952 4887 3472 2365 1891 4114 3563 232 3830 3473 3056 3294 1753 3467 3717 4091 1086 22 2664 1815 4727 2158 1400 3863 3817 3218 3526 4415 552 2993 4173 2131 4972 1235 1354 2483 3509 4060 564 2416 1206 465 2454 2314 4003 4364 2906 4857 1889 1568 3953 3297 3749 2126 1524 684 1686 3749 3777 672 1198 4028 3920 1531 2979 1270 1522 3045 4580 894 3906 3481 1687 4695 3099 2861 1326 4250 4554 4113 4614 4949 3700 4148 1416 4634 956 3400 740 4082 3861 3704 1346 4641 3084 4235 2128 3638 4790
1333 920 1405 1236 664 3587 744 3293 4886 2206 913 137 835 2618 3905 4525 4477 156 3027 130 295 3224 997 3936 586 4050 1805 103 509 2452 4708 465 3028 765 3223 1330 2122 2307 387 3155 999 3789 1321 3621 33 1002 4702 4565 3570 429 1031 4345 2444 3250 1609 3208 4137 2639 4608 2286 4370 1074 3679 4152 3266 3580 3209 2404 2267 3603 2424 1046 4605 4511 1981 2051 4082 942 1541 4283 4597 465 2013 621 3568 4253 632 1595 1480 4855 2650 4222 3911 2354 917 4981 846 4722 4971 4231 4598 2284 1553 267 2534 4329 1516 1043 4877 4963 4126 650 4681 2767 335 4208 4324 1130 533 2516 1016 3147 332 167 991 4394 677 3776 1238 372 733 4771 4094 1452 2344 3596 3263 306 3841 782
2839 4958 4944 2740 338 3584 3622 4527 4974 2823 4601 3783 3968 4437 4498 2521 1676 2892 1792 3457 2118 4167 4484 2652 4307 925 315 549 100 861 294 1530 3914 3399 132 2212 3769 2628 3077 1637 4519 683 36 4200 3751 1815 1510 622 752 4602 3193 4867 3253 4218 4656 3263 1710 2539 2322 1431 4813 1539 4025 1767 3717 2802 3992 4598 1207 3735 989 2689 371 4261 1381 2295 2244 1682 2895 4617 2049 2454 621 4221 1851 4496 4560 1722 3265 3805 3884 2946 4659 3414 1275 3847 4155 3725 1923 655 957 1877 4047 2088 2158 225 2242 1829 644 4156 128 4066 751 2581 3702 1620 2788 2554 2544 2736 2399 1705 4052 1942 3890 2804 3649 3211 710 686 3850 883 4945 4554 4982 2299 2022 2791 3308 1153
2547 586 2198 3295 3597 1997 4812 802 3592 4206 923 2708 1861 2334 4835 2581 95 1049 2810 4087 4405 3031 3102 2057 2558 3917 3677 1112 1504 1092 4418 4123 443 1022 3866 4784 1414 4503 4980 2849 3357 363 645 578 4936 1083 4798 2626 1941 1345 3689 2436 2409 417 252 466 3801 977 4232 3635 2323 2243 1834 2039 2105 4134 1435 2714 4570 1665 4742 782 4040 1896 3886 4282 4378 2828 138 813 3606 2314 3568 1851 1892 31 4311 2362 4696 543 3622 4692 2267 2023 3930 3408 324 2227 928 668 807 2382 4473 3808 4788 539 4100 778 3784 2084 650 1065 2417 59 661 1703 2220 4058 4671 4843 819 588 2648 4887 973 4324 2636 4907 2036 1714 2960 643 1055 246 2474 4191 3182 1698 33 4422
3921 1908 2006 4834 771 949 2700 4168 3120 2031 1425 4080 2306 1543 1183 4258 3739 2949 3925 4908 4953 1077 4270 733 4359 1816 4983 13 3259 1281 1388 2480 1652 121 3668 933 1129 390 4990 1306 3399 3868 3652 2864 1655 1289 3743 1397 2684 3909 2811 1086 504 2927 1733 2329 16 1227 2110 1858 1458 963 1302 3337 2597 887 3768 1642 3733 1482 602 2249 520 2544 679 2466 2151 1346 3223 4073 1346 4003 4253 4496 31 849 2376 1015 4431 1665 2999 4227 4396 4930 3741 310 4277 2990 3867 3114 1282 3962 1859 1930 3401 145 356 3756 4321 85 3938 618 3325 3217 4325 421 4472 1660 215 1194 849 4512 2898 1561 1474 3264 473 4210 2729 2063 4648 3966 3787 1243 400 4877 1001 1726 2402 3792
2262 4596 316 3485 1559 2550 1567 4573 3759 2748 3015 3143 3121 3553 2317 4469 1103 2067 3306 3842 10 737 2657 747 444 2204 4613 1476 56 2139 4414 4631 2484 2657 1178 3895 2182 400 584 2163 1634 2568 4226 1560 1932 4925 2893 4281 3810 798 2171 2252 4394 1389 2600 4654 1794 1783 4147 3869 280 343 4601 4593 2809 4357 3942 989 388 2758 1124 2741 1989 3169 1775 3364 4237 3704 720 3693 281 4364 632 4560 4311 2376 2259 2088 3334 1799 3859 4205 3145 3472 3562 4346 3096 1692 2845 2010 4778 3275 2912 4425 3845 1728 3086 183 3864 796 1970 2898 1946 986 95 1657 3325 934 710 4412 2504 3167 4647 4741 2431 966 2558 2991 4346 4305 4026 1589 98 1111 293 3210 585 2791 1634 904
2734 2477 3185 2933 2135 3358 1954 1318 973 529 4721 97 801 1710 3334 1977 1016 906 578 1635 2424 4962 2770 1898 490 2133 457 4175 767 59 4359 957 2738 1771 2416 3172 243 4401 2490 1591 2358 2342 3444 2148 2361 1624 1502 669 3131 611 582 2000 1762 2683 439 1886 452 1921 646 2918 612 1164 309 3276 2210 4433 4908 1763 3835 3322 197 101 1178 2760 3893 910 2884 609 1141 2097 4608 2906 1595 1722 2362 1015 2088 162 37 2586 19 2634 3435 3012 3038 633 4116 3625 1510 667 368 3078 4932 1814 702 217 3629 1209 562 3834 451 3731 928 4993 355 2552 4052 1994 598 3780 3433 1816 4159 318 3474 1886 1182 1282 3891 1327 4308 1880 261 292 531 2461 2887 843 4005 416
1178 2930 585 3842 1542 3778 2917 4094 2162 4570 3134 2380 2638 2316 1597 656 4521 2609 2175 1104 3061 2724 2498 3312 1790 472 2944 4020 589 1438 143 991 3817 915 2549 4324 3216 1406 3481 4456 243 1734 3478 2129 1022 4161 1514 3627 1974 2594 2581 744 269 3055 1626 2710 3341 4732 4234 832 2752 4871 2939 4532 4568 3628 2121 2925 3598 4375 3188 4691 1737 1511 4059 4950 4150 4339 4843 3919 2835 4857 1480 3265 4696 4431 3334 37 846 1262 1295 997 731 685 1841 2429 311 2868 4724 2373 2398 3617 2071 2960 2694 374 1611 3118 2223 391 1757 4403 465 280 2356 560 4638 787 543 839 4535 4580 1994 1487 522 4892 1092 2294 3319 2143 3386 708 2026 4249 3134 2902 2250 2546 941 168
435 2720 205 393 3810 408 3951 4681 470 3379 1067 193 4431 2524 1803 2071 2120 1745 4231 3397 1994 1473 3478 921 2254 1325 3702 3892 3945 565 1045 2745 3073 4954 2156 1741 2469 4152 2573 3770 1414 1460 1058 3165 3603 4543 1728 3936 317 585 3744 409 3599 2540 2936 202 1341 4177 2557 3490 3239 3950 4267 1374 1811 4504 3999 3674 4088 2162 4880 1815 1491 3091 1912 3743 4259 1302 2643 3913 3546 1889 4855 3805 543 1665 1799 2586 1262 3853 734 549 1350 2343 4121 2028 3825 436 2229 1599 4615 1072 4224 1450 3068 1975 3279 163 3554 2157 4245 2569 4816 3770 2689 4026 4454 2031 2413 3155 3548 4648 4167 2253 3047 600 4876 2617 4773 2630 2028 1569 2304 4617 4254 1358 576 1514 463 756
2452 2437 1130 4032 3782 848 623 3390 389 1311 1398 4183 1502 3984 1032 3900 4550 1170 4640 1127 4154 2106 3434 2301 4234 3944 4428 2998 1146 2466 3466 4752 784 477 4911 854 4896 3556 877 61 2632 539 3164 836 3574 4151 2215 4513 4294 1386 3872 3094 309 41 1897 1481 2155 4585 4325 4109 3385 4753 1307 3424 2501 1225 2890 3166 2950 4372 2013 3221 3452 1842 415 3988 3424 1543 4085 4351 314 1568 2650 3884 3622 2999 3859 19 1295 734 4903 4552 3965 911 148 4959 4582 1251 1062 4295 2709 2548 1393 1252 1908 618 4632 329 2766 2899 2828 4345 804 672 3563 3481 4578 2775 1234 2320 1972 138 904 1699 207 3337 408 4160 1615 1847 379 4928 547 3463 1921 3459 2523 4557 2458 519
1806 2661 4686 3905 4574 3988 1562 4785 1659 3186 4698 3247 3232 3383 4921 4133 4493 1002 2075 3872 3196 2302 4907 947 2236 4497 714 2680 703 4461 780 269 1181 4235 2086 1271 49 4001 1086 878 2433 2592 1551 223 3236 2503 883 1014 2070 3419 2520 1157 4326 3764 1478 1335 2515 2491 4597 4184 1056 2998 2699 331 896 3048 4277 3220 1991 51 3643 3992 2800 1794 2100 780 3690 2407 50 4574 1282 3953 4222 2946 4692 4227 4205 2634 997 549 4552 3994 2802 3854 4503 3059 4744 4496 320 564 2510 3723 3929 4091 3864 4648 3614 1748 2444 1233 3319 2682 2754 321 1760 2643 630 1045 3688 2370 68 1269 4847 1822 1512 4687 1423 4889 1023 2056 4154 524 3145 1481 181 2999 1071 2499 2487 1614
3144 341 4759 2723 1797 1722 761 1824 1956 3123 2246 1427 3990 2000 3557 4907 731 2657 4281 966 2363 239 2236 4872 2358 3565 3468 2974 2704 4917 766 3283 3337 221 343 4548 4029 4209 4201 4148 388 1005 851 4662 4875 378 172 4963 1914 4052 3272 4003 1492 3356 3966 3373 3318 371 987 1469 4235 4746 2258 247 1474 603 2615 3241 3695 2706 4918 2296 4727 2235 4634 2671 637 4108 3666 1867 4164 3297 3911 4659 2267 4396 3145 3435 731 1350 3965 2802 1041 4654 2355 4279 2030 3475 3213 4975 3161 3025 4041 4291 2436 460 3797 766 171 2514 3555 3451 2494 3171 2673 4708 622 3227 4345 3371 1570 4740 3509 4850 3527 2780 1209 2564 3782 3628 987 422 3483 2325 4847 988 633 973 2694 497
2988 3186 3379 2572 2782 35 1228 3685 4664 159 3335 811 1226 4199 2811 4265 3775 753 4789 4720 4924 250 2456 3345 3659 372 668 2114 2283 1438 4099 2695 3835 3940 1825 4555 1006 3188 448 684 1416 830 4257 501 3242 570 3395 4355 970 1065 4960 1648 2818 2535 451 103 1785 4254 2517 4821 4561 399 2577 804 3728 3032 1070 1730 1370 192 3184 4837 3473 2236 1296 4681 1662 4206 3697 1933 2693 3749 2354 3414 2023 4930 3472 3012 685 2343 911 3854 4654 4406 1194 2172 2027 2948 2629 1279 1320 2214 589 2716 74 605 4296 3159 3479 12 2715 1148 3783 4120 2481 1628 24 3575 4675 4060 3830 3629 3181 4869 4734 1291 4220 3547 4469 2655 2044 2782 2793 71 4445 4237 3740 3624 4606 2147
4851 4515 1686 740 21 2912 3666 4945 2656 2076 4259 1420 4085 1753 2304 1363 2324 1488 4959 4933 1540 4147 4331 4591 871 951 2365 3851 2179 1365 521 1408 2015 881 2445 3152 4894 2658 2582 1576 1391 3498 4169 1029 2966 4668 586 1275 1604 1219 2502 3868 1780 831 4626 396 4319 1615 3127 1646 312 4963 433 4284 2356 4269 1247 1631 945 997 474 2119 2158 1719 3398 2182 1541 2047 1249 1839 336 2126 917 1275 3930 3741 3562 3038 1841 4121 148 4503 2355 1194 3282 341 3558 3519 4628 3068 4382 1142 4735 3085 422 3507 3081 3789 2207 1191 2157 3623 4207 3977 3695 646 4043 2528 2666 4010 243 1863 4847 1341 4003 4025 3714 4484 1172 190 4526 4297 3553 3367 3870 1527 3926 2385 4008 38
69 2972 4385 2750 959 4776 4608 510 3960 1778 1312 2253 3121 4111 4325 1584 2803 2320 1765 381 1356 3565 249 2804 3731 3616 4477 893 1339 3163 1586 3628 1132 911 391 2780 805 4195 1575 3868 4451 4261 2363 4393 4037 2918 962 899 104 1333 3812 391 2539 4896 2682 3273 4935 3422 391 2595 1384 800 1002 832 2404 1434 2974 1538 3283 1055 2804 4370 4425 4559 270 2432 3968 1108 744 3215 1999 1524 4981 3847 3408 310 4346 633 2429 2028 4959 3059 4279 2172 341 1768 905 3293 4450 2441 2242 1991 4445 1290 3159 1713 1997 1336 808 1736 4245 672 4487 1755 1286 4396 2541 820 3184 1080 2183 667 3954 487 1332 3973 3245 3406 1041 1855 1580 3999 1673 3284 2383 262 4170 1637 223 3447
3456 3953 1472 1134 1059 2324 1668 3635 2922 3715 914 1124 3640 169 2210 3328 1385 2645 3510 231 2219 1364 4961 322 2880 1039 3369 1817 268 3616 1253 2094 3222 2615 2242 2373 506 804 2757 4550 3731 3339 4226 4137 222 1850 4503 1729 1587 4069 829 4099 2029 1412 575 3064 3430 625 2827 592 3204 1323 2898 1867 1488 3847 1336 3008 4420 3984 2720 4014 2795 768 396 1146 3816 78 4062 794 2307 684 846 4155 324 4277 3096 4116 311 3825 4582 4744 2030 2027 3558 905 3066 4295 728 3106 3562 2833 2411 1319 4611 4982 926 799 4695 4300 1510 3322 4307 4321 257 2601 1936 573 586 598 2719 4683 552 3364 4844 536 1607 3559 4095 3248 4395 2404 3335 1928 2693 1497 4926 1443 2212 592
4951 2096 1484 4326 1720 3953 1302 2102 534 3173 2717 2051 4054 2817 2483 2364 3998 4780 2723 1388 3280 2311 1980 120 3341 3728 1530 2028 4789 2279 3914 885 741 2178 864 1949 3950 1568 3082 4608 2321 413 3118 2422 4344 1799 2228 1823 249 2128 4067 4129 3803 2648 4473 4200 189 2533 3828 3130 3727 3140 1144 1953 2451 4935 1565 689 702 287 3520 3954 673 4332 3980 714 631 3823 1301 1793 341 1686 4722 3725 2227 2990 1692 3625 2868 436 1251 4496 3475 2948 3519 3293 4295 1871 1032 1533 3377 4693 3903 406 4026 1503 1097 4786 1653 4867 1381 4642 3764 69 4314 2024 11 3633 2042 1260 3067 2529 1063 2537 276 248 375 3228 3781 752 3140 3617 4227 2567 1748 2785 120 4456 2446 2377
2871 2530 2232 2889 772 381 4929 4098 662 1997 3218 4970 1139 1377 1984 2716 3643 2309 945 4142 3915 476 4367 1532 3580 1578 63 4443 3516 1908 563 4064 3512 4165 3120 2099 400 75 2831 2093 3847 625 513 3133 1600 2840 4345 4780 1551 501 1357 2731 3360 2942 3370 2047 4908 2175 2778 3291 926 4143 404 4310 1083 3491 2468 3457 920 3117 1475 2217 3216 3737 885 3120 3292 4504 1180 4228 581 3749 4971 1923 928 3867 2845 1510 4724 2229 1062 320 3213 2629 4628 4450 728 1032 3464 593 1971 3549 553 326 875 2746 1834 1265 187 4075 630 4960 1420 793 3918 2900 3154 1643 27 4365 3215 3237 1218 4205 3742 846 3329 2757 752 3739 174 2963 4316 4299 1567 4407 2128 2521 4532 2301
2411 2199 4184 3650 3059 4942 3162 3990 4137 3109 4016 1893 3828 570 3814 2264 1279 2031 3955 4279 3692 2221 571 525 4727 3351 803 3420 1059 4744 757 344 4782 4339 262 4975 2602 470 4580 4753 103 341 1540 2103 4481 2296 3040 4785 1737 1231 3930 3003 688 4969 1290 3329 3696 1865 2997 1327 4274 4410 1707 2492 3302 4002 3327 2537 4897 4539 4100 2109 4265 4249 3789 4942 359 2153 1022 610 555 3777 4231 655 668 3114 2010 667 2373 1599 4295 564 4975 1279 3068 2441 3106 1533 593 160 1915 1663 3405 682 4743 3958 1584 4113 3277 437 460 1070 3898 2776 792 3075 4814 391 1074 2382 4647 201 4508 3192 718 3638 901 3222 4862 3169 403 996 3341 4161 3355 2320 2116 3876 136 765
3380 1982 3954 1872 4781 3269 4845 2570 3881 4818 2236 834 2256 3578 3346 2952 3794 3166 1401 4831 2642 80 3584 368 1811 1131 2495 1126 2946 2361 607 1261 3449 1732 93 867 772 1645 2560 3799 2848 3223 445 4620 946 931 3573 4859 3659 1206 3180 1842 741 2773 3604 2302 3200 4550 2359 3186 2024 314 3051 2629 653 2020 4727 4322 292 83 1832 2796 1315 4788 2152 2458 1025 3713 2434 3073 2805 672 4598 957 807 1282 4778 368 2398 4615 2709 2510 3161 1320 4382 2242 3562 3377 1971 1915 1395 4326 3639 4759 1262 2988 2375 2026 3645 3540 400 3418 4935 2103 27 4163 3945 3155 3554 3919 3743 1740 2358 3515 1565 2862 911 124 3548 4198 872 1041 2765 522 1039 1275 2729 749 3129 1460
1566 4516 3928 2592 277 4723 3908 859 2090 845 282 4440 2195 4656 4202 4509 2541 3832 1678 467 1391 3721 1794 263 1223 3694 4651 4467 1625 1534 4819 1827 3909 1718 3111 3377 1515 4061 4115 3602 842 4461 2676 2609 2557 3917 3867 4595 3653 3719 3302 4989 811 2263 1911 985 1231 1445 57 2572 2374 4183 3635 4532 609 988 3783 831 2321 3087 3652 245 1465 1182 854 4774 4632 1471 2443 1398 2741 1198 2284 1877 2382 3962 3275 3078 3617 1072 2548 3723 3025 2214 1142 1991 2833 4693 3549 1663 4326 1488 640 691 4707 1419 3826 4566 484 446 3948 3197 703 966 2139 3632 2575 1745 1386 3769 2674 1004 3837 4308 2900 1501 2184 4065 821 438 3644 2755 4342 4387 3051 4251 991 1665 3203 1303
4944 4788 4154 1632 1078 799 3994 836 1283 4719 4413 723 627 2716 4525 1933 3686 3712 4239 3551 495 4759 1547 865 3017 1201 2009 124 2205 2466 2505 631 911 4638 1695 117 4323 854 3969 1430 2732 1595 2735 3020 1322 1522 1998 4108 4182 3321 4481 2078 864 1453 4132 1844 3113 4077 4907 1418 1540 4688 2666 4843 1582 624 2855 2026 2849 605 656 3373 2578 1793 3691 1474 765 4901 3948 4056 2468 4028 1553 4047 4473 1859 2912 4932 2071 4224 1393 3929 4041 589 4735 4445 2411 3903 553 3405 3639 640 1763 4300 2465 4156 4350 1221 4700 4566 1816 3956 1692 3252 3226 4467 2323 1225 2041 2886 3969 1288 4026 3008 1897 3163 1664 3231 1495 4785 190 687 4576 2281 256 4000 1392 1228 3831 1725
2007 380 1581 1310 4523 2050 4763 2689 4968 4862 1493 2471 946 275 1305 3622 3335 4984 1485 2291 4486 869 680 2004 3154 4200 4153 3392 3584 984 3354 4966 109 3414 2382 601 4353 2398 3558 3684 930 631 4661 1331 2931 446 2855 4905 4000 1569 2001 510 3595 2457 1252 2078 1047 2358 4241 1861 2109 4747 329 1157 3908 4574 98 1562 2998 4581 10 539 3020 365 1944 2932 1280 4332 4658 2168 291 3920 267 2088 3808 1930 4425 1814 2960 1450 1252 4091 4291 2716 3085 1290 1319 406 326 682 4759 691 4300 1275 2859 1901 3012 1878 1829 4752 2533 2863 1900 1745 106 1699 3918 526 2914 3733 2853 1620 4386 3937 1735 3974 1947 3144 3821 3072 2307 2031 1211 405 209 2489 3349 1566 3456 232
2959 1855 161 1287 4897 1859 3488 1569 4869 3813 2976 4094 2452 51 3544 4386 1780 4174 4021 3008 3184 2779 126 363 4379 641 1209 4191 1281 3358 2186 4802 958 4791 3804 3110 3605 933 4468 4507 4319 2917 1947 2646 2828 1423 4408 1152 4909 1225 216 4215 1859 3856 1446 547 2453 3234 183 4958 717 3034 1376 2508 428 2299 2002 262 1428 4286 913 4590 1753 436 3145 502 4309 4155 4512 1676 747 1531 2534 2158 4788 3401 3845 702 2694 3068 1908 3864 2436 74 422 3159 4611 4026 875 4743 1262 4707 2465 2859 3727 4637 4826 3664 2889 1850 1543 502 2137 1813 2583 1501 72 2701 4116 1194 1486 139 4519 2464 3371 4557 4362 4598 2063 3740 2201 3252 4675 62 1465 484 3361 30 2875 3724
3668 2482 2116 3621 1917 3656 1899 4480 1481 2109 2276 401 939 2599 316 4749 1900 2615 644 4344 3586 2948 4588 3469 1241 2877 2139 2457 3064 2883 2687 948 751 829 1833 1173 1393 4369 150 1119 4200 4130 2366 4753 3973 2908 4467 4362 1025 1757 3394 362 3236 3110 504 3750 841 2610 1494 1969 4936 2624 1329 3806 4038 808 4399 2675 3170 68 1295 1774 2670 3422 1438 1519 2000 2043 2988 591 1920 2979 4329 225 539 145 1728 217 374 1975 618 4648 460 605 3507 1713 4982 1503 2746 3958 2988 1419 4156 1901 4637 2567 459 1453 411 4445 3937 660 2654 1581 3022 152 2584 2357 4071 2215 4985 4150 4732 2155 2007 2399 775 3001 823 2911 4227 22 2119 805 3128 1829 4757 404 1396 2096
2571 1879 3788 818 2882 621 2149 1575 1137 4481 4248 3475 147 2077 2643 2678 1206 579 4367 3155 3756 2423 3930 1967 1669 4468 3427 3366 1560 4707 3332 4057 4397 3546 2453 3539 2585 4348 3713 3847 2700 393 3606 4570 927 2554 4274 3999 158 468 4113 4629 2689 1981 1304 4830 3587 4308 134 4127 3017 3036 1873 544 1668 1574 773 4167 1537 4015 1758 1050 2555 381 3292 4385 499 4167 38 1166 557 1270 1516 2242 4100 356 3086 3629 1611 3279 4632 3614 3797 4296 3081 1997 926 1097 1834 1584 2375 3826 4350 3012 4826 459 56 1256 61 1098 4400 4645 2217 3466 369 1331 2502 3960 1447 3830 1603 1472 2950 3530 1395 3746 2066 2340 4935 4980 3700 4633 4423 2013 4387 618 635 4423 1187 2204
2841 4011 3255 4447 3902 3514 1343 1162 1376 549 2137 1012 2947 1445 3502 3685 2914 412 4038 3693 3112 1898 1948 1609 1425 882 1568 1553 3867 62 1194 4867 2059 4835 3188 119 166 3949 354 2060 4112 3996 719 2753 3677 1427 3145 533 2698 3936 4198 1313 1962 4740 3878 2801 2926 3895 2282 2900 1744 4345 4941 3148 1503 3210 3631 336 1751 2765 3082 1296 3218 4846 1238 3766 1595 3280 524 1642 3589 1522 1043 1829 778 3756 183 1209 3118 163 329 1748 766 3159 3789 1336 799 4786 1265 4113 2026 4566 1221 1878 3664 1453 1256 2579 2518 1365 705 4724 3458 2992 4960 1259 185 4084 526 1337 323 195 4600 4844 416 803 3172 2817 1552 3099 654 3761 4449 2103 598 2060 907 3423 1574 3035
325 2926 4989 1958 3731 2279 1760 2599 251 3827 3825 2865 3195 1554 4738 2625 2047 2873 330 4445 4606 385 3175 2328 3721 2771 4304 3802 2644 1928 1873 905 2079 383 865 4188 3587 28 1529 2873 1726 464 1716 1895 12 1213 779 425 1453 392 1620 2437 923 307 4053 954 360 2109 2943 2389 4927 3464 157 4993 2231 3484 3303 1992 3107 893 4208 601 4765 3933 3319 2913 1796 245 3803 3693 4473 3045 4877 644 3784 4321 3864 562 2223 3554 2766 2444 171 3479 2207 808 4695 1653 187 3277 3645 484 4700 1829 2889 411 61 2518 495 537 263 3557 4783 4221 2687 1095 4075 4318 1753 2852 4494 4895 2343 2751 2111 2258 2827 4722 4046 2493 3919 2246 2119 617 1049 952 4226 2381 4538 548
537 3473 4364 510 599 3808 592 4909 4110 3816 2676 2787 3144 3419 1657 2600 3566 1155 1989 827 1674 3937 1099 1481 3038 4687 3631 3579 508 2701 956 3863 2070 4327 3823 367 4451 3989 3270 2467 3665 3443 632 2117 251 2592 2960 3408 749 1443 4525 2776 1614 3302 4518 1547 928 3616 3207 4702 4057 354 4760 3063 3984 476 4400 3200 101 4774 1200 1639 1745 806 934 3113 3420 4611 2344 1954 2720 4580 4963 4156 2084 85 796 3834 391 2157 2899 1233 2514 12 1191 1736 4300 4867 4075 437 3540 446 4566 4752 1850 4445 1098 1365 537 2034 758 2853 4350 1009 1073 1735 4615 1885 694 1484 4099 4949 1771 4135 3024 2989 3518 3121 2488 187 382 45 856 3747 728 3753 2076 2188 2822 4380
2157 4723 611 894 4194 173 1188 1968 1772 3318 2517 4464 2107 2482 1624 2985 2663 2590 3474 2565 3004 4536 1744 4595 3715 4079 4032 990 4864 2180 1434 1554 3866 3553 1646 4618 3755 4766 3065 2593 283 3442 3050 4331 4258 4798 2608 4239 2247 2713 4743 4289 4937 554 4553 4298 3187 1648 1380 3190 4278 321 4430 2194 3350 2491 2982 3328 1660 2437 4339 1303 1103 1923 1710 3818 2752 2044 2706 144 3662 894 4126 128 650 3938 1970 451 1757 4245 2828 3319 3555 2715 2157 4245 1510 1381 630 460 400 3948 1816 2533 1543 3937 4400 705 263 758 3700 4287 967 57 3317 103 2148 1526 955 3306 3717 481 3852 952 4315 1502 3237 854 4908 1816 2887 1977 605 4415 735 1335 3413 415 335 404
3501 4158 2691 4921 4989 3960 1083 4060 1015 3472 298 2611 1656 4128 4142 2798 947 4166 2195 1862 211 2225 1198 4960 4449 302 502 3348 4586 1886 2338 441 418 4900 2776 2400 4444 1577 3772 1413 4694 4066 244 2246 3190 3770 3780 2070 4590 174 4104 911 1932 3938 2475 2606 2979 3311 4640 3606 3796 3558 2365 1659 1410 471 1850 2174 4501 3348 4923 2873 1610 639 157 1313 888 3447 216 1363 2787 3906 650 4066 1065 618 2898 3731 4403 2569 4345 2682 3451 1148 3623 672 3322 4642 4960 1070 3418 3197 3956 2863 502 660 4645 4724 3557 2853 4287 2931 623 3250 1684 2264 3838 1780 2979 4647 1737 4127 4795 1737 1108 3371 3311 3550 4214 2418 482 3779 773 1658 4494 1355 843 3809 3576 4063
4265 4374 4544 2471 4027 590 762 1416 3179 3468 3491 2022 2689 3205 4823 1697 3059 2385 132 461 204 1310 968 2804 1301 2143 4136 4349 3302 2520 219 1887 1335 4207 2989 706 4598 699 1107 3462 1322 1716 1057 4881 2086 666 2212 1481 3645 4009 4287 859 4038 372 3419 4098 3614 1979 4084 2508 4507 2851 4351 2685 3107 2717 794 2462 1435 1354 986 2935 1876 3545 1818 822 2800 365 2851 111 103 3481 4681 751 2417 3325 1946 928 465 4816 804 2754 2494 3783 4207 4487 4307 3764 1420 3898 4935 703 1692 1900 2137 2654 2217 3458 4783 4350 967 623 4168 1109 4686 3890 426 4927 3298 2385 1223 3264 2420 179 4981 4069 3919 1675 3083 3258 3563 950 3819 2980 815 2169 1455 516 535 3602
917 4837 3326 4864 1505 612 3528 2230 4217 2212 2346 2535 1644 208 809 4292 4100 462 3611 2639 3707 4375 819 3787 3518 1545 2400 1235 2060 4842 1780 267 365 2298 852 2803 1023 4053 3059 1606 539 1944 1275 1420 3327 461 451 4223 568 4057 148 802 3325 2552 1000 4116 864 200 2495 4817 1866 1866 2225 649 2430 3122 3890 2011 1509 2560 3450 2001 328 4731 3042 4133 796 2151 1312 1367 2950 1687 2767 2581 59 3217 986 4993 280 3770 672 321 3171 4120 3977 1755 4321 69 793 2776 2103 966 3252 1745 1813 1581 3466 2992 4221 1009 57 3250 1109 850 1541 3415 461 1300 550 3618 4083 618 3618 1239 4933 473 1445 2141 671 2698 1738 3933 4613 1163 3605 1005 1138 3522 4186 797
2567 1883 4734 4580 3126 1191 1847 3648 92 536 901 2602 4601 2224 3117 2670 3645 3136 3432 1744 3683 3726 1943 2770 3928 559 2167 2987 3445 3088 2727 712 913 3388 2575 4401 4410 2033 3344 1304 2463 1274 3900 2904 1084 3510 231 3092 52 4865 4485 3478 2433 1896 4372 318 2631 4349 3913 3104 504 2831 4416 619 1801 680 2642 3114 2838 4205 3694 4050 1123 2901 3260 2924 4607 923 4761 1278 1241 4695 335 3702 661 4325 95 355 2356 2689 3563 1760 2673 2481 3695 1286 257 4314 3918 792 27 2139 3226 106 2583 3022 369 4960 2687 1073 3317 1684 4686 1541 3631 4352 4173 4612 2030 719 1261 505 4645 856 4866 2218 2332 51 101 3092 1990 3833 2122 940 2898 4051 703 2061 3051 1860
4231 735 4318 1224 2023 3972 2809 4887 2896 2960 855 1306 2757 293 2164 404 441 3552 396 2442 2446 4051 1871 695 471 4065 2184 1614 4868 1535 1440 1036 2337 425 1229 388 4247 4997 2835 3287 2878 1557 1561 437 1058 2115 1557 1491 4340 2159 2886 4065 3680 1520 4621 3637 509 1591 3277 3436 4617 2922 3484 1606 1718 1775 1333 3414 108 936 4740 2372 968 4298 963 2851 868 1955 365 1820 414 3099 4208 1620 1703 421 1657 2552 560 4026 3481 2643 4708 1628 646 4396 2601 2024 2900 3075 4163 3632 4467 1699 1501 152 1331 1259 1095 1735 103 2264 3890 3415 4352 379 1228 903 1637 4168 1695 595 4078 4352 521 2173 1405 192 520 3002 301 3344 4909 4604 943 3977 2536 838 3661 4569
776 4664 4872 4757 1741 2431 2576 622 493 4296 3720 679 2782 2012 2379 3279 2785 1304 993 3698 3026 1092 1571 4968 2899 4828 2725 665 3395 3303 4240 2746 2749 981 2573 174 4739 4715 2432 2016 465 1272 3530 1340 4971 2609 2909 3849 3010 3576 1632 1196 1444 1166 149 77 884 2760 1826 1718 2863 1902 4026 4917 3237 3308 1432 570 3533 1937 2265 4894 2320 1311 1463 4906 4416 1358 1381 1798 4585 2861 4324 2788 2220 4472 3325 4052 4638 4454 4578 630 622 24 4043 2541 1936 11 3154 4814 3945 2575 2323 3918 72 2584 2502 185 4075 4615 2148 3838 426 461 4173 1228 2694 580 2040 723 674 4543 2970 1880 1497 2370 4044 848 3511 2325 4173 2213 2659 4077 4110 3532 2344 2955 2225 839
4273 3387 3642 46 4497 2304 531 1626 1403 4477 1210 4307 3010 3246 1850 955 2953 1082 1336 3162 1854 4359 4862 816 4428 4320 216 4601 173 3148 2197 2975 4643 2548 3378 1682 2077 263 3568 4992 2237 1145 3346 978 4042 2440 652 1705 3936 1181 2020 2998 970 383 3669 4340 1114 2546 4168 1721 648 2018 4483 2850 2568 4071 2457 2226 1192 2515 2643 1173 1804 433 1412 3353 4733 723 3923 77 3450 1326 1130 2554 4058 1660 934 1994 787 2031 2775 1045 3227 3575 2528 820 573 3633 1643 391 3155 1745 1225 526 2701 2357 3960 4084 4318 1885 1526 1780 4927 1300 4612 903 580 4500 3183 418 3627 1352 3550 4777 223 3244 1454 2798 1948 717 1499 3179 4942 4400 2306 2532 143 1278 491 4101
4414 3260 2991 4890 1934 3219 343 1372 1608 2135 1081 95 4419 1316 2484 524 2084 2582 3799 3749 4665 2095 3306 2271 4876 3252 3364 3317 3453 2822 3334 3819 3159 4097 1126 3949 430 1010 4949 1040 1272 3137 2544 2865 4478 1520 2367 1906 3305 3228 354 3077 3095 3059 4497 3405 1627 2017 1580 415 2593 2097 3583 800 2205 3765 3683 2089 3798 2662 498 3566 1338 231 3062 1961 4793 519 2195 2065 3472 4250 533 2544 4671 215 710 598 543 2413 1234 3688 4345 4675 2666 3184 586 2042 27 1074 3554 1386 2041 2914 4116 4071 1447 526 1753 694 955 2979 3298 550 2030 1637 2040 3183 3904 4648 3913 567 2720 2024 4350 4671 4774 3309 4482 558 4170 511 4138 2646 4160 3440 10 2874 4095 983
1985 3862 1201 4504 1448 3313 927 1189 3123 4567 3659 2918 2296 4670 2093 4915 1050 1774 1024 95 2092 2201 1745 2356 2653 866 3306 4379 3112 4968 1098 4037 3072 4904 140 4321 4776 3604 3304 4265 1924 3769 895 3838 465 1388 3383 4927 4501 450 3243 3061 3131 3618 4218 4319 2641 1882 2778 614 1110 122 1847 4148 994 2740 437 1299 2590 2970 1231 2313 146 2025 41 3818 4649 4047 4627 4693 824 4554 2516 2736 4843 1194 4412 3780 839 3155 2320 2370 3371 4060 4010 1080 598 1260 4365 2382 3919 3769 2886 3733 1194 2215 3830 1337 2852 1484 3306 4647 2385 3618 719 4168 723 418 4648 325 2492 3055 853 4739 4450 2319 260 717 3812 750 563 535 3708 449 2429 2259 2817 774 4748 3929
4059 435 2880 553 1025 3066 2895 1261 4232 4474 4194 3032 142 2963 1188 2241 4561 3624 3299 2663 3002 1639 4361 4693 2378 1694 4824 1857 4506 4923 2244 1873 1807 3501 3650 3602 2438 4259 4662 2066 226 899 3411 4027 619 4052 2557 3469 3790 613 3412 51 2285 2452 1857 991 1625 4178 1669 3828 2954 4827 4544 1016 4374 2595 3243 4529 3132 2309 2789 2091 2397 977 1922 3803 615 4624 3961 1256 677 4113 1016 2399 819 849 2504 3433 4535 3548 1972 68 1570 3830 243 2183 2719 3067 3215 4647 3743 2674 3969 2853 1486 4985 1603 323 4494 4099 3717 1737 1223 4083 1261 1695 674 3627 3913 2492 2256 2700 1459 1083 3588 3017 4013 2123 235 3847 3105 2893 471 2427 182 4356 440 2779 778 2497
2558 4239 3245 4187 2549 735 3693 4656 4211 3655 1473 1608 703 312 4836 4687 1078 3194 739 3775 3706 2159 4415 3017 2983 912 1321 2167 3515 1744 1226 3412 4215 32 4337 1520 1062 1171 4275 4912 4620 3593 2970 599 1085 567 892 2464 1419 177 1759 205 2241 2025 94 3826 3525 4765 4073 3841 4144 4176 2904 2256 847 2521 717 2808 3898 1886 1737 3180 821 1795 3774 2226 1071 3076 3788 2421 560 4614 3147 1705 588 4512 3167 1816 4580 4648 138 1269 4740 3629 1863 667 4683 2529 3237 201 1740 1004 1288 1620 139 4150 1472 195 4895 4949 481 4127 3264 618 505 595 4543 1352 567 3055 2700 1837 4896 4409 425 4477 1814 4389 2537 845 1942 417 829 1531 3614 3507 2838 380 4086 1161
25 3158 207 20 2765 3958 2865 3676 2330 1722 3912 2170 2503 1328 301 2311 3705 79 920 1697 2171 1646 2403 2825 986 1422 100 4407 3740 1067 2883 2152 2166 4033 4005 4664 380 4553 4385 4455 2819 3050 1499 899 1949 4099 3859 1870 1993 3587 2002 3893 3250 471 382 2130 4956 1780 4267 4578 3764 206 2390 3083 3418 268 2340 3640 1512 4583 4498 2381 4177 4382 2460 4152 3188 3734 1024 3655 3993 4949 332 4052 2648 2898 4647 4159 1994 4167 904 4847 3509 3181 4847 3954 552 1063 1218 4508 2358 3837 4026 4386 4519 4732 2950 4600 2343 1771 3852 4795 2420 3618 4645 4078 2970 3550 2720 853 1459 4896 911 1526 2582 4342 4263 530 4098 4977 4015 2001 895 3299 4903 883 1811 2249 2424 662
3529 222 3925 2170 3934 1692 2398 3553 3366 1795 419 4687 2064 2335 4617 2292 4759 197 4221 208 4290 4262 2714 2734 921 4849 3567 2406 2610 2732 2970 4169 1236 4123 54 94 2469 2859 253 4897 1923 1815 53 2067 2088 1319 694 3908 2408 2684 886 290 4522 3850 4523 1005 838 2196 2618 4376 434 697 4681 3494 1252 4783 3817 2168 1909 54 4660 4000 2001 4158 3601 4066 567 3522 3946 4180 627 3700 167 1942 4887 1561 4741 318 1487 2253 1699 1822 4850 4869 1341 487 3364 2537 4205 3192 3515 4308 3008 3937 2464 2155 3530 4844 2751 4135 952 1737 179 1239 856 4352 1880 4777 2024 4739 1083 4409 1526 3374 1713 3325 3780 3351 3139 2797 4651 1647 3139 414 211 2472 2334 1223 2212 810
1615 1445 48 4130 1703 70 3509 1430 3073 3586 4124 3104 380 3212 2600 1708 3291 184 2066 3842 4380 182 1255 3278 1587 4280 1342 2560 3833 498 674 3559 2381 1912 3924 3893 3104 4934 1510 440 3184 3996 268 2805 3922 2578 1901 1647 4722 4340 3703 1923 2619 871 2492 1970 1042 2530 2559 230 3451 1242 1967 2673 1267 738 972 3524 4463 1592 3757 3271 2453 562 1331 540 2748 2409 4642 591 4425 4148 991 3890 973 1474 2431 3474 522 3047 207 1512 3527 4734 4003 1332 4844 276 3742 718 1565 2900 1897 1735 3371 2007 1395 416 2111 3024 4315 1108 4981 4933 4866 521 1497 223 4350 4450 3588 425 2582 1713 2943 4426 3496 4022 1151 1340 4813 2609 1440 315 3981 4377 2649 2909 4189 4863
2881 3804 577 2072 3941 4914 4781 3742 3808 3869 2983 4250 4539 408 3879 792 2706 4982 2732 525 2608 663 3042 1063 4277 3096 843 494 1263 4802 1582 501 2241 3613 1694 3532 3277 980 2776 296 1644 1112 1130 4543 1239 3606 682 4575 1998 24 1420 1408 2989 1326 3085 803 2419 1386 1477 4781 4536 89 3675 3387 4143 4911 4185 3743 3756 1409 2294 4057 4961 2966 2008 3203 2551 204 4048 4895 1897 1416 4394 2804 4324 3264 966 1886 4892 600 3337 4687 2780 1291 4025 3973 536 248 846 3638 2862 1501 3163 3974 4557 2399 3746 803 2258 2989 1502 3371 4069 473 2218 2173 2370 3244 4671 2319 3017 4477 4342 3325 4426 4292 3142 2426 4924 3020 4776 2653 1106 1306 4732 3628 3128 3859 4537 1042
614 4416 4605 40 2575 4231 2004 3944 192 3811 1878 2360 1023 443 1530 3028 1716 2667 649 2610 121 683 2575 2661 1160 4589 4666 4680 4537 4859 2847 3312 1857 2030 94 1563 4418 2703 2467 4769 1038 953 376 694 806 2143 4242 4403 4709 4495 1346 737 1369 3548 3121 3927 4851 4004 4765 614 3478 4770 906 1553 2008 3069 1545 4986 4563 3241 2333 2347 4048 3795 1444 3489 1171 3886 623 530 632 4634 677 3649 2636 473 2558 1182 1092 4876 408 1423 1209 4220 3714 3245 1607 375 3329 901 911 2184 1664 1947 4362 775 2066 3172 2827 3518 3237 3311 3919 1445 2332 1405 4044 1454 4774 260 4013 1814 4263 3780 3496 3142 3691 426 3088 4131 4946 1628 2195 560 1004 4426 2497 4916 179 1342
3149 3660 2582 460 1834 1691 4963 684 2718 4540 3427 1472 2056 4244 32 3074 4825 4589 13 4978 4455 4047 3257 530 436 1995 157 152 3209 1522 2845 1468 1501 3854 1121 2175 3103 3207 1320 4916 983 2201 1024 4141 2618 1813 2205 4739 1097 1092 4598 4486 2539 392 309 13 2157 2768 3734 2543 4671 908 3843 579 3862 1112 4660 4962 628 4307 16 1845 1246 3021 2490 2266 2658 976 2441 2775 2536 956 3776 3211 4907 4210 2991 1282 2294 2617 4160 4889 2564 3547 4484 3406 3559 3228 2757 3222 124 4065 3231 3144 4598 3001 2340 2817 4722 3121 854 3550 1675 2141 51 192 848 2798 3309 717 2123 4389 530 3351 4022 2426 426 4481 3346 1378 4472 1155 657 3215 1063 1157 1425 4142 1415 4053
1683 1334 2486 362 3426 2824 4322 4659 2689 2959 4709 1928 3850 3458 4232 2598 1859 2261 3544 2661 4085 541 969 4059 4986 3633 3679 3952 4766 4595 2535 938 3719 4810 4414 338 1191 1820 3590 755 4094 2801 716 1656 1143 1778 1292 681 705 2371 2731 2097 771 3587 4961 2921 1616 1469 209 3170 1260 3570 1465 345 1590 1419 1069 58 4635 1955 20 3974 659 4539 4445 279 3798 1630 950 2130 909 3400 1238 710 2036 2729 4346 3891 3319 4773 1615 1023 3782 4469 1172 1041 4095 3781 752 4862 3548 821 1495 3821 2063 823 4935 1552 4046 2488 4908 4214 3083 671 101 520 3511 1948 4482 3812 235 2537 4098 3139 1151 4924 3088 3346 3068 4219 1990 4316 1962 3207 1716 4351 4432 650 3702 2600
4016 477 2206 3171 252 354 3611 1373 4844 3962 257 4531 2243 3546 1819 3330 3169 2359 2104 4907 106 709 1639 1804 212 1715 1086 1394 2246 75 3555 426 4280 4248 2617 274 65 1392 4005 305 4573 1043 4946 3704 59 4965 206 159 2929 3631 444 3359 625 3397 2388 2650 4724 1175 1362 749 4657 3852 972 3032 2691 4866 2427 1065 2112 2779 1270 3425 3267 774 3525 3440 4620 1491 2443 409 2901 740 372 686 1714 2063 4305 1327 2143 2630 1847 2056 3628 2655 190 1855 3248 752 3739 3169 4198 438 4785 3072 3740 2911 4980 3099 2493 187 1816 2418 3258 2698 3092 3002 2325 717 558 750 3847 845 4977 2797 1340 3020 4131 1378 4219 4054 571 88 859 4730 4059 997 2664 2798 1436 1965
4821 1749 1955 3270 1261 4676 2284 1865 1393 3573 657 606 152 916 4972 3569 1345 3455 4552 1397 841 2807 2414 1306 3677 1182 3428 2486 4224 1333 2109 1303 4440 3030 4871 1266 889 3865 1917 4893 2088 3462 3695 700 4956 3348 3505 4470 3741 3822 3320 3216 2953 334 1637 1854 2597 1977 1054 4227 4473 1380 3413 3399 44 4782 2959 2548 325 2617 1192 1572 1157 1623 3146 1473 2385 737 2607 1736 3307 4082 733 3850 2960 4648 4026 4308 3386 2028 379 4154 987 2044 4526 1580 4395 3140 174 403 872 3644 190 2307 2201 4227 3700 654 3919 382 2887 482 3563 1738 1990 301 4173 1499 4170 563 3105 1942 4015 4651 4813 4776 4946 4472 1990 571 2764 2002 2713 1122 4350 2714 3199 1056 4669 1151
2055 1112 3582 3944 1578 4099 613 3642 167 1000 1370 872 2199 3406 4605 4293 4103 4416 2422 735 1338 2903 4347 2774 1176 379 3206 4497 2949 4163 4381 1711 1029 2530 827 4999 504 4665 4472 2506 3467 4160 4787 3868 4042 1300 3041 193 2281 2453 3958 1631 4132 3763 1146 659 3916 608 4313 226 779 4768 682 3374 2992 976 1056 107 636 3326 3899 1793 3100 1718 4372 2210 657 1927 4235 2552 3849 3861 4771 883 643 3966 1589 1880 708 1569 4928 524 422 2782 4297 3999 2404 3617 2963 996 1041 2755 687 2031 3252 22 4633 3761 2246 45 1977 3779 950 3933 3833 3344 2213 3179 511 535 2893 417 2001 1647 2609 2653 1628 1155 4316 88 2002 1855 3061 3335 898 1157 3439 1777 612 1969
2661 1739 959 2648 2329 1090 4635 2074 707 3469 3304 3188 4681 4606 896 4210 540 3303 1701 292 2708 1773 256 3231 50 4302 3703 4272 1900 2728 2002 3345 1453 3901 287 817 3664 3786 2305 2091 1886 4626 2339 1880 4075 926 499 419 743 1170 3715 3306 4140 247 2339 4928 210 3345 2189 78 3281 2385 1437 1444 1968 659 214 1493 1851 2742 308 1272 2724 484 4105 2646 1019 4705 4040 4090 2857 3704 4094 4945 1055 3787 98 261 2026 2304 547 3145 3483 2793 3553 1673 3335 4227 4316 3341 2765 4342 4576 1211 4675 2119 4423 4449 2119 856 605 773 3819 4613 2122 4909 2659 4942 4138 3708 471 829 895 3139 1440 1106 2195 657 1962 859 2713 3061 1021 253 3631 798 4044 23 3042 3529
3701 4741 3418 785 4353 4012 2444 2889 4678 2121 127 2523 3948 3586 2669 4938 4642 1554 4637 1570 1398 3368 4635 2832 2192 4888 1120 4287 2913 4802 3398 1281 2825 3285 2227 3695 896 2901 2527 1284 754 882 2174 4803 3272 2189 1931 2411 729 3471 1065 795 1895 3739 2421 4690 1671 177 1498 2569 458 4806 2988 4822 1697 4086 1322 4588 2431 1547 1928 89 3667 2714 2715 104 1971 293 136 4898 1459 1346 1452 4554 246 1243 1111 292 4249 4617 3463 1481 2325 71 3367 3284 1928 2567 4299 4161 522 4387 2281 405 62 805 2013 2103 617 3747 4415 1658 2980 1163 940 4604 4077 4400 2646 449 2427 1531 3299 414 315 1306 560 3215 3207 4730 1122 3335 253 1035 3945 4114 3423 4086 4014 2287
4452 4255 4601 1656 198 2645 2857 4605 1065 3792 3344 2209 1363 2541 72 1556 3007 2808 2251 4811 481 3966 2816 1554 17 1081 2283 3268 1056 257 1297 2260 1081 2374 4799 1747 1083 963 3330 2995 134 2993 4372 1888 1856 4594 101 2012 2560 1636 3934 3071 1395 3927 2288 2329 312 4600 4973 3004 1838 486 2186 3297 2314 326 3731 2577 2392 3605 672 2575 4889 3165 289 2982 1059 1376 1918 4822 2215 4641 2344 4982 2474 400 293 531 3134 4254 1921 181 4847 4445 3870 2383 2693 1748 1567 3355 1039 3051 256 209 1465 3128 4387 598 1049 728 735 4494 815 3605 2898 943 4110 2306 4160 2429 182 3614 4903 211 3981 4732 1004 1063 1716 4059 4350 898 3631 3945 1688 579 3201 700 403 3984
1608 4585 4794 2181 4410 2855 3297 1642 3062 4692 1966 3163 4319 3297 4748 4086 2507 2465 3326 2067 3973 1271 390 3230 4990 363 2552 2721 3701 4287 3883 1207 2346 2963 2228 4363 64 126 2589 844 2718 3604 3310 2309 3799 1460 2808 4805 992 2665 1972 1298 1992 747 3439 2701 1251 4679 2044 2063 4016 4336 259 137 4071 1628 2923 532 4876 1749 662 4763 2096 262 4737 2568 619 2009 2700 2310 4785 3084 3596 2299 4191 4877 3210 2461 2902 1358 3459 2999 988 4237 1527 262 1497 2785 4407 2320 1275 4251 4000 2489 484 1829 618 2060 952 3753 1335 1355 2169 1005 4051 3977 3532 2532 3440 2259 4356 3507 883 2472 4377 3628 4426 1157 4351 997 2714 1157 798 4114 579 713 3627 2496 4069 766
2143 3676 137 4209 2876 4090 1180 4326 3915 316 4802 4301 3827 956 1485 2014 3058 2473 1139 4881 1917 1872 213 1737 2558 996 838 2070 3700 2377 1884 2326 2172 4207 2464 3669 366 1726 1019 4307 14 2957 3445 2212 3433 620 2821 556 3960 861 2394 4210 2555 4249 157 4638 4298 121 3578 1885 2950 4914 1082 4476 2926 4148 1077 2486 456 2165 4717 1481 3516 769 3344 70 3633 4124 2561 4488 2795 4235 3263 2022 3182 1001 585 2887 2250 576 2523 1071 633 3740 3926 4170 4926 120 2128 2116 2729 991 1392 3349 3361 4757 635 907 4226 2076 3413 843 1455 1138 703 2536 2344 143 10 2817 440 2838 1811 2334 2649 3128 2497 1425 4432 2664 3199 3439 4044 3423 3201 3627 2790 1564 4258 2621
1216 4858 4108 578 4024 4857 3719 4647 4436 3632 3036 4975 83 1976 4238 2796 3610 1615 4440 1072 2152 4392 1713 457 2601 4399 3310 3583 2966 4117 2194 3900 1106 3705 1716 3260 855 1845 941 926 3169 3589 4313 3098 610 997 996 3276 2277 3454 566 4941 4180 892 2969 3552 1299 3784 1686 2371 4653 4802 3904 2757 3331 4928 1156 1276 3308 3721 4718 1172 4714 1381 1323 4603 3251 4813 127 2001 1224 2128 306 2791 1698 1726 2791 843 2546 1514 4557 2499 973 3624 2385 1637 1443 4456 2521 3876 749 1665 1228 1566 30 404 4423 3423 2381 2188 415 3809 516 3522 2061 838 2955 1278 2874 774 2779 380 2249 1223 2909 3859 4916 4142 650 2798 1056 1777 23 4086 700 2496 1564 761 2687 2050
3047 2019 700 704 2679 1643 932 1033 745 2112 1256 4466 3091 4830 3043 1098 3134 790 4404 3985 3745 22 3763 1984 4984 4625 2752 152 1516 1926 595 2252 144 100 2293 3580 3391 4962 307 1755 2794 176 4008 1188 3583 1194 2419 4344 1693 4315 3698 1187 1331 761 1409 2688 1437 2219 990 1239 1030 3307 4131 447 1017 4962 1524 54 4342 3771 1789 4166 2821 2031 729 4160 4101 3982 4746 2886 4125 3638 3841 3308 33 2402 1634 4005 941 463 2458 2487 2694 4606 4008 223 2212 2446 4532 136 3129 3203 3831 3456 2875 1396 1187 1574 4538 2822 335 3576 535 4186 3051 3661 2225 491 4095 4748 778 4086 2424 2212 4189 4537 179 1415 3702 1436 4669 612 3042 4014 403 4069 4258 2687 3773 4072
1689 4761 3457 1756 3558 3260 970 2533 1713 1264 535 3781 783 4029 315 857 1068 1893 337 3848 1562 1689 1307 2318 4139 3381 3634 4213 4508 242 847 3438 1599 222 3570 3883 1567 126 1219 476 3811 3452 3179 1384 220 4462 888 3010 627 4071 1221 904 4359 2890 2149 4853 1562 3404 2670 2644 4715 3659 546 2316 3739 818 1612 4985 2469 1108 311 416 431 3668 99 4056 3279 385 2410 2571 2467 4790 782 1153 4422 3792 904 416 168 756 519 1614 497 2147 38 3447 592 2377 2301 765 1460 1303 1725 232 3724 2096 2204 3035 548 4380 404 4063 3602 797 1860 4569 839 4101 983 3929 2497 1161 662 810 4863 1042 1342 4053 2600 1965 1151 1969 3529 2287 3984 766 2621 2050 4072 4113
