N: 140
M: 20
Symmetric: true
Triangle: false
4 2 98 109 38
10 60 136 91 114 123 51 37 104 113 12
2 105 31
7 64 137 17 93 106 125 21
7 117 6 139 131 26 101 138
9 57 122 96 83 44 25 71 92 4
5 95 76 102 24 55
3 79 90 49
8 66 97 19 41 107 46 52 77
8 36 127 82 84 59 99 72 27
6 103 23 32 134 3 130
11 81 74 128 140 68 54 75 39 45 42 116
7 7 15 9 5 73 108 40
6 48 47 121 61 10 118
10 110 58 43 22 1 120 100 69 28 33
6 80 29 56 111 30 85
14 89 126 62 50 86 67 115 13 70 14 129 94 132 87
4 112 63 35 65
4 124 78 20 88
9 34 11 53 18 133 119 135 16 8
4900 3185 3584 4245 4762 4255 343 985 772 3617 440 1584 754 4516 2904 2198 269 2212 1355 3848 3973 3273 793 4485 4977 1010 2138 596 3669 3761 502 2295 936 2174 3105 1209 668 4168 3675 818 4552 414 12 2829 4716 1739 3588 1830 363 1366 3393 870 1414 71 2313 1766 1813 3041 3654 12 3429 1041 361 3314 745 3739 2244 781 1495 4490 1517 756 904 3632 1144 1911 866 3515 1834 2201 104 914 368 1177 3331 3378 1061 3812 4650 1274 2583 1173 91 2288 4718 855 1408 3820 1477 2883 596 2921 782 1201 3911 2370 4009 2002 506 4368 3192 4240 4345 4877 3150 2225 4914 2038 3110 3294 431 4974 1495 4060 1322 1676 1815 3409 4898 4588 593 4616 86 1817 3533 4927 4972 2718 3672 1055
3185 2197 1036 4237 1381 2258 657 97 2428 2349 4680 3573 3405 3272 88 4045 336 1412 3703 4958 615 3846 4767 3091 409 567 4219 2759 2566 593 3329 2851 341 3502 3600 3191 3441 2269 2215 4221 3840 1258 3674 2537 1031 4571 2339 1377 1142 1331 2702 435 4722 2425 3566 3807 802 900 1124 1345 3961 2367 2464 1055 4992 2454 3836 2158 4612 3270 3371 1266 141 1797 564 2662 1646 2372 4846 4862 1293 878 1127 4032 3922 838 1615 3698 2428 1024 675 1620 4971 166 1952 3956 2648 137 4738 4069 3041 4694 4903 2472 2172 1753 356 3652 1051 4425 1739 1000 65 987 4382 1479 2379 2035 3543 974 3990 2220 1291 3775 4769 2404 4544 3413 4258 798 360 2472 259 3102 2410 1185 2860 4716 2374 1137
3584 1036 2569 4405 373 3433 2147 2117 1575 134 3381 4139 302 3806 3185 3382 4879 4345 2942 4435 3578 4703 3289 2820 2848 3300 846 3379 92 819 119 2413 1215 2330 1004 1694 3671 661 3516 4029 3784 1717 1850 543 4678 1758 4206 1085 3954 4435 4233 4823 1541 1434 3051 4862 4462 2031 1891 3956 2456 2653 569 1126 3051 3319 1464 4160 1148 4891 3643 509 4341 1186 1512 2566 3824 97 2307 3114 1510 239 4961 4590 4018 873 4280 633 2626 562 3760 992 4914 1594 3128 473 1364 1030 3759 986 4881 3752 1106 2150 1841 412 3751 1983 2701 4778 4650 1895 4735 1876 2411 410 827 3632 740 3331 2233 916 1056 411 2883 3750 387 1266 4929 3516 503 4279 3206 1365 988 561 2071 2401 4945 4366
4245 4237 4405 4555 2681 1572 3157 1214 4646 99 1453 2187 3542 3198 3706 1165 4894 4393 1144 4719 2079 4113 3815 2754 394 822 999 1015 4340 4939 1055 731 37 3826 506 2070 4059 177 4478 4017 3033 4921 2764 330 1650 4369 1268 2321 3690 3719 2656 2140 4047 4409 3604 1740 3373 1619 3652 707 4518 2528 3268 4492 2293 4253 1010 3764 1021 2339 4093 2082 2525 2316 393 1934 708 4926 4074 1846 1128 2162 204 295 1565 4742 4028 795 3888 2519 1380 1629 2321 937 2293 1508 3402 2450 2637 1680 4442 668 4312 4337 2861 636 1751 378 477 166 3268 156 4938 622 4241 2312 597 4058 4607 1216 4978 4032 4772 1384 4886 1468 2557 1472 3420 243 2353 425 4457 905 643 1578 821 2043 379 969
4762 1381 373 2681 2376 457 4420 2406 3467 1658 2630 4979 2551 3279 911 4057 2651 4416 1470 1131 502 1957 1881 198 421 2881 1745 4824 3884 400 4921 4841 3330 4066 838 3228 3653 2724 1336 3193 3202 1733 1647 1548 1059 2543 1144 4593 3868 641 2752 3853 4525 22 1082 3682 3516 3332 810 4051 3740 554 3605 1794 3154 3964 1234 2368 2013 1241 3558 4326 715 364 888 1391 1671 2032 2922 828 3425 3778 1641 2650 3421 2077 4654 3068 1130 3042 3554 3548 3950 636 4216 1823 3554 346 2633 3927 3177 3697 2819 1557 1920 3595 2733 3325 2955 4152 410 2196 256 3055 1626 3970 4418 3476 3917 219 1897 2767 1043 3444 2541 1994 1221 1405 709 4308 2815 1407 1891 613 4526 2251 1899 2220 3862 3117
4255 2258 3433 1572 457 1758 4625 4393 4682 913 3702 2268 1020 406 2772 2564 219 3179 2744 3112 2301 4232 3952 2696 2303 4806 3408 2597 1209 3812 3274 3362 565 3874 1851 3746 2278 1871 4071 381 1096 2857 2573 3096 4959 3815 4488 811 2985 4807 1476 2708 461 4642 1540 98 3644 1359 4553 4677 3757 4927 2048 3378 1582 862 2271 3701 2710 4662 178 1861 396 4169 1767 236 2177 985 2608 1976 1352 4106 2582 2903 3059 2239 2143 2683 4870 2927 4189 3657 951 4128 1674 2661 4188 3630 461 1522 3610 2777 3417 1101 4164 3576 1972 2917 607 4792 2857 3897 3567 2653 1650 2999 4337 3011 3943 2789 3070 3967 1471 257 2766 2898 48 2440 732 4703 91 1554 719 2890 2404 2573 4947 4359 1415 1289
343 657 2147 3157 4420 4625 4043 266 2190 4737 1581 3570 481 978 849 3841 3559 4352 1313 1364 3410 828 836 2760 805 3842 2596 4802 1699 1057 2190 3460 2683 3027 3725 612 1073 670 3384 3257 991 4124 3324 112 4328 1381 2450 14 330 4513 741 1354 3841 1307 3053 168 1227 4568 3888 1503 2667 4245 4269 549 3382 1821 1661 2127 4571 711 293 1670 2610 4529 2556 2929 3343 2337 1427 3047 2477 365 1604 4955 708 3380 4333 249 73 1816 505 2232 1543 1490 1140 3813 2946 807 1576 3275 3319 3213 1602 2749 314 1497 33 1394 1982 1919 2264 3761 1479 1729 1423 2439 4302 4057 1890 4970 2509 4973 3893 892 3498 1723 2357 1283 206 1502 459 269 2486 1135 4944 415 3153 120 3089 4120
985 97 2117 1214 2406 4393 266 4477 1966 1439 47 3828 3212 321 1999 1397 79 1303 491 4649 1042 1448 295 3366 3960 399 3715 376 3278 4177 4409 819 149 1877 3254 2594 1769 1343 2272 4712 4335 4394 3934 869 4936 4766 3586 297 4932 273 62 1270 2678 1859 2922 882 4753 3694 3284 4847 2439 2764 816 2272 2140 3645 1419 2865 2645 3307 2136 4333 1291 846 2217 892 4377 1345 457 994 4385 1772 1104 4662 2900 4069 823 1172 4838 4125 2040 1443 4681 1305 1439 818 1454 3563 2590 4316 1171 3290 2733 1174 2962 854 2411 4581 883 168 3796 651 1392 1918 1864 4096 505 1281 1197 4163 2075 2175 3923 1346 2606 2547 1802 366 3164 1401 1587 2823 4102 2195 3810 4522 1005 4993 196 43
772 2428 1575 4646 3467 4682 2190 1966 1023 2348 1373 3647 4381 4138 414 3527 2806 347 2339 1230 3224 4869 734 3002 62 502 2753 2147 2207 35 2174 4692 3192 1796 2354 225 1745 1660 4897 4468 532 1796 1548 1217 2496 3499 793 2145 27 4858 1632 4885 4182 1595 93 3927 1753 4827 3605 158 4988 2080 2480 1101 4539 3904 1470 498 3646 3440 4021 3243 4588 72 3778 177 3520 3639 2237 1956 2208 174 3417 2688 4915 3235 2138 12 2366 3940 4909 3583 3171 576 4745 1999 2875 2848 1440 2702 1693 996 3466 4252 3481 565 4373 1378 945 1321 288 370 1080 73 4320 4871 2205 2009 3349 2695 1898 4024 3738 497 2170 4454 4607 2078 624 1014 3278 831 1553 2926 3280 1231 4875 2791 1253 2478
3617 2349 134 99 1658 913 4737 1439 2348 1094 2137 2127 4674 2166 358 4665 1649 4036 1929 209 3501 3579 1774 3865 3370 3064 3394 3586 3956 996 3923 2182 1889 576 2976 4613 4020 1239 810 4924 3950 4635 1884 3485 4085 3088 805 3260 1654 4016 1025 3156 1773 4215 2934 483 894 2501 2804 4849 2492 2990 226 2156 1672 4623 929 4586 859 4227 4417 3544 3475 2771 1674 1884 3034 440 1976 3859 4467 2791 2507 4727 1960 3946 3289 3868 1528 3767 742 4816 1884 678 3450 1467 444 1091 4581 2542 2783 3228 2779 935 2087 849 4571 3520 4893 3075 2181 4270 4712 2426 1748 936 2370 1325 2011 3256 3973 1915 3742 2447 75 4872 4370 1349 461 542 1635 1221 1312 787 1599 1843 201 4433 2247 4031
440 4680 3381 1453 2630 3702 1581 47 1373 2137 4406 1988 3748 94 840 1463 3144 2056 3890 2619 1019 2148 955 4044 657 104 4402 1853 3501 1599 627 2143 1083 1730 4237 4005 160 1543 2981 35 165 816 1634 2323 2881 1983 3993 2166 3403 4131 1494 4379 239 3620 3832 154 3011 4428 3291 592 1035 1993 4795 2119 515 1135 2036 2106 3623 3123 3978 2793 1359 4561 4155 4318 2529 3504 4603 3331 2530 4045 3189 110 4259 4484 2090 1559 733 2518 3038 1436 2542 473 1296 3257 38 4484 1900 2401 4974 2978 596 4444 2062 1979 3747 2196 3496 2877 2773 249 2967 1777 3097 2332 2453 927 461 2475 4986 1668 80 404 3186 4043 1859 4023 4219 350 4718 4822 2435 4320 1287 1530 470 2224 3716 3555
1584 3573 4139 2187 4979 2268 3570 3828 3647 2127 1988 3893 3226 3657 2429 321 3413 3175 1600 2609 4833 172 1985 1235 1690 1058 312 4276 3097 2297 4710 4953 2844 3657 2754 28 3654 1311 4182 4610 1940 4134 1052 3304 2168 4361 4971 1849 4428 1438 2102 4834 441 3732 995 4110 3085 1323 4009 2234 1061 3221 2654 3841 679 2716 4358 4691 4354 1489 2682 4757 2224 130 4564 3858 949 1853 1029 1042 3478 1016 1977 4726 3095 3287 711 961 3460 3019 2144 3919 534 4711 2344 191 2853 4534 2731 1661 2984 3107 4652 535 3313 3279 2700 4699 1338 80 4409 4684 1637 749 4518 591 2036 3286 4756 4632 552 1586 1757 2373 832 4684 4014 4016 3929 225 2289 4552 1219 1850 2323 2784 3480 4980 4834 4932
754 3405 302 3542 2551 1020 481 3212 4381 4674 3748 3226 3612 4616 3791 3761 393 555 362 937 1207 1935 132 3415 97 4176 2631 2213 4075 3101 3723 2974 1944 1694 275 2301 3179 180 3498 4045 1130 86 4205 1850 683 3554 2160 3864 3580 2803 4279 3499 4383 3402 1131 4984 414 3426 50 2269 3778 940 83 3666 178 1144 4327 4027 2389 3189 3228 901 1406 1975 4240 1510 4857 2361 3683 1028 1194 4527 3954 3170 2755 4320 1105 912 3610 455 4802 4238 3750 4782 1701 4178 4426 3562 3326 172 3445 536 1569 2725 1761 540 2423 3962 2501 1712 1951 1183 4023 1297 1723 2865 3414 1458 2864 2840 1907 4029 1172 703 4537 4390 125 4882 4042 1118 4161 2871 3887 24 4759 1468 3519 717 4943 2462
4516 3272 3806 3198 3279 406 978 321 4138 2166 94 3657 4616 2550 388 2608 3135 3648 3959 238 2211 767 1496 3769 696 3576 2433 4577 889 497 4208 316 4011 2462 4807 127 3599 3995 3082 3214 1105 1424 3639 2511 2123 1357 4751 209 1064 1764 4811 3103 2739 4328 4422 2492 2026 4411 1559 482 4250 2931 3641 2144 1609 2455 4718 2398 3740 4368 2865 2191 353 665 1533 1990 3544 2702 2189 3349 3960 3376 1161 2362 2984 449 3396 1404 1103 1134 3746 2299 1197 3031 480 552 4153 3211 1166 2019 1306 2755 3814 1610 1173 306 706 3144 3208 1228 2533 4355 4382 4143 3180 4637 3675 869 1722 3324 515 2202 1581 420 1012 2076 3862 3130 2128 2166 4171 2863 109 2495 4027 549 3277 13 4621 1562
2904 88 3185 3706 911 2772 849 1999 414 358 840 2429 3791 388 3320 2301 1245 2440 1504 3619 2964 228 3996 4028 2793 2729 747 2609 2176 4031 3407 4872 2399 2052 835 2063 4815 3583 567 314 4679 1359 880 4955 113 2661 683 3379 3990 1229 1586 588 1547 2964 360 2439 350 1083 2956 3502 2310 1549 4832 886 2567 3628 3368 4296 2486 493 3156 3488 4442 4316 3850 3664 2735 2682 2470 4897 3115 1599 3319 3096 1276 1085 1714 2700 1609 113 63 2236 1511 788 2778 3371 4225 4932 1171 523 3858 345 4601 1506 3408 3393 4192 4190 2669 4536 2053 4489 4849 1456 537 2013 4182 3771 401 2859 1299 1813 4811 4364 1961 1948 4671 1479 4095 1713 525 3984 4622 2711 4624 4974 580 4153 4300 4365
2198 4045 3382 1165 4057 2564 3841 1397 3527 4665 1463 321 3761 2608 2301 988 2150 2247 4252 4616 1248 4107 4984 557 131 1241 2495 4032 1127 1934 3176 4981 1739 754 2597 4660 1771 3918 2822 3576 4380 290 4550 381 506 2836 1935 3887 3959 2839 3027 3352 3864 652 3329 2775 1242 2456 1503 3363 4242 3689 4705 4496 1118 2621 3801 1278 4007 2138 1178 4405 431 3057 1102 244 1440 4265 177 2078 906 3816 945 4572 3761 4340 2893 348 759 401 3471 1183 3851 1985 3549 2046 4777 200 3297 4722 4266 837 1392 4878 2298 3616 4172 211 741 643 366 2408 4644 2825 1760 3980 1423 477 1190 3985 3881 370 3774 4642 4291 1754 3336 1381 1576 1780 1622 1949 15 4621 2076 1164 3524 4360 691 3945
269 336 4879 4894 2651 219 3559 79 2806 1649 3144 3413 393 3135 1245 2150 186 4864 725 3409 2367 1810 3422 555 427 1656 608 3464 4596 3529 315 3140 143 1110 4541 3711 425 2452 343 2092 1580 4011 749 1311 3212 4502 1454 3419 4038 269 4885 3308 2178 1325 2998 1226 2980 4623 4578 2657 1643 1490 240 3617 302 4901 3929 214 4674 3235 3644 346 3179 702 2797 2719 4861 2859 3757 2874 4604 203 2599 3807 1407 3506 62 2177 2920 2759 4673 2500 4504 1088 3897 859 3876 4541 2941 3123 3253 1247 4958 2203 1887 211 2756 1244 1922 1384 1579 1634 4352 4098 3503 3589 3961 1711 1070 779 4599 405 3165 4882 3562 1981 4676 4547 2079 713 809 3337 1508 3356 1498 524 2033 3473 107 1598
2212 1412 4345 4393 4416 3179 4352 1303 347 4036 2056 3175 555 3648 2440 2247 4864 1073 2432 3037 3286 1721 957 2921 2096 3320 955 2300 4258 18 2870 726 1781 4014 3806 1502 836 245 1852 585 4440 2409 3173 2582 2272 3071 2330 1265 2517 536 3977 2113 2000 2141 1887 2737 25 661 1244 1356 1908 1236 866 511 2354 1570 2494 1629 2493 1614 3026 72 4983 2637 1336 2282 2936 3280 3313 1308 3539 4963 2025 2427 87 701 1186 4668 4955 3357 4412 1840 2741 158 4208 4940 4489 4676 2808 2458 3093 1338 4903 1815 3878 455 2895 927 4657 1303 2855 1768 3521 642 4510 346 59 2472 2888 2933 3433 4066 4349 2500 3332 342 1770 3429 3015 931 2440 641 954 1529 2522 840 4592 30 1868 4446
1355 3703 2942 1144 1470 2744 1313 491 2339 1929 3890 1600 362 3959 1504 4252 725 2432 4303 2401 3092 3937 3446 4643 1863 4633 1893 4481 1493 1853 2699 924 1744 3251 2794 2697 4888 1907 4307 3884 2713 4988 4070 4639 4557 2857 53 285 1018 3822 2029 2524 3912 3651 3564 748 268 2935 1362 836 3764 4610 1196 2231 2286 1347 498 3915 578 3167 4056 2247 1721 2931 1423 488 686 3511 1788 3238 633 592 3455 1868 1989 1045 3413 2178 4563 1208 602 3346 546 1134 839 122 2754 1618 2401 1973 976 948 4071 3942 1574 1571 4935 975 1734 4871 2459 51 2183 2219 3780 2015 153 4753 4011 1652 2473 2959 2052 4837 326 1239 1475 2090 773 4070 3065 4176 1814 4956 2254 4723 2512 471 3488 4613
3848 4958 4435 4719 1131 3112 1364 4649 1230 209 2619 2609 937 238 3619 4616 3409 3037 2401 186 2781 459 2155 4418 1209 3761 4743 1744 1578 1384 598 1783 3683 3793 3011 2590 2537 2495 4033 1494 2443 4052 1337 3390 803 27 1955 1141 4301 3047 1976 3392 4769 373 1837 3996 2146 4705 3795 2462 4256 2549 2202 227 658 3538 258 4732 4301 3162 1469 877 1289 4704 1305 2448 4821 3292 3281 3214 4201 2427 2561 2479 4497 1664 4105 2845 4510 1597 1001 1524 4409 2848 4400 192 2100 544 1272 318 975 1099 4548 3774 202 2665 731 275 976 1098 77 522 2776 2752 1816 3601 1637 1096 2108 1355 741 2805 3695 4058 4247 3307 1745 640 157 587 3929 1018 3051 1870 1414 407 3229 3747 3455 390
3973 615 3578 2079 502 2301 3410 1042 3224 3501 1019 4833 1207 2211 2964 1248 2367 3286 3092 2781 3254 3548 1955 2255 2447 2082 1351 3000 2214 4641 1133 3630 2336 389 1006 1160 1250 138 1490 2587 1086 1493 436 605 4223 2467 506 4825 2596 686 3106 350 3056 391 2595 528 541 319 3548 3182 4757 2837 1124 2232 501 4687 4752 1948 3785 2102 1049 630 1292 3448 312 1979 2251 3895 4187 3491 2813 1918 1320 3769 1604 1508 91 3822 3442 4269 4955 465 4782 2680 1531 427 1768 3806 4241 4801 3672 233 2161 3580 2621 2174 230 2224 4164 94 3563 96 1722 2115 4346 896 3644 1244 4439 4825 175 4119 3837 844 872 4274 2230 4849 650 4872 3759 2789 2203 1947 462 2516 261 442 3340 2950
3273 3846 4703 4113 1957 4232 828 1448 4869 3579 2148 172 1935 767 228 4107 1810 1721 3937 459 3548 2406 4643 3704 802 555 3707 1785 2855 4035 2754 3177 2221 156 2636 3047 1490 1551 1981 745 658 4905 4733 1991 788 3948 915 4285 4608 1874 4753 3163 582 1775 341 3466 3981 2197 139 4875 3750 692 3630 2110 4627 498 3658 831 2729 3857 1094 2538 1818 1851 2393 3781 4207 2321 2983 4996 4306 4594 953 1060 1100 3399 2629 4921 33 4423 4896 4588 858 1340 37 1957 4891 3792 660 1296 420 2077 4002 4901 4059 4777 4348 4036 2806 641 248 609 1733 4283 4201 797 3519 2867 3189 2175 3848 1590 2083 1499 1791 4926 4889 4317 1967 1026 3823 4935 4464 460 3122 2017 3489 4876 2937 264
793 4767 3289 3815 1881 3952 836 295 734 1774 955 1985 132 1496 3996 4984 3422 957 3446 2155 1955 4643 3643 4086 528 2700 2672 1688 4702 1748 3961 1116 173 3122 548 4089 2736 193 3650 2755 4813 2840 531 4034 3619 3646 1053 2758 1284 4772 3960 3038 4314 4031 1858 1053 2697 2258 4281 1921 1432 4243 4166 3784 3056 3133 3807 2087 1294 4248 2533 414 2041 354 515 2939 4488 2160 2378 732 4019 857 322 786 1807 1296 1022 2497 4310 3437 4349 3563 1132 3391 3892 778 852 3545 2444 104 159 3068 4902 2790 303 1855 2319 1264 3872 1273 1405 3671 4093 672 2598 2648 1116 595 2324 1419 3123 3568 529 2066 3606 3972 3047 3748 3664 3778 1354 3459 3899 353 1454 2124 4224 75 4587 4730
4485 3091 2820 2754 198 2696 2760 3366 3002 3865 4044 1235 3415 3769 4028 557 555 2921 4643 4418 2255 3704 4086 152 1498 491 675 3095 3937 1492 3780 102 384 1038 171 2269 4026 21 2632 4513 4637 25 3016 819 4063 688 2890 3906 2661 687 2261 1605 1911 4250 3103 3020 3666 1656 4812 1148 3444 2637 1982 1676 3233 1322 1178 1233 1267 1929 3392 770 2157 2015 405 3200 3336 108 4389 565 587 3882 4806 4702 3712 107 1544 4951 4687 2578 3620 1836 1339 3935 4567 2025 4667 4935 3709 2852 3907 4468 4229 2840 4928 2069 1926 3308 4052 4583 3231 2312 4643 2521 3235 3684 3540 3433 3535 4312 235 1018 4271 3059 1526 779 1038 3928 2045 2379 2816 4573 3582 623 4433 2157 1164 2961 1608 1467
4977 409 2848 394 421 2303 805 3960 62 3370 657 1690 97 696 2793 131 427 2096 1863 1209 2447 802 528 1498 4093 2773 3237 1289 2342 3187 202 903 4075 2670 376 2570 2865 4149 2451 2075 4405 2423 4685 1307 4381 3361 4964 1036 3987 614 2607 1641 601 3306 4670 205 23 4463 4386 3985 4715 4821 943 4107 3827 3172 2170 1782 579 2566 4444 3841 2417 4600 117 2888 1080 3100 1758 1805 1920 4029 894 4599 631 2557 2881 2490 3979 4672 1190 473 3484 4311 748 4896 1253 3156 1946 2759 4213 2880 4032 69 2397 3308 3671 4101 4028 4284 1034 2862 3826 4999 4086 3283 1637 3533 1321 4325 155 1649 4729 4316 4805 4750 2214 1482 1317 747 4165 2663 2373 2782 4031 4948 2889 4302 3478 3997
1010 567 3300 822 2881 4806 3842 399 502 3064 104 1058 4176 3576 2729 1241 1656 3320 4633 3761 2082 555 2700 491 2773 3811 3695 1746 4987 1801 640 3661 275 3669 2541 1391 4175 2761 2120 4270 3229 2998 1398 2264 4564 325 3109 3860 2579 2778 1000 1078 4142 3522 3393 3807 1904 4868 2776 3730 4684 2971 3119 854 4084 3685 1026 3469 2247 2740 1092 1703 3144 2791 3340 1840 4319 3585 2869 2017 1819 1640 3917 1844 580 3571 3487 1765 2647 2397 3847 709 2880 422 3751 4483 2495 2011 4185 1266 2493 3416 3685 553 4588 1327 140 1148 1074 3531 1921 739 2138 764 1890 41 2564 1504 2852 4118 935 1926 2261 2555 2865 3811 2715 302 4043 4612 2271 3908 1395 2065 1204 4203 1218 4494 2872 2001
2138 4219 846 999 1745 3408 2596 3715 2753 3394 4402 312 2631 2433 747 2495 608 955 1893 4743 1351 3707 2672 675 3237 3695 2929 1944 247 941 3737 1406 1562 4982 776 223 4039 972 1119 4407 1568 1234 4893 2030 4438 3901 3821 1418 4939 3224 1350 2054 2171 3852 3377 3461 2679 155 1357 3705 4791 4513 233 704 3481 143 1179 644 3103 4720 371 4298 704 501 4650 3950 553 2910 1891 1510 131 1262 3375 3235 3456 3879 3919 380 3653 3459 1107 785 3642 4867 3914 3210 4341 2991 1716 4304 2668 947 4618 1517 841 4688 3796 3220 2482 4305 1667 1083 1573 2430 3409 2040 4004 2993 14 4158 1835 1093 263 3988 1682 4099 1050 768 4678 1848 2494 2148 4411 3349 4434 2001 2315 3528 4183 2941
596 2759 3379 1015 4824 2597 4802 376 2147 3586 1853 4276 2213 4577 2609 4032 3464 2300 4481 1744 3000 1785 1688 3095 1289 1746 1944 1050 639 909 1632 747 1642 2490 2630 3011 3637 1609 2953 3053 3735 682 2676 2712 2373 3869 2827 4186 2196 2648 505 134 2805 471 1027 910 467 759 1005 1690 438 172 1242 916 1086 1964 3765 1012 3840 927 2633 4562 1132 325 3655 1797 4582 1330 2583 1703 2060 4245 4764 3497 1262 2034 2328 2745 461 4907 617 2742 4329 4146 1760 2195 1565 436 4512 4410 2625 730 3535 468 4180 3881 3648 4349 477 2695 4569 2705 4841 3612 98 1614 830 1187 3040 938 3246 249 2601 706 3983 4676 4039 142 420 2737 1637 1575 3935 2239 3109 506 4731 1100 3596 1758
3669 2566 92 4340 3884 1209 1699 3278 2207 3956 3501 3097 4075 889 2176 1127 4596 4258 1493 1578 2214 2855 4702 3937 2342 4987 247 639 3695 4215 1818 2792 3115 4684 920 393 3609 1281 3342 97 340 4275 3386 82 2381 862 54 3291 3187 799 1117 2839 809 2185 1978 2537 2633 4519 3363 4544 632 4751 3958 49 1210 3543 4235 823 2235 1667 3447 3478 4732 225 3934 1890 815 3889 219 2227 1519 3885 3138 1305 540 1774 3027 4142 4318 1236 3106 4335 2525 4630 4404 4134 2833 840 2556 4923 3930 4978 3375 4498 2059 1454 1681 3061 2065 2546 3625 3604 2343 2134 987 16 1625 1223 2004 2305 3476 3197 167 3381 3824 839 232 2044 2043 752 3008 1201 1206 994 1878 3874 4986 963 3623 1692
3761 593 819 4939 400 3812 1057 4177 35 996 1599 2297 3101 497 4031 1934 3529 18 1853 1384 4641 4035 1748 1492 3187 1801 941 909 4215 3246 630 4483 2978 4212 3223 4131 3931 1458 422 27 4505 4610 1473 2613 906 4076 3155 778 2024 177 359 3223 2755 698 3876 369 157 3063 733 2767 1217 3391 1970 4189 265 37 2920 852 1048 2649 3629 2910 1930 4977 3568 2306 3915 4983 2486 2316 2288 3547 1787 3128 3260 4432 285 4947 4226 193 629 4072 680 872 1199 179 4970 2027 1007 3206 2795 2030 216 4677 2706 512 4735 3046 2222 4363 146 4995 3613 2951 703 2299 4912 1205 1047 3826 2313 3194 1798 3132 4005 3256 3984 3290 4026 588 3801 2465 773 911 3173 4248 594 3716 2466 897
502 3329 119 1055 4921 3274 2190 4409 2174 3923 627 4710 3723 4208 3407 3176 315 2870 2699 598 1133 2754 3961 3780 202 640 3737 1632 1818 630 4060 3152 462 1882 1311 537 1543 3581 679 4211 1221 532 3038 4885 4225 4722 2615 1675 2246 2247 135 3608 2869 4395 1920 3381 4725 2375 2309 3071 4197 2203 2934 1430 3136 2543 901 349 4341 2206 1117 3580 165 2098 426 1629 1042 798 4943 3416 4613 4130 1902 1762 2131 3665 3464 4496 1088 2192 818 2791 3648 236 727 1604 2328 1526 1092 4335 389 3999 4232 525 1515 4922 2776 4973 4160 205 365 2591 4397 2484 4523 2208 4766 4180 1556 4453 3846 1978 1756 2827 4391 527 4218 1827 4927 4938 3022 3544 2558 1218 2985 4462 3491 506 814 4176
2295 2851 2413 731 4841 3362 3460 819 4692 2182 2143 4953 2974 316 4872 4981 3140 726 924 1783 3630 3177 1116 102 903 3661 1406 747 2792 4483 3152 1847 4932 860 4347 283 1500 1323 1707 294 459 1439 2784 182 3431 2676 525 4733 822 3387 3055 235 1693 2512 4491 1069 2269 1315 4419 1583 3587 537 982 1515 3589 2767 303 1111 4909 4648 4974 1523 586 542 4959 4698 136 2832 3532 950 2255 823 318 3440 716 971 3094 318 169 2769 3612 4306 2459 3810 1084 4883 4880 3355 1466 2192 1209 4110 3955 3283 86 1064 86 3567 2554 933 1079 2464 950 2602 2489 3723 785 333 4596 4256 924 3010 2060 3498 1341 475 1742 2554 2191 3886 3866 1864 3316 1007 1172 544 4185 2641 4923 4558
936 341 1215 37 3330 565 2683 149 3192 1889 1083 2844 1944 4011 2399 1739 143 1781 1744 3683 2336 2221 173 384 4075 275 1562 1642 3115 2978 462 4932 2035 126 4878 3041 3815 1392 3507 332 4014 1004 2319 400 2753 886 3898 854 1708 3121 3633 3227 4444 4779 3326 1815 1199 4808 1174 3864 619 2264 1114 2664 573 3004 3332 3999 2679 2774 4112 2615 2308 2036 2517 20 4689 3813 3832 2793 3789 3320 84 1714 4925 899 3250 2776 3982 700 2055 3641 2512 4368 2017 4769 55 1151 4659 4587 186 1506 1785 4907 2303 4781 3672 4895 3460 698 1779 2620 3203 3553 293 3792 3183 2737 2500 4197 1373 1598 4523 3645 201 3136 1201 4835 4397 3221 2745 3517 3344 2414 791 4165 1164 2883 3924 2923
2174 3502 2330 3826 4066 3874 3027 1877 1796 576 1730 3657 1694 2462 2052 754 1110 4014 3251 3793 389 156 3122 1038 2670 3669 4982 2490 4684 4212 1882 860 126 2846 31 1904 1961 96 1740 4164 2617 3234 4709 804 3169 1908 3352 362 3050 3142 4342 3503 2554 1474 1981 1577 4312 2181 1810 2343 647 2379 4330 1148 233 3044 707 3943 225 2161 4236 4954 2659 3486 2210 4988 1855 3733 4138 929 1999 187 1479 4708 1638 15 1512 1013 3311 4877 1124 2801 2581 4575 3538 4596 2587 1963 666 2475 3794 974 4537 3135 2544 3328 4429 4901 2686 3857 737 390 4949 3032 168 4504 4117 4558 3245 3110 1318 230 3399 2283 2144 3871 156 3900 569 3182 4852 294 811 2222 4657 4523 1629 3570 2611 3652
3105 3600 1004 506 838 1851 3725 3254 2354 2976 4237 2754 275 4807 835 2597 4541 3806 2794 3011 1006 2636 548 171 376 2541 776 2630 920 3223 1311 4347 4878 31 730 504 817 2011 817 4059 566 4798 582 3820 3160 2723 818 4489 4782 4344 3814 2086 242 2591 3137 4843 1726 133 3629 4314 1614 4739 2289 3664 2969 3251 2579 1187 4014 2551 1268 664 1759 2294 3630 4793 3777 2141 3304 530 4621 3522 623 4527 2995 4651 1261 1855 2590 754 2911 253 3385 1827 2339 2511 1824 781 162 2828 1132 4538 62 1943 2325 4263 4077 4695 4220 1992 4180 1246 4758 1654 3990 4920 718 370 2090 2126 4621 2807 2683 1841 4508 4509 1048 4188 4916 2103 1310 2760 1428 4463 4246 71 2010 3587 4664 4198
1209 3191 1694 2070 3228 3746 612 2594 225 4613 4005 28 2301 127 2063 4660 3711 1502 2697 2590 1160 3047 4089 2269 2570 1391 223 3011 393 4131 537 283 3041 1904 504 2846 2974 3866 2628 3974 189 4944 3398 3229 4671 4088 3133 286 4667 3258 1489 80 546 3154 190 3066 3750 2036 1456 3184 3218 1162 3107 4695 2041 525 2450 628 430 2381 1948 507 500 519 2277 172 4527 3327 425 3414 4473 1568 744 3693 3788 2047 1647 3249 4220 1080 2830 1250 1694 3327 2535 3075 3536 203 2651 4294 1828 3014 233 3495 2231 2513 854 2317 4785 65 2600 2351 4302 3031 378 4568 2602 1881 434 1102 939 4982 677 3205 331 3625 4103 2360 3475 2403 3200 4998 3067 4365 3178 2150 680 1795 2084 1238
668 3441 3671 4059 3653 2278 1073 1769 1745 4020 160 3654 3179 3599 4815 1771 425 836 4888 2537 1250 1490 2736 4026 2865 4175 4039 3637 3609 3931 1543 1500 3815 1961 817 2974 1987 4233 3250 4512 2237 752 2400 2192 1039 3296 4014 880 971 1469 1947 2471 2661 378 1401 4368 4370 384 520 2098 1760 2448 3772 1194 951 2866 1898 3640 2115 393 863 108 1237 3070 1452 4312 4401 536 2891 1236 2731 2405 1192 1725 3416 992 87 2922 832 3413 3468 782 2824 4853 4981 2543 3546 3349 2799 1579 473 2172 83 4482 410 1459 2452 1768 4403 4252 3492 1357 806 4774 2655 4659 4648 2678 1806 4553 4303 2163 1402 4532 2341 4279 2087 1998 4315 3762 163 3610 3385 4215 4618 2386 718 2986 4696 222
4168 2269 661 177 2724 1871 670 1343 1660 1239 1543 1311 180 3995 3583 3918 2452 245 1907 2495 138 1551 193 21 4149 2761 972 1609 1281 1458 3581 1323 1392 96 2011 3866 4233 3049 2496 4044 1319 1516 263 636 1793 3950 958 3039 100 1212 2853 3253 2829 4998 1688 4746 3058 3583 1680 4936 3787 2622 2528 4174 3456 2556 2993 1841 2938 4115 2854 1982 880 4140 2600 3069 4266 1584 4600 926 3524 644 2061 3859 2060 3663 1816 2351 1765 3444 668 2623 2217 182 3952 4724 2705 1122 4777 39 1188 2969 504 723 2882 234 4010 1396 1555 4206 2060 3429 3365 72 1585 1759 844 1337 220 2545 358 4389 3817 2298 338 4168 3628 2029 778 839 3783 4600 4744 2382 3766 4443 4494 4499 3598 403
3675 2215 3516 4478 1336 4071 3384 2272 4897 810 2981 4182 3498 3082 567 2822 343 1852 4307 4033 1490 1981 3650 2632 2451 2120 1119 2953 3342 422 679 1707 3507 1740 817 2628 3250 2496 1199 1963 1485 3854 3295 2933 1693 4322 536 4113 4231 610 2145 3141 678 4316 2805 287 992 1859 3108 238 4331 3687 446 636 2333 4062 1788 1389 4124 1548 4064 427 4109 3703 369 2441 4017 1761 127 3997 1734 1573 4152 1948 4885 3436 3029 1576 3869 2492 1495 2575 3486 545 2258 1589 3802 2263 2477 2846 3084 3512 1544 69 3490 2311 1881 2724 2352 812 1423 2989 3052 1426 3459 965 3004 1613 2082 1410 4592 1548 1987 471 3244 3559 3002 4120 4155 3323 4997 4981 2388 2404 2887 883 1640 2432 304 2510
818 4221 4029 4017 3193 381 3257 4712 4468 4924 35 4610 4045 3214 314 3576 2092 585 3884 1494 2587 745 2755 4513 2075 4270 4407 3053 97 27 4211 294 332 4164 4059 3974 4512 4044 1963 2072 971 2284 110 3408 4992 3029 1385 2339 4228 1230 2340 3003 2120 2380 18 1252 2311 972 3880 978 4293 930 40 126 3434 122 300 642 391 2983 1802 4782 4905 4169 4671 4891 3852 984 3530 1080 4972 2271 668 4599 1808 46 735 1931 4237 3254 4320 1025 3699 1927 4322 1978 1124 1686 3460 4673 43 4562 4670 716 3343 1577 3309 780 1761 4205 1083 1134 3078 1493 1557 1990 802 2052 764 1457 2125 4490 2802 987 1233 604 3634 1715 4117 2268 1668 1422 1844 241 1919 1238 3066 3340 2501 2723
4552 3840 3784 3033 3202 1096 991 4335 532 3950 165 1940 1130 1105 4679 4380 1580 4440 2713 2443 1086 658 4813 4637 4405 3229 1568 3735 340 4505 1221 459 4014 2617 566 189 2237 1319 1485 971 3977 1680 2076 4771 3528 2671 2566 4943 4919 4296 4167 4029 2753 1811 2028 1521 3130 508 1941 193 1640 4051 4025 4126 1549 4849 1324 3284 817 534 2001 4241 3714 1880 2865 3910 71 2926 1708 3438 715 1633 3664 4190 1574 2168 3341 1531 1598 3590 4611 1521 3025 2002 681 4923 3169 4099 2565 719 1155 2987 2219 3378 2685 2425 2064 4359 973 2731 2832 2981 2504 4466 3265 3502 4034 81 461 3610 743 604 241 1205 4792 2449 1041 3076 4135 2573 666 3970 1599 3803 596 314 2631 1991 3867 3738
414 1258 1717 4921 1733 2857 4124 4394 1796 4635 816 4134 86 1424 1359 290 4011 2409 4988 4052 1493 4905 2840 25 2423 2998 1234 682 4275 4610 532 1439 1004 3234 4798 4944 752 1516 3854 2284 1680 2359 2993 4788 3558 38 782 2855 1314 3728 2266 1688 3441 2307 958 4890 672 1923 3046 987 3872 1373 2947 854 3055 197 2299 1070 1761 4649 4263 2180 4772 3711 3577 595 328 1362 4306 3076 1312 1596 1685 1987 1574 2806 744 3629 3805 2409 568 309 3494 2741 4366 2872 975 3235 1856 2416 750 494 1756 30 2477 1359 1861 1657 4575 999 1676 3985 2575 659 3526 2609 4271 4412 73 2281 3164 4129 3492 3105 634 4941 427 1980 3186 4656 27 1527 3969 4326 4638 975 3254 1996 4444 1543
12 3674 1850 2764 1647 2573 3324 3934 1548 1884 1634 1052 4205 3639 880 4550 749 3173 4070 1337 436 4733 531 3016 4685 1398 4893 2676 3386 1473 3038 2784 2319 4709 582 3398 2400 263 3295 110 2076 2993 3304 4426 3066 2593 4427 136 3482 3677 2635 4539 2084 691 2139 2201 4114 1479 78 2227 2670 2872 2147 2378 1536 1921 1512 4923 1125 2160 3472 609 4297 3212 4033 313 3987 1668 855 2789 3155 3330 2611 4335 4622 1894 661 1273 1966 3102 377 2785 3920 4790 883 709 3293 155 1744 3706 3933 2278 3686 4018 4058 3337 2916 4211 3808 1768 4280 4085 2261 367 4080 846 248 3847 645 703 433 721 2531 2970 4978 702 2565 2482 300 3664 3093 1957 3175 3209 1604 2185 4276 612 168 3960
2829 2537 543 330 1548 3096 112 869 1217 3485 2323 3304 1850 2511 4955 381 1311 2582 4639 3390 605 1991 4034 819 1307 2264 2030 2712 82 2613 4885 182 400 804 3820 3229 2192 636 2933 3408 4771 4788 4426 927 2379 2683 1122 3963 2757 3804 1606 4925 435 3226 934 2521 3966 184 2571 962 2351 232 2873 883 621 944 1992 3636 4351 3592 322 38 1571 4085 4895 1365 1526 3898 1747 1806 3035 1700 648 4868 581 3977 1265 2471 3514 3424 3575 4050 2711 1239 2372 3928 584 2797 4293 611 1251 1501 1994 2573 1980 4585 721 3815 3532 52 366 3051 2279 2839 1585 1746 3637 4180 4794 3164 1014 4279 573 1365 2283 1830 2125 1883 2306 3827 1029 965 2754 3867 4227 1402 2572 3661 2447 4353
4716 1031 4678 1650 1059 4959 4328 4936 2496 4085 2881 2168 683 2123 113 506 3212 2272 4557 803 4223 788 3619 4063 4381 4564 4438 2373 2381 906 4225 3431 2753 3169 3160 4671 1039 1793 1693 4992 3528 3558 3066 2379 3241 1106 668 2915 4308 4581 427 1868 208 1301 4748 4912 4888 3820 4939 2636 2592 4222 4145 4833 3010 64 2789 1512 2449 1681 4694 297 1149 2902 2357 2633 2480 683 3922 3658 91 4777 3348 1505 642 3959 4514 3431 2216 4227 3135 3751 368 450 4137 3799 4695 3082 720 4094 4550 3238 3228 2540 3298 166 3192 267 2730 838 701 3411 3556 1618 3397 413 940 4924 2868 4027 2703 597 4344 1175 2933 1269 3110 1468 145 464 2712 4915 4901 4033 3085 2080 2565 3961 1541 2593
1739 4571 1758 4369 2543 3815 1381 4766 3499 3088 1983 4361 3554 1357 2661 2836 4502 3071 2857 27 2467 3948 3646 688 3361 325 3901 3869 862 4076 4722 2676 886 1908 2723 4088 3296 3950 4322 3029 2671 38 2593 2683 1106 3710 4521 2884 1624 1392 597 3923 4958 4993 1515 2777 4599 772 2378 1232 3368 1772 1382 4223 656 3955 4008 713 4054 3408 2767 4718 2735 1749 2626 701 4398 3072 4776 4255 3110 3985 208 1712 205 4417 229 551 1913 1447 30 658 2641 1467 4956 4187 4014 3933 477 4902 4426 1699 2800 4121 522 2484 3317 2501 975 1002 1065 3235 4207 112 4215 758 3114 2211 4309 2154 4220 3674 4021 1907 2794 4542 3071 4408 51 1347 2137 4839 741 1595 1486 3681 3316 951 1316 2915
3588 2339 4206 1268 1144 4488 2450 3586 793 805 3993 4971 2160 4751 683 1935 1454 2330 53 1955 506 915 1053 2890 4964 3109 3821 2827 54 3155 2615 525 3898 3352 818 3133 4014 958 536 1385 2566 782 4427 1122 668 4521 3039 2769 4558 4784 4851 2966 4926 2205 2751 2679 15 427 4737 2749 1305 2207 24 3346 1542 2758 370 1203 3766 2819 3707 2070 491 3579 4100 1216 4830 905 2862 2080 4288 3094 4318 2596 4525 2191 1403 378 2808 4925 3676 3709 4899 2576 4758 2813 4193 2850 1948 2758 558 668 2986 1113 2416 3856 3182 1459 1666 4822 3981 4547 3784 434 201 4831 1113 1170 4909 1432 4177 482 4649 1632 3709 2001 2619 455 2319 3971 1473 1560 2215 1630 1555 1348 3017 3080 4254 4641
1830 1377 1085 2321 4593 811 14 297 2145 3260 2166 1849 3864 209 3379 3887 3419 1265 285 1141 4825 4285 2758 3906 1036 3860 1418 4186 3291 778 1675 4733 854 362 4489 286 880 3039 4113 2339 4943 2855 136 3963 2915 2884 2769 2604 4772 3677 4320 3136 4642 1745 2686 1607 1172 2577 1901 1994 1641 255 4547 2054 4223 4794 4002 2293 3775 4124 1130 2330 2286 1316 3121 1040 2798 4493 274 4253 4177 2259 936 3921 4587 1114 955 2491 125 2837 1980 672 633 133 1646 264 297 490 2641 2643 706 4200 4559 828 3812 2553 4839 3880 2996 3861 27 1419 2559 16 1329 1448 540 4446 1452 3587 634 4663 4363 4689 1668 1046 2643 4593 1940 1080 371 905 1505 1532 1721 609 2305 1455 2230 2371
363 1142 3954 3690 3868 2985 330 4932 27 1654 3403 4428 3580 1064 3990 3959 4038 2517 1018 4301 2596 4608 1284 2661 3987 2579 4939 2196 3187 2024 2246 822 1708 3050 4782 4667 971 100 4231 4228 4919 1314 3482 2757 4308 1624 4558 4772 3294 264 1826 2479 2807 4740 2754 129 2457 3339 4399 1504 4618 266 2016 612 2177 1789 3924 3652 3368 1877 2796 3988 3031 4443 634 2668 2140 3143 2085 134 64 2808 1808 1522 707 4324 4617 1970 2514 1329 4023 4621 4749 1739 2240 4529 504 1303 3460 149 3710 2888 3532 2239 2837 1601 341 4004 119 2816 1481 848 3399 1580 3479 1834 4674 1055 2072 4945 2377 2663 3272 179 4651 2671 1387 1305 2230 898 2781 4199 1946 129 588 523 1588 3909 4101 987
1366 1331 4435 3719 641 4807 4513 273 4858 4016 4131 1438 2803 1764 1229 2839 269 536 3822 3047 686 1874 4772 687 614 2778 3224 2648 799 177 2247 3387 3121 3142 4344 3258 1469 1212 610 1230 4296 3728 3677 3804 4581 1392 4784 3677 264 3537 632 4407 4207 1897 2944 3501 4772 4809 2907 4638 4890 4239 2912 1465 2042 3091 2405 4452 2780 1660 3603 1336 2207 298 3519 2161 1877 110 2942 4352 4914 1594 4631 3263 69 1108 1279 4142 715 4021 4800 2413 2237 2627 759 389 4702 1781 1901 2680 1303 1583 619 3614 47 2433 2753 3555 803 94 2099 3086 299 4037 4724 4108 1111 999 2481 1880 3739 1900 2844 2209 1100 2920 3546 1738 91 2129 3547 4445 1460 2879 3723 3589 1052 1788 3692 1167
3393 2702 4233 2656 2752 1476 741 62 1632 1025 1494 2102 4279 4811 1586 3027 4885 3977 2029 1976 3106 4753 3960 2261 2607 1000 1350 505 1117 359 135 3055 3633 4342 3814 1489 1947 2853 2145 2340 4167 2266 2635 1606 427 597 4851 4320 1826 632 3903 3982 1980 3440 4132 4463 444 1621 2023 729 2562 2309 1039 1917 3742 2918 2930 4729 1350 4582 1319 1249 2862 1801 2414 3941 2774 4708 960 4857 2979 3679 3846 3764 1586 1743 4568 2305 4977 2854 4136 3001 3197 4530 1726 3893 3062 2944 2952 2504 3077 2323 2687 2761 4371 4718 929 1732 3065 3228 2193 3109 418 4214 333 4492 2941 3725 3760 2477 3812 1826 3182 877 97 3582 1538 351 2212 2786 4715 575 1938 375 232 4691 3037 4204 908 3824
870 435 4823 2140 3853 2708 1354 1270 4885 3156 4379 4834 3499 3103 588 3352 3308 2113 2524 3392 350 3163 3038 1605 1641 1078 2054 134 2839 3223 3608 235 3227 3503 2086 80 2471 3253 3141 3003 4029 1688 4539 4925 1868 3923 2966 3136 2479 4407 3982 1194 4495 4058 3452 4725 3926 2878 1942 4786 1517 2801 715 3732 3352 667 2686 2534 3366 4003 4104 279 927 1413 598 906 3799 3217 3228 1001 479 3445 3007 4513 3893 3748 2645 1167 556 1498 2403 2637 4442 218 2247 4351 214 3573 3382 908 4247 2093 4408 3458 1703 876 99 311 3214 3601 2054 4601 499 3526 4846 2460 3221 3333 984 3765 1638 4218 4938 1996 1408 2550 969 3995 557 1048 3040 4304 2243 3435 3896 4153 1913 972 3779 2908
1414 4722 1541 4047 4525 461 3841 2678 4182 1773 239 441 4383 2739 1547 3864 2178 2000 3912 4769 3056 582 4314 1911 601 4142 2171 2805 809 2755 2869 1693 4444 2554 242 546 2661 2829 678 2120 2753 3441 2084 435 208 4958 4926 4642 2807 4207 1980 4495 3986 4942 3536 1558 2378 1060 1902 2712 3021 1421 2944 149 469 762 3278 1200 1656 1987 2667 1082 523 2521 1818 882 4531 2822 2600 1435 4176 1328 2539 491 972 3109 2913 207 86 1039 2143 1004 2822 1675 1884 2048 970 2192 3371 4825 4870 506 2096 3000 2347 1556 4791 697 1501 1344 2692 2513 278 2871 2575 611 1675 1661 1846 2827 937 681 859 2390 1739 597 4003 3875 1716 4102 1893 3190 1662 1764 1602 3259 1765 1794 344 879
71 2425 1434 4409 22 4642 1307 1859 1595 4215 3620 3732 3402 4328 2964 652 1325 2141 3651 373 391 1775 4031 4250 3306 3522 3852 471 2185 698 4395 2512 4779 1474 2591 3154 378 4998 4316 2380 1811 2307 691 3226 1301 4993 2205 1745 4740 1897 3440 4058 4942 1669 4068 4936 4797 4409 3321 3663 1447 3645 3947 172 2584 2255 4665 528 1065 868 4473 2256 4984 2675 2663 372 2424 4255 2595 2112 3499 4055 203 2380 2848 2664 4519 275 210 668 2749 1887 2011 4875 1769 2217 365 1664 3508 1871 1077 1410 3534 2133 4703 3109 2450 2768 3449 4196 11 4248 3336 4456 647 596 2325 645 277 2009 1811 3920 2626 665 1714 3012 230 1235 291 2253 2164 16 245 2107 1441 1551 4902 369 2893 595
2313 3566 3051 3604 1082 1540 3053 2922 93 2934 3832 995 1131 4422 360 3329 2998 1887 3564 1837 2595 341 1858 3103 4670 3393 3377 1027 1978 3876 1920 4491 3326 1981 3137 190 1401 1688 2805 18 2028 958 2139 934 4748 1515 2751 2686 2754 2944 4132 3452 3536 4068 3880 3181 3485 3663 968 1908 2113 4383 1120 1063 4292 2012 957 1711 4232 1640 58 4918 2045 801 1025 3442 609 2587 4987 3962 3456 4536 1855 3100 289 1437 3624 4425 4581 2634 181 871 67 3504 2506 788 4039 3299 2646 2487 510 4957 2395 967 2783 1901 3782 1975 4317 504 3394 396 545 4788 4268 2780 1370 3846 1657 3331 4704 4872 1956 1114 176 1493 4004 3027 4487 4611 1072 2193 2484 282 2266 3214 4568 4481 56 4525
1766 3807 4862 1740 3682 98 168 882 3927 483 154 4110 4984 2492 2439 2775 1226 2737 748 3996 528 3466 1053 3020 205 3807 3461 910 2537 369 3381 1069 1815 1577 4843 3066 4368 4746 287 1252 1521 4890 2201 2521 4912 2777 2679 1607 129 3501 4463 4725 1558 4936 3181 1685 3683 3716 2105 4203 2601 1237 4083 2128 4925 220 3765 1328 2427 3300 2062 1919 1544 3271 2266 4603 924 4482 1867 420 4980 3717 2703 386 4540 2794 485 1005 4831 4022 153 240 4919 406 1011 2913 872 2640 2022 2450 3468 3371 3809 3937 2819 4780 1064 270 265 2444 3743 494 3502 1552 4315 2352 2943 894 698 3775 4464 343 4341 2307 37 96 1363 4595 1951 278 931 2709 4429 2502 680 349 3036 3732 3572 2408
1813 802 4462 3373 3516 3644 1227 4753 1753 894 3011 3085 414 2026 350 1242 2980 25 268 2146 541 3981 2697 3666 23 1904 2679 467 2633 157 4725 2269 1199 4312 1726 3750 4370 3058 992 2311 3130 672 4114 3966 4888 4599 15 1172 2457 4772 444 3926 2378 4797 3485 3683 4746 2065 2144 538 2531 1723 4538 4024 724 1827 4843 136 269 4435 1038 2235 1599 1392 1347 899 4515 2039 4641 414 2801 736 3552 121 1647 4438 2247 1921 3677 2987 2637 1152 2970 139 4008 193 4417 3207 1781 4724 3931 1333 1534 2398 615 989 4265 433 2503 4754 664 3070 4990 4005 2104 2513 2522 881 3750 1996 1350 3537 1249 3538 2465 3611 3518 2210 2149 4766 3465 2891 4404 2127 1043 1005 4895 3046 1064 4208
3041 900 2031 1619 3332 1359 4568 3694 4827 2501 4428 1323 3426 4411 1083 2456 4623 661 2935 4705 319 2197 2258 1656 4463 4868 155 759 4519 3063 2375 1315 4808 2181 133 2036 384 3583 1859 972 508 1923 1479 184 3820 772 427 2577 3339 4809 1621 2878 1060 4409 3663 3716 2065 2320 3531 1533 1976 2455 3705 1738 4661 1553 1384 285 1575 2696 445 3693 4167 3996 3541 3989 3017 672 3710 3612 4576 3458 403 3305 1933 3404 3243 252 3718 3258 2230 3522 814 2973 766 3532 4474 713 3249 2186 3686 71 3622 833 3164 511 717 4609 3909 1348 1162 3430 3720 3244 3248 1844 168 3175 4530 629 3359 3069 496 3122 4151 2464 2289 2333 1103 1568 700 797 394 871 4953 1808 368 383 3091 4002
3654 1124 1891 3652 810 4553 3888 3284 3605 2804 3291 4009 50 1559 2956 1503 4578 1244 1362 3795 3548 139 4281 4812 4386 2776 1357 1005 3363 733 2309 4419 1174 1810 3629 1456 520 1680 3108 3880 1941 3046 78 2571 4939 2378 4737 1901 4399 2907 2023 1942 1902 3321 968 2105 2144 3531 548 2977 2314 4482 3696 3047 2532 3917 494 4549 3878 264 1253 2378 3877 2989 2508 2043 2328 1593 3270 3827 2585 1170 1438 4514 4638 2957 2815 2579 600 2687 2523 3252 3049 1087 3330 3893 4467 2061 2940 2169 2348 3857 4315 1821 247 378 71 4753 1454 266 4757 4496 185 1898 3081 2187 3830 4298 2310 1800 2564 4551 1145 2173 3931 741 1296 3872 4962 2474 4421 2373 1451 3154 751 2683 32 2357 238 776
12 1345 3956 707 4051 4677 1503 4847 158 4849 592 2234 2269 482 3502 3363 2657 1356 836 2462 3182 4875 1921 1148 3985 3730 3705 1690 4544 2767 3071 1583 3864 2343 4314 3184 2098 4936 238 978 193 987 2227 962 2636 1232 2749 1994 1504 4638 729 4786 2712 3663 1908 4203 538 1533 2977 4362 3258 910 299 1422 830 3855 129 2244 1267 4136 1845 2176 3681 1382 3828 4927 1536 2960 625 3287 490 1109 3324 4303 1979 4804 2780 1383 4256 33 2641 3591 3979 4122 4808 2834 3083 1876 355 3112 3907 3633 1181 2470 505 1677 2435 4171 2359 3184 1747 291 3876 3500 25 1632 4991 3905 4027 1738 2457 4222 1186 3504 3073 3688 1209 955 3996 1617 2815 3304 2088 2696 2472 663 1496 1756 2706 2609
3429 3961 2456 4518 3740 3757 2667 2439 4988 2492 1035 1061 3778 4250 2310 4242 1643 1908 3764 4256 4757 3750 1432 3444 4715 4684 4791 438 632 1217 4197 3587 619 647 1614 3218 1760 3787 4331 4293 1640 3872 2670 2351 2592 3368 1305 1641 4618 4890 2562 1517 3021 1447 2113 2601 2531 1976 2314 3258 1230 1952 1069 4778 4577 3922 1536 4731 648 3084 3146 661 1829 2985 894 27 441 862 3217 2221 689 3748 430 2371 2868 3365 2485 771 1851 130 1564 4191 1444 1778 1543 1441 229 3719 1842 499 3287 2242 766 823 2758 21 1624 2723 2599 2738 4590 3328 3293 2130 2896 2857 3113 4360 2597 3443 4907 166 3916 1791 2566 4949 2851 3228 4427 1412 3407 241 1615 2462 3674 659 361 58 2180 2251
1041 2367 2653 2528 554 4927 4245 2764 2080 2990 1993 3221 940 2931 1549 3689 1490 1236 4610 2549 2837 692 4243 2637 4821 2971 4513 172 4751 3391 2203 537 2264 2379 4739 1162 2448 2622 3687 930 4051 1373 2872 232 4222 1772 2207 255 266 4239 2309 2801 1421 3645 4383 1237 1723 2455 4482 910 1952 381 4331 1011 2670 2717 356 338 4522 712 1777 952 3250 2212 3279 4655 4858 4437 1797 244 2086 315 3513 139 912 2778 3607 1976 3034 3631 3284 3058 2140 4507 2834 3984 4997 3223 14 4341 165 2660 275 992 3642 3654 3712 775 4688 1651 2785 227 2538 1651 2071 3265 1591 121 4828 774 3673 4508 4635 204 87 2156 3906 4304 4880 971 4934 470 2769 3554 1580 910 598 3016 4910 2401
361 2464 569 3268 3605 2048 4269 816 2480 226 4795 2654 83 3641 4832 4705 240 866 1196 2202 1124 3630 4166 1982 943 3119 233 1242 3958 1970 2934 982 1114 4330 2289 3107 3772 2528 446 40 4025 2947 2147 2873 4145 1382 24 4547 2016 2912 1039 715 2944 3947 1120 4083 4538 3705 3696 299 1069 4331 4773 453 818 2937 2237 576 2836 999 3872 3384 3582 4104 2224 4023 4724 4945 2512 132 3728 1192 1579 2772 2859 1273 4882 2504 703 3828 2212 293 1042 1586 2284 4243 806 4521 2236 373 2202 638 2104 310 2204 2079 1255 2896 2280 436 1985 3590 2464 2421 1759 77 4849 3576 2429 4078 2882 494 3092 1859 484 4751 3670 3923 3873 3570 1362 981 1500 4925 1763 4086 4729 2139 3596 1918
3314 1055 1126 4492 1794 3378 549 2272 1101 2156 2119 3841 3666 2144 886 4496 3617 511 2231 227 2232 2110 3784 1676 4107 854 704 916 49 4189 1430 1515 2664 1148 3664 4695 1194 4174 636 126 4126 854 2378 883 4833 4223 3346 2054 612 1465 1917 3732 149 172 1063 2128 4024 1738 3047 1422 4778 1011 453 2692 3942 15 2554 3566 4497 4973 1749 3604 3837 4799 2963 3723 2065 4274 1804 4053 3126 1596 571 3037 1285 180 4258 3616 740 3694 157 2195 2105 789 1226 3475 4402 1844 3397 2330 786 2559 4815 2738 309 2125 2785 3538 3531 4294 312 2220 4470 230 1210 1060 1337 4818 425 4208 2991 4432 4379 4945 2744 3282 961 4548 2817 3281 893 2410 2541 3176 1517 2068 419 3737 4365 1368
745 4992 3051 2293 3154 1582 3382 2140 4539 1672 515 679 178 1609 2567 1118 302 2354 2286 658 501 4627 3056 3233 3827 4084 3481 1086 1210 265 3136 3589 573 233 2969 2041 951 3456 2333 3434 1549 3055 1536 621 3010 656 1542 4223 2177 2042 3742 3352 469 2584 4292 4925 724 4661 2532 830 4577 2670 818 3942 2785 1122 4456 3639 3542 2755 4515 1514 3780 4798 3379 4272 558 3285 3573 2237 115 2479 1119 869 3612 4364 272 3216 582 3248 787 933 456 2387 1596 3373 589 3128 1151 984 4143 937 3092 1584 2720 155 4706 3596 1680 699 2556 813 3550 1411 3594 4080 4909 1451 1549 3974 4870 4196 1059 2314 4806 2531 1274 2965 2752 1735 1349 2508 4922 1650 4990 2802 3669 1109 3754 3822
3739 2454 3319 4253 3964 862 1821 3645 3904 4623 1135 2716 1144 2455 3628 2621 4901 1570 1347 3538 4687 498 3133 1322 3172 3685 143 1964 3543 37 2543 2767 3004 3044 3251 525 2866 2556 4062 122 4849 197 1921 944 64 3955 2758 4794 1789 3091 2918 667 762 2255 2012 220 1827 1553 3917 3855 3922 2717 2937 15 1122 631 2603 976 1290 3777 4600 1626 383 1451 3668 3907 2441 471 4890 4739 2697 3235 706 4131 3380 2648 4765 4084 2801 1544 1480 3022 1042 1778 1937 4383 4392 195 2699 386 642 1764 1398 325 3872 1446 868 4087 3652 4170 4434 3602 2561 4065 3079 4024 89 3945 1019 4556 3419 199 4024 2848 3904 4759 574 2878 4833 4088 1829 3228 251 659 3833 303 50 3602 4648 3461
2244 3836 1464 1010 1234 2271 1661 1419 1470 929 2036 4358 4327 4718 3368 3801 3929 2494 498 258 4752 3658 3807 1178 2170 1026 1179 3765 4235 2920 901 303 3332 707 2579 2450 1898 2993 1788 300 1324 2299 1512 1992 2789 4008 370 4002 3924 2405 2930 2686 3278 4665 957 3765 4843 1384 494 129 1536 356 2237 2554 4456 2603 1672 3780 2619 4049 1815 276 3943 2445 4664 1185 2144 4635 442 109 3556 4518 1052 4947 3193 2508 4818 3774 2580 3751 875 704 3024 4484 2840 3128 1079 799 4257 4057 4274 252 842 3606 3313 3057 2376 3219 1933 1460 3223 1051 1963 1465 4005 3017 4077 116 3743 1609 3317 3549 201 4095 1454 1368 1018 4910 3407 365 3892 1594 3040 2588 888 2687 3931 1140 4374 2871
781 2158 4160 3764 2368 3701 2127 2865 498 4586 2106 4691 4027 2398 4296 1278 214 1629 3915 4732 1948 831 2087 1233 1782 3469 644 1012 823 852 349 1111 3999 3943 1187 628 3640 1841 1389 642 3284 1070 4923 3636 1512 713 1203 2293 3652 4452 4729 2534 1200 528 1711 1328 136 285 4549 2244 4731 338 576 3566 3639 976 3780 355 1792 592 4351 3226 2324 4499 1810 4282 954 3732 3657 3005 2735 1222 3946 162 2626 445 2286 3948 3098 1784 261 4070 2239 3947 2754 3640 4075 4096 539 3022 2998 1047 2247 2469 2089 1131 1393 690 3821 788 1909 39 4130 266 1756 1146 2955 3533 3993 625 3053 4936 1795 2415 4012 2124 198 522 3019 2955 100 4322 518 3528 4043 2505 3958 1057 3880 3777
1495 4612 1148 1021 2013 2710 4571 2645 3646 859 3623 4354 2389 3740 2486 4007 4674 2493 578 4301 3785 2729 1294 1267 579 2247 3103 3840 2235 1048 4341 4909 2679 225 4014 430 2115 2938 4124 391 817 1761 1125 4351 2449 4054 3766 3775 3368 2780 1350 3366 1656 1065 4232 2427 269 1575 3878 1267 648 4522 2836 4497 3542 1290 2619 1792 4615 4095 3363 4308 2720 3342 1071 2242 3650 1515 4360 1467 3626 2076 340 2463 302 3768 2795 1327 4255 4048 2796 2062 1467 4724 4841 3989 4377 4825 4467 546 2839 4954 838 4632 2332 3657 4883 4917 2295 3115 4938 4117 251 861 2264 1109 2512 2545 1292 362 1134 779 4091 2913 191 3872 112 883 2916 2890 3431 3439 1339 2122 4098 67 4774 243 1482 2448
4490 3270 4891 2339 1241 4662 711 3307 3440 4227 3123 1489 3189 4368 493 2138 3235 1614 3167 3162 2102 3857 4248 1929 2566 2740 4720 927 1667 2649 2206 4648 2774 2161 2551 2381 393 4115 1548 2983 534 4649 2160 3592 1681 3408 2819 4124 1877 1660 4582 4003 1987 868 1640 3300 4435 2696 264 4136 3084 712 999 4973 2755 3777 4049 592 4095 4168 269 680 1832 3583 214 1795 2625 857 2256 2319 3731 2164 783 1085 2825 3477 4462 2981 3475 517 3094 1849 557 1414 2276 278 3120 2816 3967 3718 4010 285 3337 4212 3144 4382 1233 793 2544 4411 949 2004 3801 1560 918 2175 3405 2175 3873 3832 4821 3026 216 1729 3346 3066 1851 4709 4575 1637 3417 3538 1861 2643 4890 568 2361 4488 4175 659
1517 3371 3643 4093 3558 178 293 2136 4021 4417 3978 2682 3228 2865 3156 1178 3644 3026 4056 1469 1049 1094 2533 3392 4444 1092 371 2633 3447 3629 1117 4974 4112 4236 1268 1948 863 2854 4064 1802 2001 4263 3472 322 4694 2767 3707 1130 2796 3603 1319 4104 2667 4473 58 2062 1038 445 1253 1845 3146 1777 3872 1749 4515 4600 1815 4351 3363 269 88 4082 4268 3508 144 3106 1714 630 812 3675 3773 3334 2806 4082 3074 2843 4429 4004 77 952 3293 4578 570 4242 1177 3512 4614 4284 2922 4828 1624 718 2205 2220 2811 3029 4299 371 4973 2837 2257 547 1262 3977 2059 2722 1642 2767 4440 1235 2847 3893 4181 3030 1664 4037 3477 2361 803 1250 1585 1058 265 4404 3542 4316 356 4759 2683 3400
756 1266 509 2082 4326 1861 1670 4333 3243 3544 2793 4757 901 2191 3488 4405 346 72 2247 877 630 2538 414 770 3841 1703 4298 4562 3478 2910 3580 1523 2615 4954 664 507 108 1982 427 4782 4241 2180 609 38 297 4718 2070 2330 3988 1336 1249 279 1082 2256 4918 1919 2235 3693 2378 2176 661 952 3384 3604 1514 1626 276 3226 4308 680 4082 1992 4008 4160 4566 1625 4456 3023 1973 2344 1547 3278 3978 1117 3801 2367 2103 3375 2177 3062 3296 3786 1680 4534 1056 2586 3836 4482 2671 1406 1810 2666 2457 1567 4499 1343 4516 3384 3106 4727 521 2874 1391 2393 3947 1645 333 1294 2842 4479 1140 1919 1478 464 2198 2815 603 2626 4368 2644 2845 2666 1882 1495 4486 629 632 932 3706 1407
904 141 4341 2525 715 396 2610 1291 4588 3475 1359 2224 1406 353 4442 431 3179 4983 1721 1289 1292 1818 2041 2157 2417 3144 704 1132 4732 1930 165 586 2308 2659 1759 500 1237 880 4109 4905 3714 4772 4297 1571 1149 2735 491 2286 3031 2207 2862 927 523 4984 2045 1544 1599 4167 3877 3681 1829 3250 3582 3837 3780 383 3943 2324 2720 1832 4268 4008 3284 3349 1870 4059 4616 1213 1548 1116 3290 2993 4192 3282 2129 1047 4985 1267 2600 2886 2873 1366 2930 4430 1535 2473 4478 4632 2139 3415 2065 4318 122 1932 2838 4864 559 641 1767 1441 4014 2503 1825 737 3520 4482 2043 42 986 2962 865 2283 3767 2989 1237 603 576 4360 3512 4898 1838 2213 2039 4180 2842 2519 2367 3675 2161 4964
3632 1797 1186 2316 364 4169 4529 846 72 2771 4561 130 1975 665 4316 3057 702 2637 2931 4704 3448 1851 354 2015 4600 2791 501 325 225 4977 2098 542 2036 3486 2294 519 3070 4140 3703 4169 1880 3711 3212 4085 2902 1749 3579 1316 4443 298 1801 1413 2521 2675 801 3271 1392 3996 2989 1382 2985 2212 4104 4799 4798 1451 2445 4499 3342 3583 3508 4160 3349 2951 4928 2035 3309 3187 1631 4160 3393 2066 3291 3942 247 67 210 954 3049 3397 4819 1259 3777 2397 3130 711 4300 4630 2432 1159 2984 12 2132 3649 1331 4005 1070 496 844 2079 3428 2100 3067 3504 75 4798 2803 4797 2801 4650 2100 4515 2492 2457 1100 671 68 4763 3013 212 2109 4737 3305 4875 1913 750 4317 117 3652 4910
1144 564 1512 393 888 1767 2556 2217 3778 1674 4155 4564 4240 1533 3850 1102 2797 1336 1423 1305 312 2393 515 405 117 3340 4650 3655 3934 3568 426 4959 2517 2210 3630 2277 1452 2600 369 4671 2865 3577 4033 4895 2357 2626 4100 3121 634 3519 2414 598 1818 2663 1025 2266 1347 3541 2508 3828 894 3279 2224 2963 3379 3668 4664 1810 1071 214 144 4566 1870 4928 1035 4217 2317 450 3159 1161 2472 2858 115 1885 3559 4344 522 3696 2990 2041 1730 2394 4164 2778 3359 3529 3442 4952 3123 1297 685 1083 3081 1743 4713 903 4115 3784 592 4556 1217 3126 885 2086 2427 835 3755 2354 2763 2008 3403 2709 1125 1148 238 4424 4480 792 656 2995 3844 3963 3348 1750 3575 3719 2493 1116 3887 3635
1911 2662 2566 1934 1391 236 2929 892 177 1884 4318 3858 1510 1990 3664 244 2719 2282 488 2448 1979 3781 2939 3200 2888 1840 3950 1797 1890 2306 1629 4698 20 4988 4793 172 4312 3069 2441 4891 3910 595 313 1365 2633 701 1216 1040 2668 2161 3941 906 882 372 3442 4603 899 3989 2043 4927 27 4655 4023 3723 4272 3907 1185 4282 2242 1795 3106 1625 4059 2035 4217 4878 1019 341 1587 3943 1243 3933 764 2876 431 4612 3235 1237 2215 3186 1675 593 3327 3541 1118 111 33 1993 3462 1089 3236 531 1784 660 1699 2646 1944 2123 431 663 4078 769 1957 282 3648 4034 50 4895 1705 2796 1668 4469 4912 3009 1995 3438 3233 4323 3278 1526 3206 976 3184 2559 927 3861 2279 623 2642 2279
866 1646 3824 708 1671 2177 3343 4377 3520 3034 2529 949 4857 3544 2735 1440 4861 2936 686 4821 2251 4207 4488 3336 1080 4319 553 4582 815 3915 1042 136 4689 1855 3777 4527 4401 4266 4017 3852 71 328 3987 1526 2480 4398 4830 2798 2140 1877 2774 3799 4531 2424 609 924 4515 3017 2328 1536 441 4858 4724 2065 558 2441 2144 954 3650 2625 1714 4456 4616 3309 2317 1019 164 3413 4816 1667 1876 3911 2244 950 1463 2353 4708 3734 4952 2596 1631 1331 1616 1778 219 4094 2647 4169 15 664 2474 2764 2813 858 259 1221 2184 2005 822 654 1866 1048 92 197 3577 2230 4731 1024 3665 1779 2704 2918 3648 4644 2252 2182 2256 2805 1857 1576 1030 719 1817 1828 250 3929 3709 797 1027 3599
3515 2372 97 4926 2032 985 2337 1345 3639 440 3504 1853 2361 2702 2682 4265 2859 3280 3511 3292 3895 2321 2160 108 3100 3585 2910 1330 3889 4983 798 2832 3813 3733 2141 3327 536 1584 1761 984 2926 1362 1668 3898 683 3072 905 4493 3143 110 4708 3217 2822 4255 2587 4482 2039 672 1593 2960 862 4437 4945 4274 3285 471 4635 3732 1515 857 630 3023 1213 3187 450 341 3413 2387 4709 2888 1973 1301 152 3162 4942 3577 2420 1480 85 3247 4265 4058 411 3349 3251 2446 2908 4246 4747 2147 211 2501 2720 2275 4549 3005 560 322 437 1428 3613 3959 3362 1767 1282 3255 3506 4744 3171 1065 663 3357 4447 3614 3851 2984 2313 4757 757 1810 2480 1877 3908 4795 2090 3657 921 3198 2147 2535
1834 4846 2307 4074 2922 2608 1427 457 2237 1976 4603 1029 3683 2189 2470 177 3757 3313 1788 3281 4187 2983 2378 4389 1758 2869 1891 2583 219 2486 4943 3532 3832 4138 3304 425 2891 4600 127 3530 1708 4306 855 1747 3922 4776 2862 274 2085 2942 960 3228 2600 2595 4987 1867 4641 3710 3270 625 3217 1797 2512 1804 3573 4890 442 3657 4360 2256 812 1973 1548 1631 3159 1587 4816 4709 264 1144 1772 4773 2231 2088 217 256 3696 2076 2306 377 653 796 1383 1909 950 1104 1344 469 952 2168 4474 2721 3502 3781 1543 947 2677 4221 2351 4966 2203 3249 3367 1108 2593 2254 2065 955 1218 316 4211 1523 1841 4950 1764 3209 3538 229 362 2795 3439 4121 3985 1068 3640 4764 3568 2238 581 112
2201 4862 3114 1846 828 1976 3047 994 1956 3859 3331 1042 1028 3349 4897 2078 2874 1308 3238 3214 3491 4996 732 565 1805 2017 1510 1703 2227 2316 3416 950 2793 929 530 3414 1236 926 3997 1080 3438 3076 2789 1806 3658 4255 2080 4253 134 4352 4857 1001 1435 2112 3962 420 414 3612 3827 3287 2221 244 132 4053 2237 4739 109 3005 1467 2319 3675 2344 1116 4160 1161 3943 1667 2888 1144 804 2781 2397 1651 3713 67 1399 1047 1581 1498 3284 87 4148 3129 2156 397 2601 4786 3326 4090 1465 1948 2010 4208 931 2860 4884 4214 704 69 457 4484 4101 4201 4478 1904 3135 2924 2009 1917 1349 1851 1692 3982 399 1525 1266 3133 3565 2241 857 3076 746 3058 1854 1336 544 686 4114 2716 1827
104 1293 1510 1128 3425 1352 2477 4385 2208 4467 2530 3478 1194 3960 3115 906 4604 3539 633 4201 2813 4306 4019 587 1920 1819 131 2060 1519 2288 4613 2255 3789 1999 4621 4473 2731 3524 1734 4972 715 1312 3155 3035 91 3110 4288 4177 64 4914 2979 479 4176 3499 3456 4980 2801 4576 2585 490 689 2086 3728 3126 115 2697 3556 2735 3626 3731 3773 1547 3290 3393 2472 1243 1876 1973 1772 2781 1975 2126 963 599 2446 3235 4691 4235 3503 2666 2199 1493 758 3950 1660 3944 2611 1495 3928 1689 3088 977 3668 368 594 988 3573 2396 2745 4935 3262 859 972 66 91 4234 1351 53 1226 3875 4487 2738 773 524 718 4362 946 2995 1164 4713 3425 4987 2060 3443 1697 1541 4027 415 1342 2821
914 878 239 2162 3778 4106 365 1772 174 2791 4045 1016 4527 3376 1599 3816 203 4963 592 2427 1918 4594 857 3882 4029 1640 1262 4245 3885 3547 4130 823 3320 187 3522 1568 2405 644 1573 2271 1633 1596 3330 1700 4777 3985 3094 2259 2808 1594 3679 3445 1328 4055 4536 3717 736 3458 1170 1109 3748 315 1192 1596 2479 3235 4518 1222 2076 2164 3334 3278 2993 2066 2858 3933 3911 1301 4773 2397 2126 3106 4556 609 196 1575 3316 2641 1460 2360 1599 265 1477 2713 4843 1419 588 3597 380 2569 3475 2135 4833 4815 2267 1833 433 1236 3459 2898 284 2641 4558 1937 4221 2728 1475 1474 3130 4330 663 114 312 2512 3569 1195 4609 623 1912 1161 4208 2229 3798 3963 2278 2254 478 4364 1661 4264
368 1127 4961 204 1641 2582 1604 1104 3417 2507 3189 1977 3954 1161 3319 945 2599 2025 3455 2561 1320 953 322 4806 894 3917 3375 4764 3138 1787 1902 318 84 1479 623 744 1192 2061 4152 668 3664 1685 2611 648 3348 208 4318 936 1808 4631 3846 3007 2539 203 1855 2703 3552 403 1438 3324 430 3513 1579 571 1119 706 1052 3946 340 783 2806 3978 4192 3291 115 764 2244 152 2231 1651 963 4556 222 4256 3089 1715 2620 305 1092 4264 1992 3143 3554 3728 741 2540 2454 779 4614 2615 3486 2421 3722 4434 3328 2310 3523 2418 3898 3450 3060 201 97 2085 4739 1190 3871 1598 1282 4163 613 4885 2121 2158 2243 4673 4839 3132 4635 2843 4482 1707 4025 3363 4688 2729 1888 3270 4867 2543
1177 4032 4590 295 2650 2903 4955 4662 2688 4727 110 4726 3170 2362 3096 4572 3807 2427 1868 2479 3769 1060 786 4702 4599 1844 3235 3497 1305 3128 1762 3440 1714 4708 4527 3693 1725 3859 1948 4599 4190 1987 4335 4868 1505 1712 2596 3921 1522 3263 3764 4513 491 2380 3100 386 121 3305 4514 4303 2371 139 2772 3037 869 4131 4947 162 2463 1085 4082 1117 3282 3942 1885 2876 950 3162 2088 3713 599 609 4256 1619 1808 1223 2243 596 202 471 1074 4110 3059 4136 589 1227 4363 4702 680 3367 4932 1769 2671 4338 4056 3414 1247 3633 4842 1691 3087 1259 3184 649 4289 686 2982 3818 4201 1440 4372 2622 4539 1865 1412 1755 2961 1670 632 3336 1302 517 4895 3565 2940 1115 4760 192 4218 52
3331 3922 4018 1565 3421 3059 708 2900 4915 1960 4259 3095 2755 2984 1276 3761 1407 87 1989 4497 1604 1100 1807 3712 631 580 3456 1262 540 3260 2131 716 4925 1638 2995 3788 3416 2060 4885 1808 1574 1574 4622 581 642 205 4525 4587 707 69 1586 3893 972 2848 289 4540 1647 1933 4638 1979 2868 912 2859 1285 3612 3380 3193 2626 302 2825 3074 3801 2129 247 3559 431 1463 4942 217 67 2446 196 3089 1808 3042 1872 2583 4283 2589 3518 4755 4241 4922 3640 3827 1129 2298 325 4034 959 2924 987 1903 3389 1380 1253 1969 3644 1204 4512 3399 3581 1457 2705 2219 4835 4007 3512 832 1230 1035 4876 4145 4207 3918 839 881 2088 3911 4744 1073 1377 1717 3260 2203 4199 1123 3796 4888 2620
3378 838 873 4742 2077 2239 3380 4069 3235 3946 4484 3287 4320 449 1085 4340 3506 701 1045 1664 1508 3399 1296 107 2557 3571 3879 2034 1774 4432 3665 971 899 15 4651 2047 992 3663 3436 46 2168 2806 1894 3977 3959 4417 2191 1114 4324 1108 1743 3748 3109 2664 1437 2794 4438 3404 2957 4804 3365 2778 1273 180 4364 2648 2508 445 3768 3477 2843 2367 1047 67 4344 4612 2353 3577 256 1399 3235 1575 1715 1223 1872 265 4891 2741 4011 106 2956 710 2663 485 3211 1355 3912 4628 2205 3075 1216 1481 4588 2024 3605 4121 1484 2752 2619 1768 2831 2731 4136 3482 4773 3076 286 3189 965 27 1316 3247 368 4876 393 881 1108 620 3516 1377 1487 4786 2820 2194 1662 966 502 2724 4622 4019
1061 1615 4280 4028 4654 2143 4333 823 2138 3289 2090 711 1105 3396 1714 2893 62 1186 3413 4105 91 2629 1022 1544 2881 3487 3919 2328 3027 285 3464 3094 3250 1512 1261 1647 87 1816 3029 735 3341 744 661 1265 4514 229 1403 955 4617 1279 4568 2645 2913 4519 3624 485 2247 3243 2815 2780 2485 3607 4882 4258 272 4765 4818 2286 2795 4462 4429 2103 4985 210 522 3235 4708 2420 3696 1047 4691 3316 2620 2243 2583 4891 2670 798 2746 2520 1975 28 2856 2116 2150 152 2150 4471 3364 3501 45 2495 4502 1538 82 1168 1495 1736 4524 4904 4804 1156 2277 58 3388 3841 3857 1828 785 2746 1741 3414 1465 2140 3335 4138 1756 124 4453 3432 2065 4112 4963 2650 3843 1045 4687 2454 1561 570
3812 3698 633 795 3068 2683 249 1172 12 3868 1559 961 912 1404 2700 348 2177 4668 2178 2845 3822 4921 2497 4951 2490 1765 380 2745 4142 4947 4496 318 2776 1013 1855 3249 2922 2351 1576 1931 1531 3629 1273 2471 3431 551 378 2491 1970 4142 2305 1167 207 275 4425 1005 1921 252 2579 1383 771 1976 2504 3616 3216 4084 3774 3948 1327 2981 4004 3375 1267 954 3696 1237 3734 1480 2076 1581 4235 2641 305 596 4283 2741 798 2054 591 1931 702 1421 1596 1188 2608 1596 3338 4602 1727 1327 2679 2863 1579 3077 1086 3032 274 1589 147 1197 3674 4733 3331 4547 3626 291 1020 4361 4850 4046 4726 2146 240 2092 2124 3320 326 4146 4459 376 2042 4379 2146 2559 4420 2627 88 4281 432 221
4650 2428 2626 3888 1130 4870 73 4838 2366 1528 733 3460 3610 1103 1609 759 2920 4955 4563 4510 3442 33 4310 4687 3979 2647 3653 461 4318 4226 1088 169 3982 3311 2590 4220 832 1765 3869 4237 1598 3805 1966 3514 2216 1913 2808 125 2514 715 4977 556 86 210 4581 4831 3677 3718 600 4256 1851 3034 703 740 582 2801 2580 3098 4255 3475 77 2177 2600 3049 2990 2215 4952 85 2306 1498 3503 1460 1092 202 2589 4011 2746 591 3363 4381 4210 4831 216 739 950 4895 2414 1251 40 4330 237 3427 800 987 772 2604 3588 3846 3867 4053 158 1710 3585 575 1107 4729 1976 1745 3113 2756 1750 3140 1237 485 272 2220 2397 1380 2268 2777 3757 2973 485 3184 440 2805 787 4738 4683 544
1274 1024 562 2519 3042 2927 1816 4125 3940 3767 2518 3019 455 1134 113 401 2759 3357 1208 1597 4269 4423 3437 2578 4672 2397 3459 4907 1236 193 2192 2769 700 4877 754 1080 3413 3444 2492 3254 3590 2409 3102 3424 4227 1447 4925 2837 1329 4021 2854 1498 1039 668 2634 4022 2987 3258 2687 33 130 3631 3828 3694 3248 1544 3751 1784 4048 517 952 3062 2886 3397 2041 3186 2596 3247 377 3284 2666 2360 4264 471 3518 106 2520 1931 4381 3008 4964 3287 3645 4598 4845 4665 2012 2142 2590 4779 1064 3231 4111 1699 4626 1853 3204 995 3885 4015 1487 2228 1382 4032 2397 2658 1036 4845 3443 3144 3016 2960 2707 3087 2930 200 1679 2931 357 541 3202 2840 3000 3398 1569 1598 286 2779 1495 3654
2583 675 3760 1380 3554 4189 505 2040 4909 742 3038 2144 4802 3746 63 3471 4673 4412 602 1001 4955 4896 4349 3620 1190 3847 1107 617 3106 629 818 3612 2055 1124 2911 2830 3468 668 1495 4320 4611 568 377 3575 3135 30 3676 1980 4023 4800 4136 2403 2143 2749 181 153 2637 2230 2523 2641 1564 3284 2212 157 787 1480 875 261 2796 3094 3293 3296 2873 4819 1730 1675 1631 4265 653 87 2199 1599 1992 1074 4755 2956 1975 702 4210 4964 1975 4275 718 1434 362 888 2893 1766 1140 4718 2575 820 434 1666 4216 586 1458 731 4920 585 4774 318 4679 4846 3208 4606 417 2377 1793 1696 4689 3392 2634 888 2287 2657 382 2050 1243 1017 2542 1452 2009 2090 3551 953 2678 4334 932 2832
1173 1620 992 1629 3548 3657 2232 1443 3583 4816 1436 3919 4238 2299 2236 1183 2500 1840 3346 1524 465 4588 3563 1836 473 709 785 2742 4335 4072 2791 4306 3641 2801 253 1250 782 2623 2575 1025 1521 309 2785 4050 3751 658 3709 672 4621 2413 3001 2637 1004 1887 871 240 1152 3522 3252 3591 4191 3058 293 2195 933 3022 704 4070 2062 1849 4578 3786 1366 1259 2394 593 1331 4058 796 4148 1493 265 3143 4110 4241 710 28 1421 4831 3287 4275 1548 42 3320 1468 3364 3490 3440 1127 76 4381 3974 4874 2925 500 583 4539 3700 1737 3415 1301 2828 1604 3103 2044 917 4133 4629 643 524 3344 1922 769 4526 746 1058 2416 59 837 368 2635 2905 2823 1495 1779 4492 1946 4157 1761 2369
91 4971 4914 2321 3950 951 1543 4681 3171 1884 2542 534 3750 1197 1511 3851 4504 2741 546 4409 4782 858 1132 1339 3484 2880 3642 4329 2525 680 3648 2459 2512 2581 3385 1694 2824 2217 3486 3699 3025 3494 3920 2711 368 2641 4899 633 4749 2237 3197 4442 2822 2011 67 4919 2970 814 3049 3979 1444 2140 1042 2105 456 1042 3024 2239 1467 557 570 1680 2930 3777 4164 3327 1616 411 1383 3129 758 1477 3554 3059 4922 2663 2856 1596 216 3645 718 42 440 3335 4128 206 495 1989 4897 2920 1047 4698 2119 2799 3368 276 1477 3851 3212 2618 236 486 2697 4826 82 3094 2422 4194 4304 2866 806 1194 3337 4417 2577 3245 3577 1512 1212 878 3795 1807 1330 3718 770 4657 4067 1987 2046 3111
2288 166 1594 937 636 4128 1490 1305 576 678 473 4711 4782 3031 788 1985 1088 158 1134 2848 2680 1340 3391 3935 4311 422 4867 4146 4630 872 236 3810 4368 4575 1827 3327 4853 182 545 1927 2002 2741 4790 1239 450 1467 2576 133 1739 2627 4530 218 1675 4875 3504 406 139 2973 1087 4122 1778 4507 1586 789 2387 1778 4484 3947 4724 1414 4242 4534 4430 2397 2778 3541 1778 3349 1909 2156 3950 2713 3728 4136 3640 485 2116 1188 739 4598 1434 3320 3335 423 3691 890 3889 4921 854 3516 3476 2336 405 3367 3418 586 4234 4260 666 2309 1254 280 1904 2596 2425 1915 2731 2909 1022 3207 3808 2250 2961 2622 3718 1519 846 2316 4206 583 2678 3563 2699 2264 967 3200 2613 2360 49 4498
4718 1952 3128 2293 4216 1674 1140 1439 4745 3450 1296 2344 1701 480 2778 3549 3897 4208 839 4400 1531 37 3892 4567 748 3751 3914 1760 4404 1199 727 1084 2017 3538 2339 2535 4981 3952 2258 4322 681 4366 883 2372 4137 4956 4758 1646 2240 759 1726 2247 1884 1769 2506 1011 4008 766 3330 4808 1543 2834 2284 1226 1596 1937 2840 2754 4841 2276 1177 1056 1535 3130 3359 1118 219 3251 950 397 1660 4843 741 589 3827 3211 2150 2608 950 4845 362 1468 4128 3691 4259 1446 1675 4708 255 3182 295 4558 2578 1266 571 3846 3216 76 386 4795 3388 12 2711 1359 1564 1870 2634 684 4852 629 3621 912 1164 4454 4088 1407 4879 286 3361 4440 40 2279 1880 434 1673 1524 554 3952 2694 4079
855 3956 473 1508 1823 2661 3813 818 1999 1467 3257 191 4178 552 3371 2046 859 4940 122 192 427 1957 778 2025 4896 4483 3210 2195 4134 179 1604 4883 4769 4596 2511 3075 2543 4724 1589 1978 4923 2872 709 3928 3799 4187 2813 264 4529 389 3893 4351 2048 2217 788 2913 193 3532 3893 2834 1441 3984 4243 3475 3373 4383 3128 3640 3989 278 3512 2586 2473 711 3529 111 4094 2446 1104 2601 3944 1419 2540 1227 1129 1355 152 1596 4895 4665 888 3364 206 890 1446 2349 1520 2840 1078 2099 4060 3469 619 829 1862 1279 848 4338 4534 2138 2185 3932 160 4457 2288 846 1598 3542 516 4547 2596 227 145 3547 952 2464 2152 381 1138 3068 4840 4898 4970 1885 925 2889 910 2780 438 3926
1408 2648 1364 3402 3554 4188 2946 1454 2875 444 38 2853 4426 4153 4225 4777 3876 4489 2754 2100 1768 4891 852 4667 1253 2495 4341 1565 2833 4970 2328 4880 55 2587 1824 3536 3546 2705 3802 1124 3169 975 3293 584 4695 4014 4193 297 504 4702 3062 214 970 365 4039 872 4417 4474 4467 3083 229 4997 806 4402 589 4392 1079 4075 4377 3120 4614 3836 4478 4300 3442 33 2647 2908 1344 4786 2611 588 2454 4363 2298 3912 2150 3338 2414 2012 2893 3490 495 3889 1675 1520 1454 3573 11 1435 946 3654 2373 1278 4606 3723 2827 3440 1734 2334 3463 2124 273 528 2207 4516 2949 4836 2919 4311 4007 4165 4815 3210 2566 3202 702 1204 797 4504 4161 3746 1077 4461 2103 250 3290 1988 4206 1112
3820 137 1030 2450 346 3630 807 3563 2848 1091 4484 4534 3562 3211 4932 200 4541 4676 1618 544 3806 3792 3545 4935 3156 2011 2991 436 840 2027 1526 3355 1151 1963 781 203 3349 1122 2263 1686 4099 3235 155 2797 3082 3933 2850 490 1303 1781 2944 3573 2192 1664 3299 2640 3207 713 2061 1876 3719 3223 4521 1844 3128 195 799 4096 4825 2816 4284 4482 4632 4630 4952 1993 4169 4246 469 3326 1495 3597 779 4702 325 4628 4471 4602 1251 2142 1766 3440 1989 4921 4708 2840 3573 1412 1654 3425 2942 13 3961 2449 3953 4788 3861 3072 100 561 3486 96 690 3149 2367 3383 102 412 304 4594 4629 3493 2017 4963 1684 4866 3986 1932 2491 3928 2809 2180 3945 2525 1650 1685 2832 20 2682 2459
1477 4738 3759 2637 2633 461 1576 2590 1440 4581 1900 2731 3326 1166 1171 3297 2941 2808 2401 1272 4241 660 2444 3709 1946 4185 1716 4512 2556 1007 1092 1466 4659 666 162 2651 2799 4777 2477 3460 2565 1856 1744 4293 720 477 1948 2641 3460 1901 2952 3382 3371 3508 2646 2022 1781 3249 2940 355 1842 14 2236 3397 1151 2699 4257 539 4467 3967 2922 2671 2139 2432 3123 3462 15 4747 952 4090 3928 380 4614 680 4034 2205 3364 1727 40 2590 1140 1127 4897 854 255 1078 11 1654 2961 4912 537 2018 3004 434 3807 3189 383 481 734 1985 4229 2633 3607 1492 4265 1707 4244 1765 3406 3522 4836 1086 980 2649 4046 4909 1035 4189 1744 3057 2698 4829 26 4067 3058 2013 1192 1850 4151 1947
2883 4069 986 1680 3927 1522 3275 4316 2702 2542 2401 1661 172 2019 523 4722 3123 2458 1973 318 4801 1296 104 2852 2759 1266 4304 4410 4923 3206 4335 2192 4587 2475 2828 4294 1579 39 2846 4673 719 2416 3706 611 4094 4902 2758 2643 149 2680 2504 908 4825 1871 2487 2450 4724 2186 2169 3112 499 4341 373 2330 984 386 4057 3022 546 3718 4828 1406 3415 1159 1297 1089 664 2147 2168 1465 1689 2569 2615 3367 959 3075 3501 1327 4330 4779 4718 76 2920 3516 3182 2099 1435 3425 4912 4672 1501 3293 4064 2683 1889 4789 3753 4420 1725 1853 3619 208 3218 172 2658 2691 1528 833 1139 3859 1340 4286 3342 459 4549 2889 2958 671 3147 2108 3846 4005 2236 4775 2182 1857 3308 1912 4841 792
596 3041 4881 4442 3177 3610 3319 1171 1693 2783 4974 2984 3445 1306 3858 4266 3253 3093 976 975 3672 420 159 3907 4213 2493 2668 2625 3930 2795 389 1209 186 3794 1132 1828 473 1188 3084 43 1155 750 3933 1251 4550 4426 558 706 3710 1303 3077 4247 4870 1077 510 3468 3931 3686 2348 3907 3287 165 2202 786 4143 642 4274 2998 2839 4010 1624 1810 2065 2984 685 3236 2474 211 4474 1948 3088 3475 3486 4932 2924 1216 45 2679 237 1064 2575 4381 1047 3476 295 4060 946 2942 537 1501 3317 4462 2175 4197 4223 1426 3750 3194 3120 4153 431 1004 401 4385 2958 4289 300 682 3335 850 1552 254 2890 2858 829 2615 3924 3806 886 4921 3170 975 4821 3009 2570 3603 4153 2753 1508 1837
2921 4694 3752 668 3697 2777 3213 3290 996 3228 2978 3107 536 2755 345 837 1247 1338 948 1099 233 2077 3068 4468 2880 3416 947 730 4978 2030 3999 4110 1506 974 4538 3014 2172 2969 3512 4562 2987 494 2278 1501 3238 1699 668 4200 2888 1583 2323 2093 506 1410 4957 3371 1333 71 3857 3633 2242 2660 638 2559 937 1764 252 1047 4954 285 718 2666 4318 12 1083 531 2764 2501 2721 2010 977 2135 2421 1769 987 1481 2495 2863 3427 3231 820 3974 4698 2336 4558 3469 3654 13 2018 3293 4462 2561 1064 4648 2286 1673 786 3982 1946 1473 3123 862 1237 2733 613 4279 1617 3471 1984 431 2499 1679 1094 3417 4566 4698 1299 380 3938 2331 3212 876 2156 4372 3696 2050 1361 2364 810 2926
782 4903 1106 4312 2819 3417 1602 2733 3466 2779 596 4652 1569 3814 4601 1392 4958 4903 4071 4548 2161 4002 4902 4229 4032 3685 4618 3535 3375 216 4232 3955 1785 4537 62 233 83 504 1544 4670 2219 1756 3686 1994 3228 2800 2986 4559 3532 619 2687 4408 2096 3534 2395 3809 1534 3622 4315 1181 766 275 2104 4815 3092 1398 842 2247 838 3337 2205 2457 122 2132 3081 1784 2813 2720 3502 4208 3668 4833 3722 2671 1903 4588 4502 1579 800 4111 434 4874 2119 405 2578 619 2373 3961 3004 4064 2175 1064 2328 3138 2140 294 3930 4437 3570 773 1594 2593 4815 4702 4559 3958 1322 1354 3701 4653 3416 1428 3434 2051 2461 3471 4664 1055 4132 3582 3530 542 234 332 453 859 4458 3734 1494 2373
1201 2472 2150 4337 1557 1101 2749 1174 4252 935 4444 535 2725 1610 1506 4878 2203 1815 3942 3774 3580 4901 2790 2840 69 553 1517 468 4498 4677 525 3283 4907 3135 1943 3495 4482 723 69 716 3378 30 4018 2573 2540 4121 1113 828 2239 3614 2761 3458 3000 2133 967 3937 2398 833 1821 2470 823 992 310 2738 1584 325 3606 2469 4632 4212 2220 1567 1932 3649 1743 660 858 2275 3781 931 368 4815 4434 4338 3389 2024 1538 3077 987 1699 1666 2925 2799 3367 1266 829 1278 2449 434 2683 4197 4648 3138 3529 1520 4185 3217 2328 3705 3705 4774 2133 4279 4113 2472 4362 2390 3499 3702 4153 3643 1879 3499 239 2943 2617 2379 2258 435 1413 3164 4339 1577 772 4726 3183 4158 4323 4260 4940
3911 2172 1841 2861 1920 4164 314 2962 3481 2087 2062 3313 1761 1173 3408 2298 1887 3878 1574 202 2621 4059 303 4928 2397 4588 841 4180 2059 2706 1515 86 2303 2544 2325 2231 410 2882 3490 3343 2685 2477 4058 1980 3298 522 2416 3812 2837 47 4371 1703 2347 4703 2783 2819 615 3164 247 505 2758 3642 2204 309 2720 3872 3313 2089 2332 3144 2811 4499 2838 1331 4713 1699 259 4549 1543 2860 594 2267 3328 4056 1380 3605 82 1086 772 4626 4216 500 3368 3418 571 1862 4606 3953 3807 1889 4223 2286 2140 1520 2440 2586 707 1109 4989 4785 4854 1123 1707 3851 4463 2861 1412 4650 2745 1046 3392 549 3885 2152 4816 146 1511 4388 3069 564 3037 3001 263 1001 399 230 4158 4647 2271 3382
2370 1753 412 636 3595 3576 1497 854 565 849 1979 3279 540 306 3393 3616 211 455 1571 2665 2174 4777 1855 2069 3308 1327 4688 3881 1454 512 4922 1064 4781 3328 4263 2513 1459 234 2311 1577 2425 1359 3337 4585 166 2484 3856 2553 1601 2433 4718 876 1556 3109 1901 4780 989 511 378 1677 21 3654 2079 2125 155 1446 3057 1131 3657 4382 3029 1343 4864 4005 903 2646 1221 3005 947 4884 988 1833 2310 3414 1253 4121 1168 3032 2604 1853 586 583 276 586 3846 1279 3723 4788 3189 4789 1426 1673 294 4185 2586 4796 212 66 2498 63 1017 4315 2643 3276 968 2354 59 1294 3854 2571 2668 2343 1349 1284 694 2246 3486 3209 1769 1682 413 675 1634 329 4546 1497 3950 4018 4026 4165
4009 356 3751 1751 2733 1972 33 2411 4373 4571 3747 2700 2423 706 4192 4172 2756 2895 4935 731 230 4348 2319 1926 3671 140 3796 3648 1681 4735 2776 86 3672 4429 4077 854 2452 4010 1881 3309 2064 1861 2916 721 3192 3317 3182 4839 341 2753 929 99 4791 2450 3782 1064 4265 717 71 2435 1624 3712 1255 2785 4706 868 2376 1393 4883 1233 4299 4516 559 1070 4115 1944 2184 560 2677 4214 3573 433 3523 1247 1969 1484 1495 274 3588 3204 1458 4539 1477 4234 3216 848 2827 3861 383 3753 3750 786 3930 3217 707 212 4412 3089 1094 2298 2391 925 4411 3816 834 68 146 1475 4967 3424 442 3623 4057 375 2481 1572 3670 4450 3122 1831 4932 3919 3794 4914 2099 2556 4073 1517 253 2496
2002 3652 1983 378 3325 2917 1394 4581 1378 3520 2196 4699 3962 3144 4190 211 1244 927 975 275 2224 4036 1264 3308 4101 1148 3220 4349 3061 3046 4973 3567 4895 4901 4695 2317 1768 1396 2724 780 4359 1657 4211 3815 267 2501 1459 3880 4004 3555 1732 311 697 2768 1975 270 433 4609 4753 4171 2723 775 2896 3538 3596 4087 3219 690 4917 793 371 3384 641 496 3784 2123 2005 322 4221 704 2396 1236 2418 3633 3644 2752 1736 1589 3846 995 731 3700 3851 4260 76 4338 3440 3072 481 4420 3194 3982 4437 2328 1109 66 3089 1550 3575 85 3592 3047 4261 4326 2903 4359 3860 4668 1871 2918 2376 545 1313 1526 1943 1084 2169 350 4605 110 2153 845 4888 1392 1911 4813 4993 2878 561 95
506 1051 2701 477 2955 607 1982 883 945 4893 3496 1338 2501 3208 2669 741 1922 4657 1734 976 4164 2806 3872 4052 4028 1074 2482 477 2065 2222 4160 2554 3460 2686 4220 4785 4403 1555 2352 1761 973 4575 3808 3532 2730 975 1666 2996 119 803 3065 3214 1501 3449 4317 265 2503 3909 1454 2359 2599 4688 2280 3531 1680 3652 1933 3821 2295 2544 4973 3106 1767 844 592 431 822 437 2351 69 2745 3459 3898 4842 1204 2619 4524 147 3867 3885 4920 1737 3212 666 386 4534 1734 100 734 1725 3120 1946 3570 3705 4989 2498 1094 3575 3893 504 2861 289 211 3433 3712 3819 4179 2970 2181 2535 105 1095 770 3297 4011 669 4181 4119 3641 1373 4395 13 2838 1470 2254 1932 4794 2174 2734 2200
4368 4425 4778 166 4152 4792 1919 168 1321 3075 2877 80 1712 1228 4536 643 1384 1303 4871 1098 94 641 1273 4583 4284 3531 4305 2695 2546 4363 205 933 698 3857 1992 65 4252 4206 812 4205 2731 999 1768 52 838 1002 4822 3861 2816 94 3228 3601 1344 4196 504 2444 4754 1348 266 3184 2738 1651 436 4294 699 4170 1460 788 3115 4411 2837 4727 1441 2079 4556 663 654 1428 4966 457 4935 2898 3450 1691 4512 1768 4904 1197 4053 4015 585 3415 2618 2309 4795 2138 2334 561 1985 1853 4153 1473 773 3705 4785 63 2298 85 504 2231 4190 4106 1335 4517 1788 1146 679 1173 1773 872 1337 4768 1895 3172 4500 2859 212 439 2199 3184 1408 3576 2760 4379 4576 4496 3423 1608 1331 4784
3192 1739 4650 3268 410 2857 2264 3796 288 2181 2773 4409 1951 2533 2053 366 1579 2855 2459 77 3563 248 1405 3231 1034 1921 1667 4569 3625 146 365 1079 1779 737 4180 2600 3492 2060 1423 1083 2832 1676 4280 366 701 1065 3981 27 1481 2099 2193 2054 2692 11 3394 3743 664 1162 4757 1747 4590 2785 1985 312 2556 4434 3223 1909 4938 949 2257 521 4014 3428 1217 4078 1866 3613 2203 4484 3262 284 3060 3087 3399 2831 4804 3674 158 1487 4774 1301 236 1254 3388 2185 3463 3486 4229 3619 431 3123 1594 4774 4854 1017 2391 3592 2861 4190 1703 2509 3439 91 209 1764 993 1001 2261 4430 262 2269 4902 4390 4808 2848 84 93 2715 1993 2149 3354 3020 4975 1003 782 1460 1506 4207 2246
4240 1000 1895 156 2196 3897 3761 651 370 4270 249 4684 1183 4355 4489 2408 1634 1768 51 522 96 609 3671 2312 2862 739 1083 2705 3604 4995 2591 2464 2620 390 1246 2351 1357 3429 2989 1134 2981 3985 4085 3051 3411 3235 4547 1419 848 3086 3109 4601 2513 4248 396 494 3070 3430 4496 291 3328 227 3590 2220 813 3602 1051 39 4117 2004 547 2874 2503 2100 3126 769 1048 3959 3249 4101 859 2641 201 1259 3581 2731 1156 4733 1710 2228 318 2828 486 280 12 3932 2124 96 2633 208 1004 862 2593 2133 1123 4315 925 3047 289 4106 2509 3176 483 3389 3185 1282 2319 4797 1716 707 173 382 4149 1371 540 925 4130 3692 1107 4496 4870 3733 2018 2636 3285 3984 541 2982 3572 1127
4345 65 4735 4938 256 3567 1479 1392 1080 4712 2967 1637 4023 4382 4849 4644 4352 3521 2183 2776 1722 1733 4093 4643 3826 2138 1573 4841 2343 3613 4397 950 3203 4949 4758 4302 806 3365 3052 3078 2504 2575 2261 2279 3556 4207 3784 2559 3399 299 418 499 278 3336 545 3502 4990 3720 185 3876 3293 2538 2464 4470 3550 2561 1963 4130 251 3801 1262 1391 1825 3067 885 1957 92 3362 3367 4201 972 4558 97 3184 1457 4136 2277 3331 3585 1382 4679 1604 2697 1904 2711 160 273 690 3607 3218 401 1237 4815 4279 1707 2643 4411 4261 211 1335 3439 483 2851 4188 3727 3646 4316 2855 3666 1501 2953 4460 1188 2002 3682 1558 3725 1767 3678 2708 3414 3469 845 3932 2166 4987 2545 1593 2736 1055
4877 987 1876 622 3055 2653 1729 1918 73 2426 1777 749 1297 4143 1456 2825 4098 642 2219 2752 2115 4283 672 2521 4999 764 2430 3612 2134 2951 2484 2602 3553 3032 1654 3031 4774 72 1426 1493 4466 659 367 2839 1618 112 434 16 1580 4037 4214 3526 2871 4456 4788 1552 4005 3244 1898 3500 2130 1651 2421 230 1411 4065 1465 266 861 1560 3977 2393 737 3504 2086 282 197 1767 1108 4478 66 1937 2085 649 2705 3482 58 4547 575 4032 4846 3103 4826 2596 1359 4457 528 3149 1492 172 4385 2733 4702 4113 3851 3276 3816 4326 3433 4517 91 3389 4188 3897 1939 1103 4625 1034 3745 1728 2256 1667 4478 4807 173 2003 447 3059 3574 79 4798 3057 947 4778 1152 1153 1305 4015 297 512
3150 4382 2411 4241 1626 1650 1423 1864 4320 1748 3097 4518 1723 3180 537 1760 3503 4510 3780 1816 4346 4201 2598 3235 4086 1890 3409 98 987 703 4523 2489 293 168 3990 378 2655 1585 3459 1557 3265 3526 4080 1585 3397 4215 201 1329 3479 4724 333 4846 2575 647 4268 4315 2104 3248 3081 25 2896 2071 1759 1210 3594 3079 4005 1756 2264 918 2059 3947 3520 75 2427 3648 3577 1282 2593 1904 91 4221 4739 4289 2219 4773 3388 3626 1107 2397 3208 2044 82 2425 1564 2288 2207 2367 4265 2658 2958 613 4559 2472 4463 968 834 2903 3712 1788 209 3185 3727 1939 1342 1346 1809 3068 624 3522 2794 3824 94 2047 3120 1656 1577 3733 2655 2285 3540 950 4868 4749 574 663 1865 3831 245 3181
2225 1479 410 2312 3970 2999 2439 4096 4871 936 2332 591 2865 4637 2013 3980 3589 346 2015 3601 896 797 2648 3684 3283 41 2040 1614 16 2299 2208 3723 3792 4504 4920 4568 4659 1759 965 1990 3502 2609 846 1746 413 758 4831 1448 1834 4108 4492 2460 611 596 2780 2352 2513 1844 2187 1632 2857 3265 77 1060 4080 4024 3017 1146 1109 2175 2722 1645 4482 4798 835 4034 2230 3255 2254 3135 4234 2728 1190 686 4835 3076 3841 291 4729 2658 4606 917 3094 1915 1870 846 4516 3383 1707 2691 4289 4279 3958 4362 2861 2354 68 4359 3819 1146 1764 1282 3646 1103 1346 1664 1158 1113 3425 3406 3013 1809 4589 1538 4671 1831 856 1768 271 3587 3066 4611 76 4226 4513 3629 1983 104 1403 4962
4914 2379 827 597 4418 4337 4302 505 2205 2370 2453 2036 3414 3675 4182 1423 3961 59 153 1637 3644 3519 1116 3540 1637 2564 4004 830 1625 4912 4766 785 3183 4117 718 2602 4648 844 3004 802 4034 4271 248 3637 940 3114 1113 540 4674 1111 2941 3221 1675 2325 1370 2943 2522 168 3830 4991 3113 1591 4849 1337 4909 89 4077 2955 2512 3405 1642 333 2043 2803 3755 50 4731 3506 2065 2924 1351 1475 3871 2982 4007 286 3857 1020 1976 1036 417 4133 2422 2731 2634 1598 2949 102 4244 1528 300 1617 1322 2390 1412 59 146 3860 4179 679 993 2319 4316 4625 1809 1158 1222 4258 674 280 919 3255 4639 2601 567 2434 562 1294 4715 470 4368 4259 645 3756 2371 3063 1989 2202 3819 2370
2038 2035 3632 4058 3476 3011 4057 1281 2009 1325 927 3286 1458 869 3771 477 1711 2472 4753 1096 1244 2867 595 3433 3533 1504 2993 1187 1223 1205 4180 333 2737 4558 370 1881 2678 1337 1613 2052 81 4412 3847 4180 4924 2211 1170 4446 1055 999 3725 3333 1661 645 3846 894 881 3175 4298 3905 4360 121 3576 4818 1451 3945 116 3533 2545 2175 2767 1294 42 4797 2354 4895 1024 4744 955 2009 53 1474 1598 3818 3512 3189 1828 4361 1745 4845 2377 4629 4194 2909 684 3542 4836 412 1765 833 682 3471 1354 3499 4650 1294 1475 4668 2970 1173 1001 4797 2855 1034 3068 1113 4258 938 4014 2571 4067 324 4677 1094 1384 3846 109 2477 4971 3397 2361 1723 2593 3131 483 2838 2221 4114 2485 1768
3110 3543 740 4607 3917 3943 1890 1197 3349 2011 461 4756 2864 1722 401 1190 1070 2888 4011 2108 4439 3189 2324 3535 1321 2852 14 3040 2004 1047 1556 4596 2500 3245 2090 434 1806 220 2082 764 461 73 645 4794 2868 4309 4909 1452 2072 2481 3760 984 1846 277 1657 698 3750 4530 2310 4027 2597 4828 2429 425 1549 1019 3743 3993 1292 3873 4440 2842 986 2801 2763 1705 3665 3171 1218 1917 1226 3130 1282 4201 832 965 785 4850 3113 3443 1793 643 4304 1022 4852 516 2919 304 3406 1139 3335 1984 3701 3702 2745 3854 4967 1871 2181 1773 2261 1716 3666 3745 624 3425 674 4014 1498 273 141 1127 2441 640 4363 4230 2537 415 2613 1278 525 4715 2023 2478 4477 4956 4649 438 873 1783
3294 974 3331 1216 219 2789 4970 4163 2695 3256 2475 4632 2840 3324 2859 3985 779 2933 1652 1355 4825 2175 1419 4312 4325 4118 4158 938 2305 3826 4453 4256 4197 3110 2126 1102 4553 2545 1410 1457 3610 2281 703 3164 4027 2154 1432 3587 4945 1880 2477 3765 2827 2009 3331 3775 1996 629 1800 1738 3443 774 4078 4208 3974 4556 1609 625 362 3832 1235 4479 2962 4650 2008 2796 1779 1065 316 1349 3875 4330 4163 1440 1230 27 2746 4046 2756 3144 1696 524 2866 3207 629 4547 4311 4594 3522 3859 850 431 4653 4153 1046 2571 3424 2918 2535 872 4430 707 1501 1728 3522 3406 280 2571 273 1848 2606 3241 2072 2080 1316 847 1575 3076 2692 4064 1869 4089 598 4559 870 2813 726 2102 339 1285
431 3990 2233 4978 1897 3070 2509 2075 1898 3973 4986 552 1907 515 1299 3881 4599 3433 2473 741 175 3848 3123 235 155 935 1835 3246 3476 2313 3846 924 1373 1318 4621 939 4303 358 4592 2125 743 3164 433 1014 2703 4220 4177 634 2377 3739 3812 1638 937 1811 4704 4464 1350 3359 2564 2457 4907 3673 2882 2991 4870 3419 3317 3053 1134 4821 2847 1140 865 2100 3403 1668 2704 663 4211 1851 4487 663 613 4372 1035 1316 1741 4726 1750 3016 4689 3344 806 3808 3621 2596 4007 4629 4836 1340 1552 2499 3416 3643 3392 2668 442 2376 105 1337 262 173 2953 2256 2794 3013 919 4067 141 2606 3486 4965 1866 3896 4855 2561 4177 1420 4435 1591 1373 2757 3921 1261 3848 4083 900 2566 2928 681
4974 2220 916 4032 2767 3967 4973 2175 4024 1915 1668 1586 4029 2202 1813 370 405 4066 2959 2805 4119 1590 3568 1018 1649 1926 1093 249 3197 3194 1978 3010 1598 230 2807 4982 2163 4389 1548 4490 604 4129 721 4279 597 3674 482 4663 2663 1900 1826 4218 681 3920 4872 343 3537 3069 4551 4222 166 4508 494 4432 4196 199 3549 4936 779 3026 3893 1919 2283 4515 2709 4469 2918 3357 1523 1692 2738 114 4885 2622 4876 3247 3414 2146 3140 2960 3392 1922 1194 2250 912 227 4165 3493 1086 4286 254 1679 1428 1879 549 2343 3623 545 1095 4768 2269 382 4460 1667 3824 1809 3255 324 1127 3241 4965 2694 2986 3167 3048 2449 563 3205 883 3982 2028 4004 468 1890 3494 4348 3705 707 3204 4987
1495 1291 1056 4772 1043 1471 3893 3923 3738 3742 80 1757 1172 1581 4811 3774 3165 4349 2052 3695 3837 2083 529 4271 4729 2261 263 2601 167 1798 1756 2060 4523 3399 2683 677 1402 3817 1987 2802 241 3492 2531 573 4344 4021 4649 4363 3272 2844 3182 4938 859 2626 1956 4341 1249 496 1145 1186 3916 4635 3092 4379 1059 4024 201 1795 4091 216 4181 1478 3767 2492 1125 4912 3648 4447 1841 3982 773 312 2121 4539 4145 368 1465 240 1237 2707 2634 769 3337 2961 1164 145 4815 2017 980 3342 2890 1094 3434 3499 3885 1349 4057 1313 770 1895 4902 4149 1188 4478 94 4589 4639 4677 2441 2072 1866 2986 1111 2514 2596 3813 2993 4537 4989 3706 2625 2761 2881 2357 1926 20 3917 3619 4305 4932
4060 3775 411 1384 3444 257 892 1346 497 2447 404 2373 703 420 4364 4642 4882 2500 4837 4058 844 1499 2066 3059 4316 2555 3988 706 3381 3132 2827 3498 3645 2283 1841 3205 4532 2298 471 987 1205 3105 2970 1365 1175 1907 1632 4689 179 2209 877 1996 2390 665 1114 2307 3538 3122 2173 3504 1791 204 1859 4945 2314 2848 4095 2415 2913 1729 3030 464 2989 2457 1148 3009 4644 3614 4950 399 524 2512 2158 1865 4207 4876 2140 2092 485 3087 888 4526 4417 2622 4454 3547 3210 4963 2649 459 2858 3417 2051 239 2152 1284 375 1526 3297 3172 4390 1371 2002 4807 2047 1538 2601 1094 640 2080 3896 3167 2514 1374 123 2102 4103 74 1783 4630 379 3959 943 1468 2009 3846 3840 4515 3269 4187
1322 4769 2883 4886 2541 2766 3498 2606 2170 75 3186 832 4537 1012 1961 4291 3562 3332 326 4247 872 1791 3606 1526 4805 2865 1682 3983 3824 4005 4391 1341 201 2144 4508 331 2341 338 3244 1233 4792 634 4978 2283 2933 2794 3709 1668 4651 1100 97 1408 1739 1714 176 37 2465 4151 3931 3073 2566 87 484 2744 4806 3904 1454 4012 191 3346 1664 2198 1237 1100 238 1995 2252 3851 1764 1525 718 3569 2243 1412 3918 393 3335 2124 272 2930 2287 746 2577 3718 4088 952 2566 1684 4046 4549 829 4566 2461 2943 4816 694 2481 1943 4011 4500 4808 540 3682 173 3120 4671 567 1384 4363 1316 4855 3048 2596 123 3936 148 4833 4551 2205 541 3325 3588 494 2417 46 4429 3606 3161 3983 4498
1676 2404 3750 1468 1994 2898 1723 2547 4454 4872 4043 4684 4390 2076 1948 1754 1981 342 1239 3307 4274 4926 3972 779 4750 3811 4099 4676 839 3256 527 475 3136 3871 4509 3625 4279 4168 3559 604 2449 4941 702 1830 1269 4542 2001 1046 2671 2920 3582 2550 597 3012 1493 96 3611 2464 741 3688 4949 2156 4751 3282 2531 4759 1368 2124 3872 3066 4037 2815 603 671 4424 3438 2182 2984 3209 1266 4362 1195 4673 1755 839 881 4138 3320 2220 200 2657 1058 3245 1519 1407 2464 3202 4866 4909 2889 2615 4698 3471 2617 146 2246 1572 1084 669 2859 2848 925 1558 2003 1656 1831 2434 3846 4230 847 2561 2449 3813 2102 148 345 1836 964 1765 4567 4778 3460 3525 866 368 4525 2905 126 757 1577
1815 4544 387 2557 1221 48 2357 1802 4607 4370 1859 4014 125 3862 4671 3336 4676 1770 1475 1745 2230 4889 3047 1038 2214 2715 1050 4039 232 3984 4218 1742 1201 156 1048 4103 2087 3628 3002 3634 1041 427 2565 2125 3110 3071 2619 2643 1387 3546 1538 969 4003 230 4004 1363 3518 2289 1296 1209 2851 3906 3670 961 1274 574 1018 198 112 1851 3477 603 576 68 4480 3233 2256 2313 3538 3133 946 4609 4839 2961 881 1108 1756 326 2397 1679 382 2416 3577 846 4879 2152 702 3986 1035 2958 3924 1299 4664 2379 1511 3486 3670 2169 4181 212 84 4130 3725 447 1577 856 562 109 2537 1575 4177 563 2993 4103 4833 1836 1731 795 207 576 4561 4594 3417 3258 4507 204 197 1791 3790 1029
3409 3413 1266 1472 1405 2440 1283 366 2078 1349 4023 4016 4882 3130 1479 1381 4547 3429 2090 640 4849 4317 3748 3928 1482 302 768 142 2044 3290 1827 2554 4835 3900 4188 2360 1998 2029 4120 1715 3076 1980 2482 1883 1468 4408 455 4593 1305 1738 351 3995 3875 1235 3027 4595 2210 2333 3872 955 3228 4304 3923 4548 2965 2878 4910 522 883 4709 2361 2626 4360 4763 792 4323 2805 4757 229 3565 2995 623 3132 1670 2088 620 124 4146 1380 2931 2050 59 1512 2316 286 381 1204 1932 4189 671 3806 380 1055 2258 4388 3209 4450 350 4119 439 93 3692 1767 3059 3733 1768 1294 2477 415 3076 1420 3205 4537 74 4551 964 795 1491 3562 3437 672 4888 4836 4396 3928 2436 4902 419 4082 102
4898 4258 4929 3420 709 732 206 3164 624 461 4219 3929 4042 2128 4095 1576 2079 3015 773 157 650 1967 3664 2045 1317 4043 4678 420 2043 4026 4927 2191 4397 569 4916 3475 4315 778 4155 4117 4135 3186 300 2306 145 51 2319 1940 2230 91 2212 557 1716 291 4487 1951 2149 1103 4962 3996 4427 4880 3873 2817 2752 4833 3407 3019 2916 4575 803 4368 3512 3013 656 3278 1857 757 362 2241 1164 1912 4635 632 3911 3516 4453 4459 2268 357 1243 837 1212 4206 3361 1138 797 2491 1744 3147 886 3938 4132 435 3069 1769 3122 4605 3641 2199 2715 1107 3678 3574 2655 271 4715 4971 2613 2692 4435 883 4989 1783 2205 1765 207 3562 1048 1639 3913 1326 2959 3400 3767 2176 3588 104 959 4964
4588 798 3516 243 4308 4703 1502 1401 1014 542 350 225 1118 2166 1713 1780 713 931 4070 587 4872 1026 3778 2379 747 4612 1848 2737 752 588 4938 3886 3221 3182 2103 2403 3762 839 3323 2268 2573 4656 3664 3827 464 1347 3971 1080 898 2129 2786 1048 4102 2253 4611 278 4766 1568 2474 1617 1412 971 3570 3281 1735 4088 365 2955 2890 1637 1250 2644 4898 212 2995 1526 1576 1810 2795 857 4713 1161 2843 3336 4744 1377 3432 376 2777 541 1017 368 878 583 4440 3068 4504 3928 3057 2108 4921 2331 3582 1413 564 1682 1831 110 1373 3184 1993 4496 2708 79 2285 3587 470 3397 1278 4064 1591 3982 3706 4630 541 4567 576 3437 1639 2979 4052 1459 4693 96 1540 226 2579 2011 3623 4363
593 360 503 2353 2815 91 459 1587 3278 1635 4718 2289 4161 4171 525 1622 809 2440 3065 3929 3759 3823 1354 2816 4165 2271 2494 1637 3008 3801 3022 3866 2745 4852 1310 3200 163 3783 4997 1668 666 27 3093 1029 2712 2137 1473 371 2781 3547 4715 3040 1893 2164 1072 931 3465 700 4421 2815 3407 4934 1362 893 1349 1829 3892 100 3431 3417 1585 2845 1838 2109 3844 3206 1030 2480 3439 3076 3425 4208 4482 1302 1073 1487 2065 2042 3757 3202 2542 2635 3795 2678 40 4840 4161 2809 2698 3846 3170 3212 3530 3164 3037 413 4932 2153 4395 1408 2149 4870 3414 4798 3540 3066 4368 2361 525 1869 1373 2028 2625 379 3325 4778 4561 672 3913 4052 4398 4543 1698 1075 1194 881 4455 1446 1296 1819
4616 2472 4279 425 1407 1554 269 2823 831 1221 4822 4552 2871 2863 3984 1949 3337 641 4176 1018 2789 4935 3459 4573 2663 3908 2148 1575 1201 2465 3544 1864 3517 294 2760 4998 3610 4600 4981 1422 3970 1527 1957 965 4915 4839 1560 905 4199 4445 575 4304 3190 16 2193 2709 2891 797 2373 3304 241 470 981 2410 2508 3228 1594 4322 3439 3538 1058 2666 2213 4737 3963 976 719 1877 4121 746 4987 2229 1707 517 1377 4786 4112 4379 2973 2840 1452 2905 1807 3563 2279 4898 3746 2180 4829 4005 975 876 542 4339 3001 675 3919 845 13 3576 3354 3733 3469 3057 950 4611 4259 1723 4715 4089 2757 4004 2761 3959 3588 3460 4594 4888 1326 1459 4543 1881 3497 3485 4080 756 3677 3292 1985 4893
86 259 3206 4457 1891 719 2486 4102 1553 1312 2435 1219 3887 109 4622 15 1508 954 1814 3051 2203 4464 3899 3582 2373 1395 4411 3935 1206 773 2558 3316 3344 811 1428 3067 3385 4744 2388 1844 1599 3969 3175 2754 4901 741 2215 1505 1946 1460 1938 2243 1662 245 2484 4429 4404 394 1451 2088 1615 2769 1500 2541 4922 251 3040 518 1339 1861 265 1882 2039 3305 3348 3184 1817 3908 3985 3058 2060 3798 4025 4895 1717 2820 4963 2146 485 3000 2009 2823 1330 2699 1880 4970 1077 3945 26 2236 4821 2156 234 1577 263 1634 3794 4888 2838 2760 3020 2018 845 947 4868 76 645 2593 2023 598 3921 468 2881 943 494 3525 3417 4836 2959 4693 1698 3497 1098 2487 3164 3039 4120 423 875 1015
1817 3102 1365 905 613 2890 1135 2195 2926 787 4320 1850 24 2495 2711 4621 3356 1529 4956 1870 1947 460 353 623 2782 2065 3349 2239 994 911 1218 1007 2414 2222 4463 4365 4215 2382 2404 241 3803 4326 3209 3867 4033 1595 1630 1532 129 2879 375 3435 1764 2107 282 2502 2127 871 3154 2696 2462 3554 4925 3176 1650 659 2588 3528 2122 2643 4404 1495 4180 4875 1750 2559 1828 4795 1068 1854 3443 3963 3363 3565 3260 2194 2650 2559 3184 3398 2090 1495 3718 2264 434 1885 4461 2525 4067 4775 3009 4372 332 772 1001 329 4914 1392 1470 4379 4975 2636 3932 4778 4749 4226 3756 3131 2478 4559 1261 1890 2357 1468 2417 866 3258 4396 3400 96 1075 3485 2487 1355 1219 3226 4960 1505 525 155
3533 2410 988 643 4526 2404 4944 3810 3280 1599 1287 2323 4759 4027 4624 2076 1498 2522 2254 1414 462 3122 1454 4433 4031 1204 4434 3109 1878 3173 2985 1172 791 4657 4246 3178 4618 3766 2887 1919 596 4638 1604 4227 3085 1486 1555 1721 588 3723 232 3896 1602 1441 2266 680 1043 4953 751 2472 3674 1580 1763 1517 4990 3833 888 4043 4098 4890 3542 4486 2842 1913 3575 927 250 2090 3640 1336 1697 2278 4688 2940 2203 1662 3843 4420 440 1569 3551 1779 770 967 1673 925 2103 1650 3058 2182 2570 3696 453 4726 399 4546 2099 1911 2254 4576 1003 3285 2166 1152 574 4513 2371 483 4477 870 3848 3494 1926 2009 46 368 4507 3928 3767 1540 1194 4080 3164 1219 1760 394 3251 4069 2430 3839
4927 1185 561 1578 2251 2573 415 4522 1231 1843 1530 2784 1468 549 4974 1164 524 840 4723 407 2516 2017 2124 2157 4948 4203 2001 506 3874 4248 4462 544 4165 4523 71 2150 2386 4443 883 1238 314 975 2185 1402 2080 3681 1348 609 523 3589 4691 4153 3259 1551 3214 349 1005 1808 2683 663 659 910 4086 2068 2802 303 2687 2505 67 568 4316 629 2519 750 3719 3861 3929 3657 4764 544 1541 2254 2729 1115 4199 966 1045 2627 2805 1598 953 4492 4657 3200 1524 2889 250 1685 2013 1857 3603 2050 859 3183 230 1497 2556 4813 1932 4496 782 3984 4987 1153 663 3629 3063 2838 4956 2813 4083 4348 20 3846 4429 4525 204 2436 2176 226 881 756 3039 3226 394 3038 3808 1598 3133 4278
4972 2860 2071 821 1899 4947 3153 1005 4875 201 470 3480 3519 3277 580 3524 2033 4592 2512 3229 261 3489 4224 1164 2889 1218 2315 4731 4986 594 3491 4185 1164 1629 2010 680 718 4494 1640 3066 2631 3254 4276 2572 2565 3316 3017 2305 1588 1052 3037 1913 1765 4902 4568 3036 4895 368 32 1496 361 598 4729 419 3669 50 3931 3958 4774 2361 356 632 2367 4317 2493 2279 3709 921 3568 686 4027 478 1888 4760 1123 502 4687 88 787 286 2678 1946 4067 2613 554 910 3290 2832 1192 3308 4153 1361 4458 4158 4158 3950 4073 4993 4794 3423 1460 541 2545 1305 1865 1983 1989 2221 4649 726 900 3705 3917 3840 3606 2905 197 4902 3588 2579 4455 3677 4120 4960 3251 3808 4635 2901 1920 4511
2718 4716 2401 2043 2220 4359 120 4993 2791 4433 2224 4980 717 13 4153 4360 3473 30 471 3747 442 4876 75 2961 4302 4494 3528 1100 963 3716 506 2641 2883 3570 3587 1795 2986 4499 2432 3340 1991 1996 612 3661 3961 951 3080 1455 3909 1788 4204 972 1794 369 4481 3732 3046 383 2357 1756 58 3016 2139 3737 1109 3602 1140 1057 243 4488 4759 932 3675 117 1116 623 797 3198 2238 4114 415 4364 3270 192 3796 2724 2454 4281 4738 2779 4334 4157 1987 2360 3952 2780 1988 20 1850 1912 2753 2364 3734 4323 4647 4018 1517 2878 2174 1608 1506 2982 1593 4015 3831 104 2202 4114 438 2102 2566 707 3619 4515 3161 126 1791 419 104 2011 1446 3292 423 1505 4069 1598 2901 2043 746 1430
3672 2374 4945 379 3862 1415 3089 196 1253 2247 3716 4834 4943 4621 4300 691 107 1868 3488 3455 3340 2937 4587 1608 3478 2872 4183 3596 3623 2466 814 4923 3924 2611 4664 2084 4696 3598 304 2501 3867 4444 168 2447 1541 1316 4254 2230 4101 3692 908 3779 344 2893 56 3572 1064 3091 238 2706 2180 4910 3596 4365 3754 4648 4374 3880 1482 4175 2683 3706 2161 3652 3887 2642 1027 2147 581 2716 1342 1661 4867 4218 4888 4622 1561 432 4683 1495 932 1761 2046 49 2694 438 4206 2682 4151 4841 1508 810 1494 4260 2271 4026 253 561 2734 1331 4207 3572 2736 297 245 1403 3819 2485 873 339 2928 3204 4305 3269 3983 757 3790 4082 959 3623 1296 1985 875 525 2430 3133 1920 746 508 1601
1055 1137 4366 969 3117 1289 4120 43 2478 4031 3555 4932 2462 1562 4365 3945 1598 4446 4613 390 2950 264 4730 1467 3997 2001 2941 1758 1692 897 4176 4558 2923 3652 4198 1238 222 403 2510 2723 3738 1543 3960 4353 2593 2915 4641 2371 987 1167 3824 2908 879 595 4525 2408 4208 4002 776 2609 2251 2401 1918 1368 3822 3461 2871 3777 2448 659 3400 1407 4964 4910 3635 2279 3599 2535 112 1827 2821 4264 2543 52 2620 4019 570 221 544 3654 2832 2369 3111 4498 4079 3926 1112 2459 1947 792 1837 2926 2373 4940 3382 4165 2496 95 2200 4784 2246 1127 1055 512 3181 4962 2370 1768 1783 1285 681 4987 4932 4187 4498 1577 1029 102 4964 4363 1819 4893 1015 155 3839 4278 4511 1430 1601 130
