N: 40
M: 20
Symmetric: true
Triangle: false
2 14 31
2 19 35
1 1
2 29 10
1 8
3 33 12 36
3 37 21 3
1 32
3 39 38 13
3 15 5 6
2 23 25
2 24 26
2 4 28
2 34 30
3 17 11 27
1 2
1 20
2 9 16
2 22 7
2 40 18
2521 3631 1025 2955 2869 3590 4058 3252 4219 751 2639 2917 1884 4614 3629 1263 4629 4669 3459 3197 4011 1240 3593 1663 4505 1004 1077 557 3165 1306 4305 1733 4173 1522 3854 3043 1366 2699 4075 91
3631 2568 532 4596 4079 3151 3793 1641 4114 194 2608 1856 4152 238 2866 1788 542 202 1887 4212 1411 4195 3128 4878 3937 4430 2048 4009 2969 819 4738 934 1918 4309 1574 4310 3929 1124 3834 1127
1025 532 1648 2575 2069 2417 3253 3669 3993 2984 4913 2759 3463 4317 4464 3160 3082 4750 1438 1014 3108 3677 1425 2853 2337 1646 128 469 2569 954 4375 553 1957 2508 4384 4497 2756 4138 4524 4404
2955 4596 2575 3928 182 1679 497 4857 3177 240 2843 3356 3017 4758 1265 2401 3546 4027 4946 4359 2896 1650 4062 3067 1387 3571 3951 4768 1307 1306 4361 2995 3886 3216 3900 963 2264 3976 3721 3040
2869 4079 2069 182 1525 947 4606 495 1456 1447 2855 522 2381 2413 3265 2799 4118 3237 1380 2801 4156 2839 4264 1514 3683 2018 3983 1853 4559 2773 1439 3078 3844 4487 2173 3757 2739 3670 863 1853
3590 3151 2417 1679 947 4638 1527 2047 1324 1234 21 3583 2367 1842 4576 4107 1562 4862 4627 92 56 2393 2745 717 1400 3212 1866 1241 4090 620 4991 2340 828 3502 1479 4507 2713 2875 2895 3560
4058 3793 3253 497 4606 1527 2957 1116 1742 697 4168 2056 4550 509 1993 2712 3860 659 354 682 2094 3639 1767 4939 989 4879 3954 529 142 600 4615 256 3152 659 782 4249 1013 1506 4392 4996
3252 1641 3669 4857 495 2047 1116 636 1500 2065 2204 4913 1725 4616 1777 2144 778 441 1707 3860 4422 4542 1134 4148 2259 3757 680 4597 1364 1189 4980 1138 3809 2275 2323 2655 3591 3385 852 507
4219 4114 3993 3177 1456 1324 1742 1500 885 488 4907 2745 619 3433 1915 2723 4553 2124 917 2902 1544 122 1668 4699 4581 3024 1695 4404 3387 788 2512 3781 1892 2424 4405 387 1187 4839 3495 3492
751 194 2984 240 1447 1234 697 2065 488 257 3426 2720 586 4794 335 4140 4507 1116 2729 4082 1260 4870 155 3227 4225 2043 125 3204 4799 4324 488 2628 1627 4615 3314 85 347 3258 458 57
2639 2608 4913 2843 2855 21 4168 2204 4907 3426 2366 2831 270 3030 2192 4006 4339 924 4251 2655 1263 3673 2134 3976 3658 467 749 78 4680 2762 3310 4099 1513 3663 246 2592 4501 1749 3708 4623
2917 1856 2759 3356 522 3583 2056 4913 2745 2720 2831 692 4946 3214 1824 4428 1829 2065 1318 4626 328 3201 2142 350 1807 3407 233 3612 848 3190 2659 2458 389 4043 3175 3828 750 923 453 2969
1884 4152 3463 3017 2381 2367 4550 1725 619 586 270 4946 4315 301 3523 1604 1257 944 2016 3041 2820 3595 1523 2378 4857 466 1106 800 3435 2283 2759 568 2856 3851 1319 3306 3243 4240 3979 2253
4614 238 4317 4758 2413 1842 509 4616 3433 4794 3030 3214 301 2892 1199 1090 178 4362 3187 2282 3879 2620 2915 801 4980 990 1543 4960 1745 1531 3290 279 1019 1162 4670 4014 3872 4875 588 1414
3629 2866 4464 1265 3265 4576 1993 1777 1915 335 2192 1824 3523 1199 4622 116 4535 987 4012 1800 3331 3356 772 4012 2742 4258 4177 2469 3801 4921 894 1919 3453 3979 1638 4776 3083 1918 1164 997
1263 1788 3160 2401 2799 4107 2712 2144 2723 4140 4006 4428 1604 1090 116 3336 4237 3142 4637 1091 3663 4656 3113 1385 1360 1822 3698 87 1134 1187 1648 2491 3134 1752 1980 4785 483 3881 4513 164
4629 542 3082 3546 4118 1562 3860 778 4553 4507 4339 1829 1257 178 4535 4237 3349 505 526 2098 518 748 3337 3050 4530 4012 264 875 409 3651 2251 433 669 3854 461 1242 4670 3122 2529 3286
4669 202 4750 4027 3237 4862 659 441 2124 1116 924 2065 944 4362 987 3142 505 2801 281 3895 53 3469 678 4437 2235 3831 3644 1595 1336 1406 1155 719 1175 444 1461 3225 1947 76 2174 4908
3459 1887 1438 4946 1380 4627 354 1707 917 2729 4251 1318 2016 3187 4012 4637 526 281 791 1020 4518 2672 2389 3212 1024 3766 2168 3916 2543 4578 600 1701 2935 3133 1974 3515 4685 1225 2505 1749
3197 4212 1014 4359 2801 92 682 3860 2902 4082 2655 4626 3041 2282 1800 1091 2098 3895 1020 4441 775 661 588 3890 2805 2466 223 1583 623 2379 4310 4136 1744 99 600 4091 4223 3564 1807 4578
4011 1411 3108 2896 4156 56 2094 4422 1544 1260 1263 328 2820 3879 3331 3663 518 53 4518 775 1051 4790 859 1548 3831 4096 1971 4299 3914 2180 1675 963 4927 1230 138 2082 3219 23 1722 2654
1240 4195 3677 1650 2839 2393 3639 4542 122 4870 3673 3201 3595 2620 3356 4656 748 3469 2672 661 4790 1017 2132 1958 3833 3077 3389 1935 2284 1486 3015 4166 4003 1943 1733 935 1525 2497 4072 55
3593 3128 1425 4062 4264 2745 1767 1134 1668 155 2134 2142 1523 2915 772 3113 3337 678 2389 588 859 2132 4126 4403 802 122 2394 1449 3383 1672 819 2330 2417 1185 2694 4485 4257 3274 1153 2578
1663 4878 2853 3067 1514 717 4939 4148 4699 3227 3976 350 2378 801 4012 1385 3050 4437 3212 3890 1548 1958 4403 1430 2178 2622 3738 4508 1251 1272 4939 1925 1791 3255 3667 3177 2016 3641 3851 480
4505 3937 2337 1387 3683 1400 989 2259 4581 4225 3658 1807 4857 4980 2742 1360 4530 2235 1024 2805 3831 3833 802 2178 453 619 4981 1373 3034 710 3172 2794 4058 2622 4614 2655 4896 2102 2953 3265
1004 4430 1646 3571 2018 3212 4879 3757 3024 2043 467 3407 466 990 4258 1822 4012 3831 3766 2466 4096 3077 122 2622 619 3734 2757 1460 1674 3145 1563 4557 1952 4833 1099 374 4413 1571 1394 1144
1077 2048 128 3951 3983 1866 3954 680 1695 125 749 233 1106 1543 4177 3698 264 3644 2168 223 1971 3389 2394 3738 4981 2757 4240 2350 1253 1726 3833 2688 757 3181 1898 1206 2698 4970 2038 2983
557 4009 469 4768 1853 1241 529 4597 4404 3204 78 3612 800 4960 2469 87 875 1595 3916 1583 4299 1935 1449 4508 1373 1460 2350 1161 4181 18 4493 4764 2797 4698 4739 1027 913 3635 957 2392
3165 2969 2569 1307 4559 4090 142 1364 3387 4799 4680 848 3435 1745 3801 1134 409 1336 2543 623 3914 2284 3383 1251 3034 1674 1253 4181 2067 1474 4209 1717 2523 3769 2578 178 1393 3511 3515 4520
1306 819 954 1306 2773 620 600 1189 788 4324 2762 3190 2283 1531 4921 1187 3651 1406 4578 2379 2180 1486 1672 1272 710 3145 1726 18 1474 4902 3010 2153 323 1749 2357 443 3624 3405 2715 2297
4305 4738 4375 4361 1439 4991 4615 4980 2512 488 3310 2659 2759 3290 894 1648 2251 1155 600 4310 1675 3015 819 4939 3172 1563 3833 4493 4209 3010 3474 2736 2825 4509 1808 4459 545 3406 194 1980
1733 934 553 2995 3078 2340 256 1138 3781 2628 4099 2458 568 279 1919 2491 433 719 1701 4136 963 4166 2330 1925 2794 4557 2688 4764 1717 2153 2736 2881 3779 3409 2219 568 2344 4101 181 4354
4173 1918 1957 3886 3844 828 3152 3809 1892 1627 1513 389 2856 1019 3453 3134 669 1175 2935 1744 4927 4003 2417 1791 4058 1952 757 2797 2523 323 2825 3779 3897 276 1258 2977 951 1436 4530 3848
1522 4309 2508 3216 4487 3502 659 2275 2424 4615 3663 4043 3851 1162 3979 1752 3854 444 3133 99 1230 1943 1185 3255 2622 4833 3181 4698 3769 1749 4509 3409 276 1555 1461 4243 2933 4950 3587 4449
3854 1574 4384 3900 2173 1479 782 2323 4405 3314 246 3175 1319 4670 1638 1980 461 1461 1974 600 138 1733 2694 3667 4614 1099 1898 4739 2578 2357 1808 2219 1258 1461 1138 3485 2854 2832 4260 676
3043 4310 4497 963 3757 4507 4249 2655 387 85 2592 3828 3306 4014 4776 4785 1242 3225 3515 4091 2082 935 4485 3177 2655 374 1206 1027 178 443 4459 568 2977 4243 3485 4691 1889 2538 3468 1231
1366 3929 2756 2264 2739 2713 1013 3591 1187 347 4501 750 3243 3872 3083 483 4670 1947 4685 4223 3219 1525 4257 2016 4896 4413 2698 913 1393 3624 545 2344 951 2933 2854 1889 2784 1255 4907 1102
2699 1124 4138 3976 3670 2875 1506 3385 4839 3258 1749 923 4240 4875 1918 3881 3122 76 1225 3564 23 2497 3274 3641 2102 1571 4970 3635 3511 3405 3406 4101 1436 4950 2832 2538 1255 1818 872 2418
4075 3834 4524 3721 863 2895 4392 852 3495 458 3708 453 3979 588 1164 4513 2529 2174 2505 1807 1722 4072 1153 3851 2953 1394 2038 957 3515 2715 194 181 4530 3587 4260 3468 4907 872 4774 3097
91 1127 4404 3040 1853 3560 4996 507 3492 57 4623 2969 2253 1414 997 164 3286 4908 1749 4578 2654 55 2578 480 3265 1144 2983 2392 4520 2297 1980 4354 3848 4449 676 1231 1102 2418 3097 3204
