N: 40
M: 20
Symmetric: true
Triangle: false
2 2 38
1 19
2 24 6
3 25 27 15
4 9 37 21 18
3 14 23 11
1 39
3 30 8 1
1 13
1 10
2 32 22
3 31 12 3
3 20 40 4
2 28 36
1 34
2 7 17
1 35
2 26 29
2 33 16
1 5
1404 3306 3800 3269 1002 3990 3086 4669 4381 4956 2895 3130 3732 3567 2991 2706 2688 2208 3775 121 2127 3206 2411 4992 138 4601 431 4595 4894 3231 3628 3192 3023 3963 2670 1050 3868 4184 2425 4505
3306 2503 549 1043 1404 953 1945 2684 1788 4322 551 1296 4234 1188 2740 2159 4165 1967 4848 3118 2946 3998 1814 3523 4170 4055 4571 431 377 3247 3572 3491 595 1895 3479 2457 1830 1463 4068 2145
3800 549 4137 67 230 4797 4766 1256 4290 1215 3916 4066 2037 913 2044 596 2433 4778 1600 2300 1462 4809 3686 287 102 1671 3041 2967 1600 2746 493 3304 4805 2431 2521 2517 4063 435 2519 197
3269 1043 67 481 2893 3963 4073 1735 4105 4720 989 3212 1009 4723 2992 2953 4905 3233 3339 3712 401 2655 1769 971 409 1250 2224 193 3093 2320 4793 12 3368 2245 792 4191 4451 4795 2259 3536
1002 1404 230 2893 547 4686 1954 3477 2365 3688 2944 443 4499 2270 1773 2271 3617 1806 3564 2774 1177 991 1049 2150 3027 2544 840 2705 442 2757 3409 2654 1669 1604 1678 1543 1655 3813 3088 933
3990 953 4797 3963 4686 1705 2286 313 3486 3573 234 4548 820 4496 1367 1805 3085 4303 2454 1375 2372 643 2496 3637 1693 2930 2463 2780 2201 4846 369 3814 1662 4019 132 471 1646 2719 3749 4871
3086 1945 4766 4073 1954 2286 713 263 4395 2805 4239 3302 87 3576 3312 1929 3702 2842 2475 4120 101 1256 1777 4867 3040 2982 3971 4239 2702 1716 894 3761 848 4129 3677 2825 1396 1394 2718 626
4669 2684 1256 1735 3477 313 263 1152 4965 4264 4112 3029 827 1434 993 3229 597 1342 58 3850 1084 1531 4411 3843 705 258 2084 3579 1661 3440 2067 2318 2162 688 3332 2573 3018 1868 1017 3092
4381 1788 4290 4105 2365 3486 4395 4965 1698 2282 4708 4822 4280 3004 4012 655 96 4494 2882 3185 1097 3912 3318 4787 4736 3930 2403 901 1114 1197 4834 1297 4468 949 1325 3102 569 1437 4121 2286
4956 4322 1215 4720 3688 3573 2805 4264 2282 33 1617 864 4183 3004 3236 1796 3277 389 1530 4133 1999 4853 4023 3412 1747 2941 2315 3735 3437 4586 1447 2123 368 3014 3315 586 2935 2134 2177 2856
2895 551 3916 989 2944 234 4239 4112 4708 1617 3469 2703 3035 2000 1334 295 4618 3366 1268 614 275 4968 4418 1155 131 3776 4190 4579 2195 863 4957 1665 2036 4437 1169 107 3818 2139 1855 3037
3130 1296 4066 3212 443 4548 3302 3029 4822 864 2703 1479 1323 3923 2222 1792 3430 1522 4616 4746 3753 791 3309 3044 3793 4886 2336 4956 1529 80 509 684 1616 898 2748 212 2940 2350 3922 1318
3732 4234 2037 1009 4499 820 87 827 4280 4183 3035 1323 4185 1274 372 3690 2792 4438 770 572 1621 1341 4618 4594 4483 4736 3241 3747 3638 2250 3901 4438 4377 361 1400 2558 519 3019 1206 773
3567 1188 913 4723 2270 4496 3576 1434 3004 3004 2000 3923 1274 810 2358 818 1231 4052 953 4573 2949 291 1445 3401 18 1517 4608 450 4362 2077 401 3069 3673 4631 4021 2760 4286 1249 2183 4231
2991 2740 2044 2992 1773 1367 3312 993 4012 3236 1334 2222 372 2358 124 2865 2350 60 550 322 3825 716 3812 3501 4695 2347 4601 580 3363 3840 4955 3770 3558 4554 846 3603 4819 943 4314 668
2706 2159 596 2953 2271 1805 1929 3229 655 1796 295 1792 3690 818 2865 1358 2574 2483 1678 3647 4969 2864 572 4724 1644 4408 1837 3195 979 1452 519 1870 3239 1306 2269 4526 2324 2496 4413 617
2688 4165 2433 4905 3617 3085 3702 597 96 3277 4618 3430 2792 1231 2350 2574 2418 1401 3301 2787 4339 48 3081 783 3249 4375 4222 3575 468 1621 4947 4929 2714 4355 1727 4540 3580 3683 1435 1321
2208 1967 4778 3233 1806 4303 2842 1342 4494 389 3366 1522 4438 4052 60 2483 1401 4260 272 495 484 933 190 2753 640 2794 1664 1616 1207 3264 4394 4371 3848 2196 749 2644 1157 3999 1303 3258
3775 4848 1600 3339 3564 2454 2475 58 2882 1530 1268 4616 770 953 550 1678 3301 272 4266 4049 2903 2592 828 2414 3515 4404 3685 2808 2746 1109 3440 4014 420 1624 3418 3403 1391 127 3021 1074
121 3118 2300 3712 2774 1375 4120 3850 3185 4133 614 4746 572 4573 322 3647 2787 495 4049 2349 4893 3871 1706 2254 1863 1018 2184 2339 59 4267 3768 2456 716 1889 4921 861 1859 2570 237 2109
2127 2946 1462 401 1177 2372 101 1084 1097 1999 275 3753 1621 2949 3825 4969 4339 484 2903 4893 2580 2797 2532 4346 344 4987 820 137 191 406 3858 4128 4325 4394 966 4635 1547 2438 4997 2612
3206 3998 4809 2655 991 643 1256 1531 3912 4853 4968 791 1341 291 716 2864 48 933 2592 3871 2797 3441 3289 2454 1968 4105 2716 3110 4587 3346 830 3092 4896 1957 1571 2207 3288 2490 4651 4329
2411 1814 3686 1769 1049 2496 1777 4411 3318 4023 4418 3309 4618 1445 3812 572 3081 190 828 1706 2532 3289 2145 1790 1351 3408 1672 4426 2748 3970 4155 674 694 2676 3893 2333 3577 3559 3419 2634
4992 3523 287 971 2150 3637 4867 3843 4787 3412 1155 3044 4594 3401 3501 4724 783 2753 2414 2254 4346 2454 1790 2006 2182 661 601 3196 1507 3567 1416 2077 2914 997 2997 4960 4083 3375 2545 4246
138 4170 102 409 3027 1693 3040 705 4736 1747 131 3793 4483 18 4695 1644 3249 640 3515 1863 344 1968 1351 2182 3714 2880 3155 1201 4830 3457 4081 4938 1143 1461 998 1424 420 767 1462 2765
4601 4055 1671 1250 2544 2930 2982 258 3930 2941 3776 4886 4736 1517 2347 4408 4375 2794 4404 1018 4987 4105 3408 661 2880 1549 322 1007 4650 635 2289 702 2632 3425 4714 2275 1695 3363 2578 623
431 4571 3041 2224 840 2463 3971 2084 2403 2315 4190 2336 3241 4608 4601 1837 4222 1664 3685 2184 820 2716 1672 601 3155 322 2927 3559 1923 484 4269 1393 890 945 1879 4994 1489 1565 1869 1740
4595 431 2967 193 2705 2780 4239 3579 901 3735 4579 4956 3747 450 580 3195 3575 1616 2808 2339 137 3110 4426 3196 1201 1007 3559 4602 3313 3986 2695 2968 4263 497 581 542 3322 1160 4070 4621
4894 377 1600 3093 442 2201 2702 1661 1114 3437 2195 1529 3638 4362 3363 979 468 1207 2746 59 191 4587 2748 1507 4830 4650 1923 3313 495 4242 2009 3934 4640 661 762 1718 4746 4310 498 3040
3231 3247 2746 2320 2757 4846 1716 3440 1197 4586 863 80 2250 2077 3840 1452 1621 3264 1109 4267 406 3346 3970 3567 3457 635 484 3986 4242 1753 2533 2204 620 568 802 3407 304 3217 3092 2332
3628 3572 493 4793 3409 369 894 2067 4834 1447 4957 509 3901 401 4955 519 4947 4394 3440 3768 3858 830 4155 1416 4081 2289 4269 2695 2009 2533 2706 1510 2425 4370 4306 2243 3220 1374 3071 3397
3192 3491 3304 12 2654 3814 3761 2318 1297 2123 1665 684 4438 3069 3770 1870 4929 4371 4014 2456 4128 3092 674 2077 4938 702 1393 2968 3934 2204 1510 1592 4741 3439 1347 2543 4556 3927 3937 4703
3023 595 4805 3368 1669 1662 848 2162 4468 368 2036 1616 4377 3673 3558 3239 2714 3848 420 716 4325 4896 694 2914 1143 2632 890 4263 4640 620 2425 4741 3042 518 4534 1953 1313 3036 2481 1728
3963 1895 2431 2245 1604 4019 4129 688 949 3014 4437 898 361 4631 4554 1306 4355 2196 1624 1889 4394 1957 2676 997 1461 3425 945 497 661 568 4370 3439 518 3198 103 3701 636 372 4346 4269
2670 3479 2521 792 1678 132 3677 3332 1325 3315 1169 2748 1400 4021 846 2269 1727 749 3418 4921 966 1571 3893 2997 998 4714 1879 581 762 802 4306 1347 4534 103 4797 4557 853 1241 4408 3841
1050 2457 2517 4191 1543 471 2825 2573 3102 586 107 212 2558 2760 3603 4526 4540 2644 3403 861 4635 2207 2333 4960 1424 2275 4994 542 1718 3407 2243 2543 1953 3701 4557 3564 869 1578 3985 2901
3868 1830 4063 4451 1655 1646 1396 3018 569 2935 3818 2940 519 4286 4819 2324 3580 1157 1391 1859 1547 3288 3577 4083 420 1695 1489 3322 4746 304 3220 4556 1313 636 853 869 4874 4869 1798 4938
4184 1463 435 4795 3813 2719 1394 1868 1437 2134 2139 2350 3019 1249 943 2496 3683 3999 127 2570 2438 2490 3559 3375 767 3363 1565 1160 4310 3217 1374 3927 3036 372 1241 1578 4869 1059 3167 2373
2425 4068 2519 2259 3088 3749 2718 1017 4121 2177 1855 3922 1206 2183 4314 4413 1435 1303 3021 237 4997 4651 3419 2545 1462 2578 1869 4070 498 3092 3071 3937 2481 4346 4408 3985 1798 3167 2351 4577
4505 2145 197 3536 933 4871 626 3092 2286 2856 3037 1318 773 4231 668 617 1321 3258 1074 2109 2612 4329 2634 4246 2765 623 1740 4621 3040 2332 3397 4703 1728 4269 3841 2901 4938 2373 4577 24
