N: 60
M: 20
Symmetric: true
Triangle: false
3 44 55 38
4 25 53 31 4
4 51 5 33 10
4 3 28 21 17
3 15 45 23
2 49 41
2 7 11
3 48 6 57
3 42 13 27
3 9 34 36
2 30 19
7 59 35 47 16 39 2 43
4 22 56 52 8
2 24 58
1 29
2 18 40
3 37 14 32
4 50 20 12 54
1 26
3 60 1 46
37 3264 4031 1541 733 187 1762 109 4178 2125 431 1774 1828 1435 3190 4645 1233 80 3227 1259 3791 4527 4606 4863 2654 607 2649 1382 2882 1890 2756 1313 4900 860 3933 4676 2426 4243 3815 1139 541 2314 1479 459 2373 1852 197 2298 2036 1685 3185 3590 1323 279 1828 3778 4452 1762 1138 3049
3264 4804 4834 4095 4477 4009 4708 515 4465 3402 997 4434 3002 1637 4628 4252 1344 3669 4029 4797 2781 3571 1060 4495 2075 477 4367 4641 1027 2110 2885 3408 2636 1140 2504 2810 3397 3886 1766 850 895 1854 2532 2849 26 1107 3908 1005 3465 1720 1291 2195 3534 3089 2316 504 944 4442 4775 294
4031 4834 4735 4933 479 2300 2464 4730 3747 4535 433 4935 4036 4661 2773 1718 583 4483 1918 4034 3670 3741 4541 2360 2767 998 1692 177 2899 2945 3308 3399 4200 4515 3953 3930 3653 1928 3556 3374 3716 3413 3759 4270 1257 3851 2105 4784 1266 1380 3347 1429 1087 4895 3504 2940 4627 2893 2648 557
1541 4095 4933 679 3820 1185 4683 3442 864 69 3204 761 395 3332 194 890 4919 4014 1666 1360 1347 3304 2238 4476 4076 3261 412 1990 4486 3938 2070 3144 1712 1233 453 575 2770 1100 3115 226 818 1996 1994 1528 510 2589 401 3549 2787 760 3210 1222 4452 2467 3552 57 192 948 1282 2490
733 4477 479 3820 3226 4984 4293 3955 1340 3845 1735 1289 4741 2446 4250 2449 4434 2630 2451 2603 2075 4136 3213 2160 2908 2160 1741 2784 3986 766 243 4123 2933 3614 928 4212 2462 2693 2269 3683 4616 3623 1868 186 2138 1758 1200 4163 3487 3600 679 3926 1194 2769 4764 598 2681 2581 1739 714
187 4009 2300 1185 4984 1032 2625 4980 1103 131 2129 692 191 513 2784 447 1080 81 4042 672 3768 433 1745 2441 3814 4475 3835 1041 3655 3403 50 1697 255 3436 504 2225 1010 3412 1572 3979 1812 1165 2483 2349 916 2651 4302 629 1777 4982 4580 2656 3789 3386 413 3543 1504 17 1701 4831
1762 4708 2464 4683 4293 2625 2527 3036 2555 2959 951 2707 4749 241 3631 53 1322 4774 951 4936 67 3801 3473 3975 1017 3773 3736 3459 4069 3608 4728 13 3556 4151 1802 911 3251 860 368 3926 3999 1398 61 1510 4075 3949 4269 3098 2508 1938 1786 4630 2013 4260 2358 2895 2400 4570 3960 3332
109 515 4730 3442 3955 4980 3036 2530 4031 2623 4984 2088 1920 289 357 4641 656 2857 3245 3850 1752 3739 3362 887 4633 3754 2666 1862 3497 211 1842 213 2682 3373 1855 4966 1281 4436 2461 3753 364 4508 3170 3969 4319 1542 2514 423 4665 653 3191 4016 1852 4983 2400 4202 2967 704 684 4703
4178 4465 3747 864 1340 1103 2555 4031 3042 3191 3442 731 4061 248 4310 33 4569 76 3869 315 3539 2876 3886 4703 1182 1032 563 1402 711 2969 2565 4933 2042 4707 2885 3406 4718 2202 4486 3592 4548 401 3290 4254 1954 1732 1857 3265 1637 2361 4376 657 3394 3251 3352 3053 2292 3947 92 1350
2125 3402 4535 69 3845 131 2959 2623 3191 1698 1372 3324 3308 2037 2567 2893 1853 2949 2771 4821 3115 3197 3354 4746 4095 509 4086 4195 1555 1576 2442 3216 288 2357 4254 2418 2599 4897 71 905 2326 453 943 961 185 1087 4387 1259 4167 3106 3670 387 2361 165 2657 647 2140 4202 1368 3999
431 997 433 3204 1735 2129 951 4984 3442 1372 641 616 1966 524 3416 4272 1365 440 3266 437 1365 1619 4202 3337 4841 2370 2061 2923 915 4458 585 2245 2131 2480 2786 4021 1658 3431 3488 2285 1665 3752 771 2412 3325 4544 3943 2387 4660 3126 1435 3989 2665 4815 3174 652 1893 150 408 1441
1774 4434 4935 761 1289 692 2707 2088 731 3324 616 3185 3375 1627 679 1398 616 3716 1961 4200 836 899 4102 603 1178 1951 1805 2980 4799 327 1356 232 3852 96 773 1832 3122 1562 288 4690 829 1373 397 1569 3685 413 2843 1454 3901 1035 3536 4276 3919 441 3372 2452 1938 2952 1940 1708
1828 3002 4036 395 4741 191 4749 1920 4061 3308 1966 3375 214 1105 1792 4704 1656 2200 4274 880 1678 955 3152 3737 3358 1497 3408 2217 641 775 3922 4884 3781 1319 4254 1144 1303 1441 2870 2268 3886 4941 3233 4798 706 441 1373 4478 3661 4673 60 2561 2859 2586 3586 1821 4199 4530 4548 2376
1435 1637 4661 3332 2446 513 241 289 248 2037 524 1627 1105 1906 3037 4032 3447 4830 2943 3437 2021 1739 4109 3267 3903 3618 3458 1069 4496 2595 4166 2681 974 3184 3849 283 4618 3424 4009 4670 993 1601 3371 4465 3097 161 3236 4074 327 1018 2068 3221 2548 4675 1426 487 2863 980 4558 989
3190 4628 2773 194 4250 2784 3631 357 4310 2567 3416 679 1792 3037 814 2384 3386 1386 3157 4159 803 3160 412 3255 3323 2394 4390 2395 2306 1410 1808 4663 3541 1383 435 2822 1518 3439 4127 2883 1435 2512 3329 1162 2164 3272 1458 3025 420 4656 2225 2246 603 4253 4057 3220 3668 1647 314 3332
4645 4252 1718 890 2449 447 53 4641 33 2893 4272 1398 4704 4032 2384 2393 496 1627 996 1300 3917 209 1303 1131 1056 3103 193 492 4306 1265 4268 3264 244 1201 2951 4544 2526 3166 3808 866 512 2211 1322 4899 3238 504 3757 3408 4058 1679 4894 3257 3433 4484 579 3381 3846 351 4223 3697
1233 1344 583 4919 4434 1080 1322 656 4569 1853 1365 616 1656 3447 3386 496 3852 3516 2187 1041 1015 857 3049 656 4667 774 3902 3697 4161 2897 1328 3258 2734 2193 3463 2418 1973 1792 2215 4072 1128 4898 4042 4086 2965 3721 1375 893 4533 398 1250 781 3321 2323 436 650 2250 2244 1929 2553
80 3669 4483 4014 2630 81 4774 2857 76 2949 440 3716 2200 4830 1386 1627 3516 3163 349 244 1235 3841 3681 848 1728 4526 4380 1645 3433 3675 674 4030 4824 4801 3745 2697 4880 902 1246 1349 501 491 2874 4591 3335 2009 387 2317 2776 3701 4321 4631 4873 2827 2263 1535 1588 48 3404 3196
3227 4029 1918 1666 2451 4042 951 3245 3869 2771 3266 1961 4274 2943 3157 996 2187 349 4286 1246 4927 850 3383 1515 29 3444 2630 2351 143 3982 245 4686 1832 99 1570 624 3517 4644 2159 3940 268 3396 4846 4053 4579 3949 477 3655 4876 4523 3432 996 1511 4666 1512 761 302 3334 2202 2797
1259 4797 4034 1360 2603 672 4936 3850 315 4821 437 4200 880 3437 4159 1300 1041 244 1246 4697 2498 10 158 662 4799 4914 1602 2339 2976 208 3187 4361 262 4121 379 1040 3477 1521 3737 3140 1457 3651 319 2418 3633 3247 18 4205 114 586 498 996 3159 993 2614 2528 1613 4124 581 1600
3791 2781 3670 1347 2075 3768 67 1752 3539 3115 1365 836 1678 2021 803 3917 1015 1235 4927 2498 4461 2748 160 4836 823 4647 1647 1893 4919 128 1517 2022 1685 2336 1433 3956 1072 2940 2839 335 4868 3294 2758 2387 1379 1397 4721 3514 2424 4542 3090 3930 4693 386 3535 2936 919 1989 1592 871
4527 3571 3741 3304 4136 433 3801 3739 2876 3197 1619 899 955 1739 3160 209 857 3841 850 10 2748 1965 3652 4097 1099 3017 968 3842 42 688 2385 576 3135 2446 983 3655 4816 1932 249 3325 1519 2807 790 940 2804 2984 4555 2475 3930 775 2922 4480 2282 3598 3309 96 3952 1638 1816 3802
4606 1060 4541 2238 3213 1745 3473 3362 3886 3354 4202 4102 3152 4109 412 1303 3049 3681 3383 158 160 3652 310 752 2046 3835 914 4242 1378 424 4539 1640 743 4568 2386 1736 2441 458 330 2560 139 2365 1655 4109 4891 2093 3345 4313 4339 2261 2742 2883 4483 1033 3916 867 2558 3150 1403 2758
4863 4495 2360 4476 2160 2441 3975 887 4703 4746 3337 603 3737 3267 3255 1131 656 848 1515 662 4836 4097 752 598 2485 1035 2436 2572 2535 2005 1445 547 4761 2714 2820 1413 4032 4625 301 908 851 2406 31 2661 3341 4215 4839 4666 2309 498 2488 122 1387 4957 3057 3694 4570 2287 3422 4536
2654 2075 2767 4076 2908 3814 1017 4633 1182 4095 4841 1178 3358 3903 3323 1056 4667 1728 29 4799 823 1099 2046 2485 1760 788 1578 4365 723 1867 1998 2550 852 4522 2543 4150 4695 2928 456 1319 1799 3713 4078 1326 537 1636 3175 2092 2062 401 2916 1244 2734 4032 3203 4049 3824 4839 4744 3005
607 477 998 3261 2160 4475 3773 3754 1032 509 2370 1951 1497 3618 2394 3103 774 4526 3444 4914 4647 3017 3835 1035 788 2171 1687 1132 185 4760 1406 3421 3625 3462 3750 3652 2301 2820 3551 312 1376 63 3511 412 3500 2564 2938 1858 953 2177 4862 3847 4286 1765 4488 1263 844 1648 3999 4912
2649 4367 1692 412 1741 3835 3736 2666 563 4086 2061 1805 3408 3458 4390 193 3902 4380 2630 1602 1647 968 914 2436 1578 1687 1936 1182 2926 2225 236 2510 4698 4556 956 3543 4925 2706 3313 1539 1423 4915 2779 3028 2352 3677 2217 3117 2464 3768 2966 2207 4760 4029 670 2583 2229 432 3564 3561
1382 4641 177 1990 2784 1041 3459 1862 1402 4195 2923 2980 2217 1069 2395 492 3697 1645 2351 2339 1893 3842 4242 2572 4365 1132 1182 1383 2032 4799 4478 2381 216 1225 1633 1545 2085 1531 2894 4775 1639 3993 2162 2714 4266 1863 187 3947 2011 4728 218 514 1318 2561 916 1033 788 4719 1822 4870
2882 1027 2899 4486 3986 3655 4069 3497 711 1555 915 4799 641 4496 2306 4306 4161 3433 143 2976 4919 42 1378 2535 723 185 2926 2032 919 1698 2852 4911 4081 2272 2781 1388 508 4159 897 1559 274 1340 34 4939 802 2496 3098 3310 3984 3458 4485 2443 3134 4685 2084 4897 4222 1913 3130 2766
1890 2110 2945 3938 766 3403 3608 211 2969 1576 4458 327 775 2595 1410 1265 2897 3675 3982 208 128 688 424 2005 1867 4760 2225 4799 1698 4137 473 105 3319 2597 2710 3736 224 4457 573 3404 3301 1928 4163 1079 1713 2255 1992 649 1047 1721 4169 1469 4158 3677 2058 4931 4418 2103 860 3371
2756 2885 3308 2070 243 50 4728 1842 2565 2442 585 1356 3922 4166 1808 4268 1328 674 245 3187 1517 2385 4539 1445 1998 1406 236 4478 2852 473 880 4167 173 775 103 1391 1761 1797 1368 4297 4863 1019 1565 3222 2861 724 1125 1072 3561 1249 3200 4546 4066 339 4211 3169 4407 1493 3280 2084
1313 3408 3399 3144 4123 1697 13 213 4933 3216 2245 232 4884 2681 4663 3264 3258 4030 4686 4361 2022 576 1640 547 2550 3421 2510 2381 4911 105 4167 2509 3037 3714 128 748 3137 3179 2156 4290 4690 857 440 1942 3358 301 872 2007 483 3391 2892 4238 1819 2377 4537 837 2220 621 3640 2450
4900 2636 4200 1712 2933 255 3556 2682 2042 288 2131 3852 3781 974 3541 244 2734 4824 1832 262 1685 3135 743 4761 852 3625 4698 216 4081 3319 173 3037 475 139 1654 3363 13 1444 2262 1533 3284 4173 2879 2009 3973 2287 3678 655 3963 1230 2678 635 2921 1359 2298 2420 1634 458 1158 3566
860 1140 4515 1233 3614 3436 4151 3373 4707 2357 2480 96 1319 3184 1383 1201 2193 4801 99 4121 2336 2446 4568 2714 4522 3462 4556 1225 2272 2597 775 3714 139 4531 3528 4179 2308 3923 2851 863 373 3250 4430 4574 3077 2324 2235 1262 4511 4328 3576 4663 1093 1079 2723 1377 2468 3508 2353 3220
3933 2504 3953 453 928 504 1802 1855 2885 4254 2786 773 4254 3849 435 2951 3463 3745 1570 379 1433 983 2386 2820 2543 3750 956 1633 2781 2710 103 128 1654 3528 983 3892 4995 2562 2588 3071 2258 97 4722 2495 2005 570 523 650 2547 1849 1457 3852 3641 71 4938 890 1540 4164 1634 1779
4676 2810 3930 575 4212 2225 911 4966 3406 2418 4021 1832 1144 283 2822 4544 2418 2697 624 1040 3956 3655 1736 1413 4150 3652 3543 1545 1388 3736 1391 748 3363 4179 3892 4931 567 237 2610 3071 2204 4609 3644 3435 1716 3951 2535 4502 866 954 937 395 2226 270 2025 1756 1706 1169 4294 4239
2426 3397 3653 2770 2462 1010 3251 1281 4718 2599 1658 3122 1303 4618 1518 2526 1973 4880 3517 3477 1072 4816 2441 4032 4695 2301 4925 2085 508 224 1761 3137 13 2308 4995 567 1273 4158 4579 3237 1550 399 1835 2768 3074 2843 3056 4700 3386 4183 4712 919 3574 3061 4102 487 1190 522 2822 679
4243 3886 1928 1100 2693 3412 860 4436 2202 4897 3431 1562 1441 3424 3439 3166 1792 902 4644 1521 2940 1932 458 4625 2928 2820 2706 1531 4159 4457 1797 3179 1444 3923 2562 237 4158 1857 4605 3403 3591 2869 803 2569 1036 1590 196 4913 4409 4162 3027 3721 454 564 2412 848 1576 4857 632 4989
3815 1766 3556 3115 2269 1572 368 2461 4486 71 3488 288 2870 4009 4127 3808 2215 1246 2159 3737 2839 249 330 301 456 3551 3313 2894 897 573 1368 2156 2262 2851 2588 2610 4579 4605 4418 4911 333 4356 1056 1522 216 1912 4920 4343 645 3890 771 1623 1914 4701 4673 1787 4260 4526 1215 4681
1139 850 3374 226 3683 3979 3926 3753 3592 905 2285 4690 2268 4670 2883 866 4072 1349 3940 3140 335 3325 2560 908 1319 312 1539 4775 1559 3404 4297 4290 1533 863 3071 3071 3237 3403 4911 4238 2086 2552 2945 2949 1536 3811 2225 361 1482 4946 3779 411 1482 2662 2938 3360 2801 4408 3721 4213
541 895 3716 818 4616 1812 3999 364 4548 2326 1665 829 3886 993 1435 512 1128 501 268 1457 4868 1519 139 851 1799 1376 1423 1639 274 3301 4863 4690 3284 373 2258 2204 1550 3591 333 2086 4908 2773 2915 3863 1928 3243 4501 4649 1101 1653 4491 3564 1714 2824 4576 166 3771 962 218 3134
2314 1854 3413 1996 3623 1165 1398 4508 401 453 3752 1373 4941 1601 2512 2211 4898 491 3396 3651 3294 2807 2365 2406 3713 63 4915 3993 1340 1928 1019 857 4173 3250 97 4609 399 2869 4356 2552 2773 4137 2687 2876 471 4125 1294 1982 1059 4040 4115 3075 4693 2336 3912 1464 440 4846 3675 1622
1479 2532 3759 1994 1868 2483 61 3170 3290 943 771 397 3233 3371 3329 1322 4042 2874 4846 319 2758 790 1655 31 4078 3511 2779 2162 34 4163 1565 440 2879 4430 4722 3644 1835 803 1056 2945 2915 2687 4142 346 3830 1641 460 4550 28 4029 1197 4029 2082 4828 337 2373 2607 4157 4976 4468
459 2849 4270 1528 186 2349 1510 3969 4254 961 2412 1569 4798 4465 1162 4899 4086 4591 4053 2418 2387 940 4109 2661 1326 412 3028 2714 4939 1079 3222 1942 2009 4574 2495 3435 2768 2569 1522 2949 3863 2876 346 3964 1517 449 575 4521 1049 4045 504 891 579 4209 4825 276 1223 79 463 458
2373 26 1257 510 2138 916 4075 4319 1954 185 3325 3685 706 3097 2164 3238 2965 3335 4579 3633 1379 2804 4891 3341 537 3500 2352 4266 802 1713 2861 3358 3973 3077 2005 1716 3074 1036 216 1536 1928 471 3830 1517 4379 1146 4436 1998 2237 4184 434 1015 4904 2660 824 2878 684 4262 3158 4589
1852 1107 3851 2589 1758 2651 3949 1542 1732 1087 4544 413 441 161 3272 504 3721 2009 3949 3247 1397 2984 2093 4215 1636 2564 3677 1863 2496 2255 724 301 2287 2324 570 3951 2843 1590 1912 3811 3243 4125 1641 449 1146 845 1510 2719 3521 3696 646 4027 547 1099 521 3237 3805 3519 479 4376
197 3908 2105 401 1200 4302 4269 2514 1857 4387 3943 2843 1373 3236 1458 3757 1375 387 477 18 4721 4555 3345 4839 3175 2938 2217 187 3098 1992 1125 872 3678 2235 523 2535 3056 196 4920 2225 4501 1294 460 575 4436 1510 393 4854 2372 3384 2550 1250 2362 2778 3946 1269 1932 1444 2842 3578
2298 1005 4784 3549 4163 629 3098 423 3265 1259 2387 1454 4478 4074 3025 3408 893 2317 3655 4205 3514 2475 4313 4666 2092 1858 3117 3947 3310 649 1072 2007 655 1262 650 4502 4700 4913 4343 361 4649 1982 4550 4521 1998 2719 4854 2837 3652 517 208 3370 3169 3176 2125 1782 1929 1019 657 3727
2036 3465 1266 2787 3487 1777 2508 4665 1637 4167 4660 3901 3661 327 420 4058 4533 2776 4876 114 2424 3930 4339 2309 2062 953 2464 2011 3984 1047 3561 483 3963 4511 2547 866 3386 4409 645 1482 1101 1059 28 1049 2237 3521 2372 3652 63 2219 2585 3998 1181 2970 2991 1388 480 1709 1426 564
1685 1720 1380 760 3600 4982 1938 653 2361 3106 3126 1035 4673 1018 4656 1679 398 3701 4523 586 4542 775 2261 498 401 2177 3768 4728 3458 1721 1249 3391 1230 4328 1849 954 4183 4162 3890 4946 1653 4040 4029 4045 4184 3696 3384 517 2219 548 1362 3367 2370 304 1055 3809 982 196 1161 2616
3185 1291 3347 3210 679 4580 1786 3191 4376 3670 1435 3536 60 2068 2225 4894 1250 4321 3432 498 3090 2922 2742 2488 2916 4862 2966 218 4485 4169 3200 2892 2678 3576 1457 937 4712 3027 771 3779 4491 4115 1197 504 434 646 2550 208 2585 1362 1273 3878 3065 3559 1399 2749 3999 1495 2934 1679
3590 2195 1429 1222 3926 2656 4630 4016 657 387 3989 4276 2561 3221 2246 3257 781 4631 996 996 3930 4480 2883 122 1244 3847 2207 514 2443 1469 4546 4238 635 4663 3852 395 919 3721 1623 411 3564 3075 4029 891 1015 4027 1250 3370 3998 3367 3878 4114 355 2540 1570 4696 711 1683 801 995
1323 3534 1087 4452 1194 3789 2013 1852 3394 2361 2665 3919 2859 2548 603 3433 3321 4873 1511 3159 4693 2282 4483 1387 2734 4286 4760 1318 3134 4158 4066 1819 2921 1093 3641 2226 3574 454 1914 1482 1714 4693 2082 579 4904 547 2362 3169 1181 2370 3065 355 3750 4444 289 4729 125 2605 4391 4903
279 3089 4895 2467 2769 3386 4260 4983 3251 165 4815 441 2586 4675 4253 4484 2323 2827 4666 993 386 3598 1033 4957 4032 1765 4029 2561 4685 3677 339 2377 1359 1079 71 270 3061 564 4701 2662 2824 2336 4828 4209 2660 1099 2778 3176 2970 304 3559 2540 4444 973 528 4454 2977 748 941 1661
1828 2316 3504 3552 4764 413 2358 2400 3352 2657 3174 3372 3586 1426 4057 579 436 2263 1512 2614 3535 3309 3916 3057 3203 4488 670 916 2084 2058 4211 4537 2298 2723 4938 2025 4102 2412 4673 2938 4576 3912 337 4825 824 521 3946 2125 2991 1055 1399 1570 289 528 1590 4301 1675 1821 1685 3156
3778 504 2940 57 598 3543 2895 4202 3053 647 652 2452 1821 487 3220 3381 650 1535 761 2528 2936 96 867 3694 4049 1263 2583 1033 4897 4931 3169 837 2420 1377 890 1756 487 848 1787 3360 166 1464 2373 276 2878 3237 1269 1782 1388 3809 2749 4696 4729 4454 4301 4147 251 2858 1198 1477
4452 944 4627 192 2681 1504 2400 2967 2292 2140 1893 1938 4199 2863 3668 3846 2250 1588 302 1613 919 3952 2558 4570 3824 844 2229 788 4222 4418 4407 2220 1634 2468 1540 1706 1190 1576 4260 2801 3771 440 2607 1223 684 3805 1932 1929 480 982 3999 711 125 2977 1675 251 1347 165 1867 1245
1762 4442 2893 948 2581 17 4570 704 3947 4202 150 2952 4530 980 1647 351 2244 48 3334 4124 1989 1638 3150 2287 4839 1648 432 4719 1913 2103 1493 621 458 3508 4164 1169 522 4857 4526 4408 962 4846 4157 79 4262 3519 1444 1019 1709 196 1495 1683 2605 748 1821 2858 165 2726 830 3143
1138 4775 2648 1282 1739 1701 3960 684 92 1368 408 1940 4548 4558 314 4223 1929 3404 2202 581 1592 1816 1403 3422 4744 3999 3564 1822 3130 860 3280 3640 1158 2353 1634 4294 2822 632 1215 3721 218 3675 4976 463 3158 479 2842 657 1426 1161 2934 801 4391 941 1685 1198 1867 830 2990 935
3049 294 557 2490 714 4831 3332 4703 1350 3999 1441 1708 2376 989 3332 3697 2553 3196 2797 1600 871 3802 2758 4536 3005 4912 3561 4870 2766 3371 2084 2450 3566 3220 1779 4239 679 4989 4681 4213 3134 1622 4468 458 4589 4376 3578 3727 564 2616 1679 995 4903 1661 3156 1477 1245 3143 935 3137
