107
128639
19
467
123
379
163
392
247
417
370
436
378
218
489
245
322
289
161
237
443
503
407
110
150
177
471
42
3
253
79
246
84
77
318
438
328
486
428
197
238
132
56
254
105
72
342
204
10
33
233
35
292
409
454
373
331
216
85
406
6
356
372
377
226
220
200
346
60
380
281
374
74
350
475
452
429
527
517
357
48
61
422
298
92
456
508
410
418
430
283
274
502
121
394
134
248
313
309
173
383
5
302
227
526
524
26
222
339
