107
13502
8
359
358
398
401
393
391
404
403
379
6
180
181
5
372
376
3
369
377
422
411
441
450
480
481
513
523
256
290
287
515
491
457
445
421
371
367
1
9
21
136
510
525
535
213
289
339
138
137
145
172
149
334
282
210
30
529
28
508
477
11
29
12
471
495
40
15
16
184
186
44
18
19
61
66
87
89
106
110
114
119
125
128
130
127
193
126
266
268
356
293
294
350
346
156
155
177
178
179
168
169
163
165
135
475
20
386
