113
1038
307
308
301
291
278
279
273
272
267
240
230
507
509
504
519
459
417
411
409
486
485
481
166
140
165
163
156
153
1
324
333
351
353
357
362
342
428
364
369
370
373
396
397
450
449
388
444
446
469
479
476
550
546
545
547
553
554
558
559
284
285
282
252
249
251
250
238
229
241
223
221
138
215
191
190
188
183
181
56
71
55
43
40
36
12
19
31
23
65
74
84
83
82
89
102
206
211
214
204
253
259
260
254
257
262
265
311
312
319
316
320
304
306
