115
2388
212
187
186
185
163
142
141
119
96
72
48
25
26
28
30
33
11
34
13
15
17
18
45
91
114
111
134
110
86
83
82
79
100
101
125
147
170
172
173
152
177
179
180
182
181
227
228
275
298
321
344
366
390
412
434
435
460
459
481
503
527
551
572
569
567
565
563
559
558
556
533
532
508
507
485
486
488
466
467
468
469
494
498
475
452
428
429
405
383
361
338
315
314
292
266
265
264
286
285
331
355
353
375
396
418
416
394
370
348
349
325
301
279
235
213
