115
16689
343
345
370
375
362
360
359
412
428
429
440
436
434
444
442
452
489
490
493
483
482
498
500
508
513
520
523
243
204
206
186
209
233
231
230
218
23
32
20
15
529
530
536
544
547
553
12
11
558
557
563
566
568
571
48
47
46
54
58
56
80
86
87
88
29
90
105
111
113
75
76
60
62
63
128
127
133
136
137
138
145
147
157
153
168
175
176
174
285
292
295
306
308
309
310
314
281
280
190
197
252
466
465
460
398
256
255
391
384
386
266
271
328
329
331
