131
27428
478
455
19
18
58
59
60
57
52
51
53
50
49
48
47
43
41
38
34
26
24
25
23
29
35
14
62
11
13
7
8
9
10
63
65
66
67
69
68
70
71
72
73
104
105
106
286
282
274
234
230
218
572
548
571
570
566
565
563
562
75
78
79
76
74
77
81
84
85
87
86
82
90
93
92
94
96
97
98
99
100
102
190
186
174
130
126
118
560
559
558
556
554
552
535
534
549
1
2
4
5
15
17
16
574
575
579
580
582
583
608
586
587
299
324
344
352
376
380
644
645
647
648
652
653
630
654
410
422
426
466
