132
22498
622
620
625
621
623
361
355
382
384
419
412
418
413
411
406
402
431
389
398
416
422
410
391
346
318
324
304
310
293
255
252
248
228
251
312
306
313
329
314
284
275
234
189
176
507
506
497
492
84
83
76
81
113
122
150
140
120
158
205
200
218
219
221
232
238
164
117
102
80
65
4
3
1
12
25
29
41
49
27
24
446
442
463
459
461
460
476
478
520
519
517
523
524
536
540
543
552
557
568
512
174
183
206
214
266
297
298
307
599
590
583
578
577
572
565
553
546
632
637
644
648
650
628
655
656
657
580
588
591
600
612
615
