157
3262
753
744
717
687
663
647
637
595
550
545
532
510
481
471
461
442
394
367
329
314
297
264
247
238
194
181
170
149
109
87
84
40
6
13
28
44
69
54
62
31
36
64
77
74
76
58
12
18
17
37
52
97
100
115
123
153
156
161
163
169
157
150
141
167
197
213
226
257
287
288
308
320
337
349
362
378
412
440
450
474
476
464
441
419
391
375
360
345
333
350
346
325
290
281
259
258
243
222
195
205
236
242
239
277
302
328
344
356
390
401
423
445
482
511
506
485
433
426
430
473
495
515
529
535
556
558
543
575
605
633
653
686
666
628
613
598
579
594
611
652
685
690
706
718
747
769
760
758
757
737
755
748
770
780
741
716
751
