N: 120
M: 24
Symmetric: true
Triangle: false
3 44 10 14
6 3 118 75 66 109 92
5 19 37 106 1 95
3 84 76 52
2 116 101
6 71 51 69 93 89 46
2 96 119
4 30 17 47 29
6 18 105 104 27 107 117
5 110 78 45 58 113
2 65 48
7 40 82 88 55 120 77 103
4 70 33 80 99
4 102 90 22 81
5 7 108 63 86 9
10 67 68 114 11 2 50 74 72 8 56
3 79 15 38
8 100 85 42 87 32 24 83 54
7 5 34 28 57 26 39 36
3 73 60 6
4 35 59 94 61
10 16 62 41 31 25 13 23 4 49 98
4 43 97 115 12
7 91 64 111 21 20 53 112
1093 3871 2060 3665 2847 3436 603 4127 1100 1710 4580 1015 1310 3896 2154 1148 1465 3596 2899 2281 447 722 2215 1608 445 1911 4026 325 2175 4702 1421 4782 257 2029 959 249 2248 2951 1534 3987 228 4617 1424 2006 2970 2115 3923 4340 3675 2594 1715 3084 3828 1169 3002 1644 3165 1328 933 1949 2982 3823 1411 380 3735 2429 4422 859 1054 1015 4240 1313 3872 22 4467 2803 1631 1533 1833 4077 2772 4675 1328 2299 1993 409 525 913 1233 3448 2490 1801 1313 2717 2490 4630 4796 3616 3087 1480 2147 1750 3987 1280 4777 1428 1408 3904 4053 4873 2549 297 3862 4326 1480 962 2893 4657 1177 4722
3871 3385 4307 2041 2125 4744 386 3840 4233 2516 4556 273 747 4203 3216 1441 3046 3286 3214 1242 891 435 340 3823 84 114 984 665 3079 2142 3909 4532 4607 3573 4872 1560 4478 3211 3761 3582 4384 3344 4896 759 1806 758 3401 241 2245 4780 2619 4988 4748 3555 115 3997 3045 3738 1992 3385 343 860 893 176 4614 2173 2436 2307 2949 1185 4289 3165 3728 267 3155 2004 1800 27 1081 2113 799 2498 4123 4380 680 3311 1670 110 895 4026 1433 78 1629 4006 1267 2416 4510 2823 1202 319 3023 4445 4903 4046 4802 68 1325 3966 3088 1500 3356 3659 3227 3733 4100 1133 1257 2919 1369 1609
2060 4307 4169 2776 1295 1312 436 2577 2120 752 3878 2422 821 1610 1527 4379 1818 3688 3415 854 4072 44 4450 2609 4315 3316 1049 3539 2647 2924 3464 3580 829 1027 4168 1125 4782 4500 2059 3960 3135 2692 2878 1642 1498 3002 4541 3125 242 1937 2358 3681 3830 675 1550 4936 1916 4664 4549 4896 2239 1548 3102 2760 384 2768 2861 4397 2310 3507 3312 1284 1982 3729 2675 1908 4508 3541 3833 4957 1321 839 2729 4162 4881 91 3097 1701 3025 906 1035 189 3912 4907 4090 170 2083 2306 1215 3925 4816 1270 4083 4256 4475 2371 1817 1326 2573 4483 4972 4171 1870 1910 697 1254 2918 4433 4351 1336
3665 2041 2776 267 1039 2156 4258 2154 742 2329 2360 1585 2644 1732 1419 4540 1972 4295 4556 3501 1560 4353 585 285 2258 4496 1786 1610 4060 2923 3232 2112 2596 1870 3231 1044 3855 3819 4724 4618 2053 234 1437 2801 3235 3419 2611 2006 3737 1627 4804 4925 2528 3647 269 3078 3524 458 758 1013 4032 445 726 4083 1919 1945 2313 2651 3265 1909 1311 89 18 458 2321 2091 1032 2600 69 180 3713 1463 4848 3265 4239 4111 1883 4856 845 2774 2073 1548 614 1259 2287 1510 1579 1957 1624 4523 4192 4798 4139 978 1651 3228 4917 4422 1479 4079 1324 1547 1764 3931 4686 2738 1327 1213 4963 4371
2847 2125 1295 1039 3509 1241 4858 3685 818 1902 2981 757 4083 2275 4891 1016 1686 570 1208 2398 4072 3930 2735 1000 4360 4882 3126 698 3596 3426 1696 2478 789 147 1074 2411 4731 1269 53 1324 4688 3223 4141 2797 1831 2817 3403 725 4834 4496 2620 2745 1785 3969 1730 4094 1707 4892 2129 3844 4932 4750 3319 4319 3698 48 4535 3718 573 2337 2764 4946 196 2772 969 2353 1276 4833 4381 4487 3873 4765 1346 640 2323 4176 2458 1926 2530 3377 3112 3539 792 1316 3640 859 570 3034 3036 1330 3695 750 4309 4709 252 3823 2298 1376 2631 284 1503 3564 3623 1325 4368 2888 79 801 351 636
3436 4744 1312 2156 1241 4163 4659 1071 748 4952 4552 4843 2949 4314 1243 4959 287 4580 2408 462 3322 2025 4645 691 3968 1748 1649 2404 61 4696 1045 2118 4369 4242 4513 1380 4114 4089 410 4556 2759 2289 599 2699 40 4880 2461 1844 2221 4830 161 4936 3339 511 3277 3133 4095 212 1872 2098 142 4094 3640 1039 1701 4209 2125 3675 258 2655 657 2723 3542 408 2398 3219 3217 3576 4418 496 1264 615 1392 2866 1441 1577 2921 3375 949 3957 3293 1745 299 4983 1850 3918 775 1941 869 3678 4256 3716 3157 4948 2468 1797 1805 2657 2492 2922 2578 923 2672 4519 580 3446 4763 417 1112 3372
603 386 436 4258 4858 4659 2428 2231 2769 3121 3796 2475 2095 3583 2666 401 3760 2471 2135 4407 3706 1558 2519 260 1054 891 181 4813 3322 519 4185 2793 565 3661 2698 1944 2597 207 2256 4457 395 3950 185 4301 1835 4851 4538 455 494 2197 1950 1716 1882 2966 4102 3672 501 2436 1377 556 3569 3370 3975 2288 561 2481 1539 1944 4003 4102 4857 2213 2984 1970 3920 1133 3406 1424 4364 2172 160 3487 1861 964 2291 161 4489 4713 160 3029 1451 2387 150 3137 3680 895 443 3289 1000 3620 334 1883 2735 3886 324 4788 93 4787 4726 2585 1438 2426 662 3623 890 4768 4772 725 2831 3150
4127 3840 2577 2154 3685 1071 2231 3188 975 4943 274 2927 1195 274 3681 1855 316 2698 1767 2436 1368 1509 749 2499 4725 817 3282 3695 1202 2662 2004 3516 80 1541 4276 1484 3368 406 2490 2784 70 3531 324 18 3462 154 1313 992 1265 4753 624 3203 4944 3373 2547 3196 4627 3028 3578 2156 1719 4591 4581 1911 3114 1087 292 2281 4718 3306 4009 801 2249 2526 3273 2758 2503 1630 2837 1651 908 1477 4236 4515 1539 492 4902 2426 3978 3492 4014 1314 2537 3782 2959 3719 3295 991 2300 4858 3192 4792 2018 2776 4711 4713 2032 2860 2094 4646 841 391 3760 1610 2375 4832 4808 4483 951 2248
1100 4233 2120 742 818 748 2769 975 3714 1493 3447 929 2540 1203 811 4915 3734 4084 2604 119 257 1924 652 4822 218 2708 1955 2056 2952 3450 2667 1002 352 4940 2581 1120 3601 3745 2325 1444 3453 1283 3965 3671 228 1259 3414 2987 147 4710 3860 4086 1070 1375 1311 2244 2016 3617 3959 3818 549 4894 1054 2270 1485 4640 3828 3741 2017 1617 3969 4724 512 1412 50 4397 2810 3501 1372 2720 514 1099 3407 3408 3911 2104 212 1161 4593 1921 821 593 4260 434 1536 112 2248 4272 4293 3456 3345 4743 3285 2344 4826 517 2812 3000 4002 4146 4908 4576 2626 1019 677 1163 956 1632 1660 1442
1710 2516 752 2329 1902 4952 3121 4943 1493 2260 92 4519 342 2223 3575 2363 3211 1850 2097 2790 4439 4105 4830 3359 4818 3439 4827 2346 2372 3211 179 2364 1289 4670 154 2170 982 2032 2614 2439 3183 1755 4308 2604 1303 4497 3282 604 39 2942 2863 626 800 877 1993 2410 2894 3137 641 1526 2848 4910 2969 2935 4297 4701 659 1682 266 2484 677 2168 4525 4328 2144 2476 1616 4053 1937 1476 2011 414 746 2216 815 2612 1105 4482 2445 4714 727 3473 2624 623 1914 3806 1580 4938 1556 4000 3242 3322 4802 3444 1210 1184 4583 3363 2418 4299 1128 3925 3218 181 1081 2536 839 1365 1747 2714
4580 4556 3878 2360 2981 4552 3796 274 3447 92 2180 4448 1883 672 3825 1718 1624 2405 3999 2761 4237 4927 4904 2462 3391 226 2977 2379 3359 2854 4594 4524 1547 3894 2895 3858 56 2615 3195 3359 1251 1821 2136 748 1602 4664 1248 2300 2073 1035 4847 4923 3841 1386 2188 1718 1897 3436 1069 4045 3809 4181 3280 1163 2108 2082 1704 4550 1023 4699 2663 3261 4580 4993 4603 1265 4220 4765 4205 724 3757 4511 2442 1275 3548 692 2517 12 3282 4070 4548 4663 338 963 2440 332 41 2229 3499 4986 1983 3617 1147 1207 2799 2571 1813 3559 3706 2908 501 1437 4676 680 516 3945 703 4471 4076 1751
1015 273 2422 1585 757 4843 2475 2927 929 4519 4448 2441 3837 3206 1830 3265 2692 2895 2651 706 1102 4259 2540 892 1541 1863 3232 2035 3488 2443 292 1607 408 2711 3894 3729 4612 951 2956 2107 4947 1246 1113 4762 1829 2836 3654 2532 1487 3879 672 581 4253 3165 3534 1597 1704 3078 3788 3551 342 1688 2173 2915 433 2283 4634 2326 4875 1005 2611 1026 4023 2361 2468 3512 1311 650 4416 3114 1144 2771 3521 3589 2800 1854 1766 1842 1628 4528 1893 3589 3028 2832 2463 1791 4442 3677 3573 1918 2586 4644 4167 1867 1696 2236 3013 486 2505 2123 2877 104 3380 1457 3496 103 3406 3907 4519 4564
1310 747 821 2644 4083 2949 2095 1195 2540 342 1883 3837 4501 4715 3336 4753 4073 3552 3271 4334 2244 809 2471 3688 911 1730 4969 1623 2857 1780 24 2992 1492 3012 1099 1689 3788 109 1913 3170 2740 1059 4996 3998 4065 2315 4202 178 1460 1830 2905 1643 4436 4947 3790 4985 717 2216 384 4724 3102 2898 2912 47 2304 4021 3393 834 4308 4049 751 3490 4728 639 3226 2628 4120 2287 3101 1810 3855 3469 4811 573 4561 1230 3939 2356 2252 3464 4087 4861 2964 4760 3821 1654 4617 1882 1995 4963 425 1928 1637 3808 4522 470 2876 3157 3532 1290 3341 1002 1459 2444 1837 3177 969 4893 3914 3398
3896 4203 1610 1732 2275 4314 3583 274 1203 2223 672 3206 4715 1998 4654 2225 1673 4372 4376 1547 3844 1718 1130 4952 764 684 4170 540 1452 1438 2871 2895 1693 2341 2532 4962 2775 326 1488 3242 959 3809 2710 4342 3185 3204 272 2133 3721 460 299 1475 3317 4003 217 2693 3629 4138 3833 1460 2333 3631 502 415 4420 4819 3238 3450 1287 3421 1157 4073 3169 1006 3864 729 4351 1800 3872 109 1311 3711 964 392 489 3110 2124 1255 3521 3749 92 4339 4060 3372 4295 4864 3997 1760 2962 1160 1693 4819 4894 3202 196 3392 4865 2964 415 2123 2557 2443 4080 3054 2966 807 3472 1815 339 2729
2154 3216 1527 1419 4891 1243 2666 3681 811 3575 3825 1830 3336 4654 4765 3803 1125 631 3536 42 3295 3251 1048 4202 67 523 2911 2809 4754 2626 2293 4729 2035 146 1349 126 960 4808 1458 2891 3147 4772 1667 122 2669 83 2343 2865 1789 4891 46 2370 4989 4082 588 36 4130 4943 765 2671 4375 4125 4822 990 4649 1669 3587 1671 515 3717 4053 3337 2751 4480 2167 4200 2674 396 3514 1939 145 1933 407 3651 1007 1319 2825 398 1163 4744 570 4352 4460 2850 2761 4352 3652 1171 1846 1325 3437 622 3894 1118 4668 1521 2732 4829 839 925 1844 426 4667 1417 2938 2090 4442 3717 2244 3953
1148 1441 4379 4540 1016 4959 401 1855 4915 2363 1718 3265 4753 2225 3803 3292 1384 1558 3583 1550 771 2568 4610 417 2241 1585 2442 978 2000 2027 3869 406 53 4780 397 1701 491 4610 1373 2738 4222 163 3048 381 206 3738 4972 2068 31 4575 4903 2286 1258 622 4114 276 4385 1680 4088 992 2631 1670 4873 3936 1790 4200 4656 812 1165 4309 4551 1014 260 3154 529 853 2203 1235 2289 4943 2986 3472 942 804 3061 3110 4120 2148 2121 159 1286 2611 4287 2422 4225 3974 676 550 3004 3790 1669 669 3425 47 4229 1365 1794 4716 920 4346 2529 2518 292 3667 4684 4378 2303 3085 504 4729
1465 3046 1818 1972 1686 287 3760 316 3734 3211 1624 2692 4073 1673 1125 1384 2926 2359 1270 1316 428 1476 520 1350 2568 3653 2510 4994 2072 1329 2504 1883 2650 1377 326 4672 4352 1214 2585 2387 3696 3447 1072 1799 3875 2829 1109 2310 912 3041 3211 3783 1476 657 132 3461 1517 3675 1794 2239 1060 4788 3707 4737 82 863 3573 748 1200 3796 4481 1213 4258 1865 825 3983 3641 3603 344 1576 1809 593 339 3391 1947 4814 2759 3224 2783 3454 3801 1646 2401 2851 3613 3685 4666 2728 3793 2758 1612 4193 3505 1867 2035 2259 488 2450 3758 1338 1224 2619 1226 344 4999 3041 1489 3422 2894 4395
3596 3286 3688 4295 570 4580 2471 2698 4084 1850 2405 2895 3552 4372 631 1558 2359 676 2122 3292 590 829 2489 3221 232 923 4648 1504 1954 4757 3952 2810 4552 1064 856 1430 33 2775 649 471 2622 1163 2948 514 1191 3668 3360 4085 257 284 1959 580 773 166 4809 114 3221 4844 2970 1187 4695 4688 2497 4695 105 4170 266 779 3610 2618 3996 4215 2901 1479 3454 1541 1518 966 170 2792 4283 3646 3258 4207 3913 39 2860 1595 4590 2965 2086 1134 4985 1638 4846 1336 3969 1810 2611 3968 3695 156 3493 4479 2620 414 1791 37 938 4902 376 2067 3857 4433 2946 3008 1160 2881 227 2403
2899 3214 3415 4556 1208 2408 2135 1767 2604 2097 3999 2651 3271 4376 3536 3583 1270 2122 1422 4814 1403 4131 4622 4398 2209 616 2249 3737 2373 2896 4618 478 4347 3998 1819 3329 3892 4515 216 3769 4788 2798 1061 3167 1655 3367 4304 377 112 303 3124 619 2160 3045 392 4560 2188 2592 3470 3642 2326 4525 3581 2676 934 4772 4940 4806 1647 2858 498 3369 4676 3624 1366 3775 618 2474 499 2232 3217 4018 3924 3395 973 576 1996 1889 3147 3360 1263 1298 4602 857 3980 1304 3795 3211 3783 577 2607 1465 3126 1812 1121 1853 3067 83 2957 4137 695 3869 3331 264 2031 4406 3001 3155 1754 3716
2281 1242 854 3501 2398 462 4407 2436 119 2790 2761 706 4334 1547 42 1550 1316 3292 4814 2157 1346 3887 1058 2300 1466 4491 3515 582 4851 4953 1309 3784 2538 2181 328 4023 2861 4614 4219 1054 432 3616 1038 274 3574 2648 2660 2327 4221 2424 3134 93 4407 4343 3592 3845 4896 3963 2008 4277 538 1154 682 374 4384 243 3217 3452 2458 1823 1148 4126 2292 463 3886 1315 3203 4298 1166 3289 1529 732 2916 499 403 4760 196 381 1215 4674 3323 2715 2862 3546 2772 2486 1578 1541 2594 4082 3962 3298 3591 1506 3765 318 3309 1867 755 120 3637 2064 1569 4632 1667 3124 2818 2295 4545 4538
447 891 4072 1560 4072 3322 3706 1368 257 4439 4237 1102 2244 3844 3295 771 428 590 1403 1346 2068 2272 1700 3393 4424 3433 605 1286 2896 2525 1760 990 4345 3290 3971 1658 3275 1713 1185 1630 2216 1544 4934 1854 3468 1147 261 2371 1972 401 3549 2473 1537 1397 1634 2159 235 4471 2816 3225 2511 4578 623 4079 2613 776 2938 3565 1178 4454 2632 2076 3884 189 4184 1868 4224 4742 4022 2431 1496 4310 861 1233 478 2816 2966 2069 2749 85 4426 3066 1869 1398 2793 2298 3714 760 3827 1445 2272 2660 937 4170 3462 3021 1569 2946 1066 4797 623 2996 1486 132 1859 58 4078 4403 2935 1759
722 435 44 4353 3930 2025 1558 1509 1924 4105 4927 4259 809 1718 3251 2568 1476 829 4131 3887 2272 2423 358 1993 17 1249 363 2143 3923 2214 2619 3777 3055 1427 1563 2943 3840 2074 4514 4053 991 3970 3664 1012 3337 2144 746 4833 3990 4199 193 3984 2641 2539 3720 3679 931 4983 884 2179 4008 670 3910 4571 1619 3336 353 471 985 4029 3697 3175 1322 589 3584 2306 2436 4463 3238 2089 567 832 2865 4888 4651 547 4754 2346 1059 2589 2723 1819 3269 1893 3636 2953 3490 2004 4094 4104 3004 1824 2852 4648 36 571 362 4947 984 2997 3759 1409 1165 232 1002 2570 145 306 84 3667
2215 340 4450 585 2735 4645 2519 749 652 4830 4904 2540 2471 1130 1048 4610 520 2489 4622 1058 1700 358 4779 3919 736 4624 1163 3094 171 2406 2037 2559 113 2170 589 2670 4036 1531 773 822 4885 434 1651 2774 463 4894 2131 1401 1848 1452 2977 4161 4666 2835 4007 770 2492 100 1642 4841 4374 854 1983 252 4387 4366 1606 1100 1715 2953 2973 22 1450 4621 1755 1902 1814 1273 3564 1453 932 3876 1282 2503 532 1532 4408 4390 4281 1300 1596 1619 2195 4503 89 3226 1753 3045 4640 2138 2446 4197 361 4809 793 4381 1674 4125 331 4315 3159 2878 4511 2239 1321 430 591 1891 2853 2086
1608 3823 2609 285 1000 691 260 2499 4822 3359 2462 892 3688 4952 4202 417 1350 3221 4398 2300 3393 1993 3919 1402 1461 542 305 4096 3512 45 4350 4913 4826 3181 4222 1865 1150 2132 991 1497 2810 3063 4061 398 961 2685 1269 1153 3794 850 3439 4199 2034 3743 4994 4913 3736 4622 4823 2182 921 868 3871 3731 2581 4230 1795 3953 354 2424 2337 2432 1541 3025 1214 4221 3590 948 3710 2803 2924 3058 3134 2472 1915 1731 596 4692 1329 1268 2916 1976 1653 1069 2470 1047 290 3737 1469 3605 626 659 487 3919 3309 2278 2810 2275 3221 2110 1432 4805 840 4321 2785 2709 3958 1407 2312 4984
445 84 4315 2258 4360 3968 1054 4725 218 4818 3391 1541 911 764 67 2241 2568 232 2209 1466 4424 17 736 1461 3084 1465 3969 1037 3631 4978 4531 3816 2218 3329 1192 361 1882 2779 4807 834 2303 3785 3667 2691 4377 3172 1092 2426 2415 317 4981 3450 774 506 4450 141 500 2749 3873 4541 4982 1098 3581 1551 3060 1156 1784 2664 4228 1850 3533 715 3463 3517 99 403 540 2210 446 567 553 4618 3209 2076 22 3191 2472 3570 4688 1891 4022 936 3157 2268 3507 4962 2790 2460 3725 4191 4601 3186 70 3654 2791 1955 4831 2712 4400 950 2019 2295 2841 118 3542 2162 2105 1022 2086 3271
1911 114 3316 4496 4882 1748 891 817 2708 3439 226 1863 1730 684 523 1585 3653 923 616 4491 3433 1249 4624 542 1465 4980 3554 824 2049 4443 3665 247 2816 3770 840 3787 4723 2873 509 902 3643 4515 1486 659 1623 2378 4883 2180 4346 4806 1946 4390 4805 4957 3511 1262 746 4250 830 1611 1135 1789 914 1737 4836 2252 4407 560 154 4324 2018 2583 4217 2997 2646 15 2017 3087 2857 3074 2100 3641 3821 1076 1467 4736 3963 3932 4479 722 2350 2632 2684 4098 2235 2285 4191 1218 4032 4762 4866 2607 212 3402 324 2943 1316 1874 3206 4576 3579 4871 3415 1463 1883 3881 2095 4080 3842 3665
4026 984 1049 1786 3126 1649 181 3282 1955 4827 2977 3232 4969 4170 2911 2442 2510 4648 2249 3515 605 363 1163 305 3969 3554 3655 2075 2099 1814 2548 4182 1366 1640 3432 3488 2838 2077 3101 3697 2369 202 3264 3990 1111 3503 3004 3104 2288 3567 410 4285 4410 4482 1588 1300 994 664 3940 2007 3049 1122 4310 4904 2199 1558 1744 4749 3781 2575 648 4940 2314 528 1249 1160 816 1315 478 2188 3345 4477 1816 3344 4947 524 3908 4382 1481 2341 4527 4189 4796 3973 360 240 1366 910 4074 3188 4895 3099 771 3090 3495 1693 1067 219 3378 3883 978 2439 2420 1351 1943 2811 89 2185 59 4751
325 665 3539 1610 698 2404 4813 3695 2056 2346 2379 2035 1623 540 2809 978 4994 1504 3737 582 1286 2143 3094 4096 1037 824 2075 2742 248 3317 204 79 3236 3952 4077 2458 138 4297 3560 2752 2131 3727 2729 446 2966 319 1857 2749 2636 3866 2582 3675 1335 1568 597 3367 784 566 1005 944 4164 4541 1330 3916 370 1318 4394 3461 3974 283 1034 4969 3235 2057 747 3256 4879 3802 4827 675 4976 914 2413 272 211 2255 1868 2703 4032 3616 1241 233 606 4819 3940 97 2733 3643 3365 2413 1846 1355 4213 4583 3932 4506 3953 4201 2101 1921 4379 2981 910 1375 3480 4147 1865 1291 2562 3525
2175 3079 2647 4060 3596 61 3322 1202 2952 2372 3359 3488 2857 1452 4754 2000 2072 1954 2373 4851 2896 3923 171 3512 3631 2049 2099 248 1835 4984 3470 4647 804 1479 4365 663 4332 4940 3339 1937 4712 147 4304 163 4942 2582 4093 1466 273 4921 4925 2004 2315 4176 1548 229 2204 4319 3854 3232 4714 2363 4792 2983 2486 1486 4130 4023 1703 2786 409 3873 3849 2390 1562 4211 248 332 3000 775 312 561 2071 4777 1536 2354 4111 2684 755 2638 3455 1577 2016 2785 3819 1241 4262 492 2751 3450 758 4890 277 4174 43 4783 2416 4885 3579 2004 4563 4838 3033 1661 3631 3802 3378 3408 2871 4443
4702 2142 2924 2923 3426 4696 519 2662 3450 3211 2854 2443 1780 1438 2626 2027 1329 4757 2896 4953 2525 2214 2406 45 4978 4443 1814 3317 4984 1965 2050 2494 1025 380 4300 3162 3309 1883 1004 4876 1575 2392 436 2691 1801 2581 2798 1043 2077 434 4459 909 743 2344 4940 4350 2786 4346 1050 1295 948 3284 1105 4656 737 728 3106 4942 4880 2692 4306 4390 4307 3821 2149 4713 1293 2626 2480 3527 706 504 3901 4057 4595 1163 1137 3744 4250 4973 3886 4746 296 4848 1324 1094 1811 4595 2413 4321 4700 4091 649 3692 3897 310 1422 1128 2696 1582 2047 1563 1206 4747 2559 4189 422 116 811 4242
1421 3909 3464 3232 1696 1045 4185 2004 2667 179 4594 292 24 2871 2293 3869 2504 3952 4618 1309 1760 2619 2037 4350 4531 3665 2548 204 3470 2050 4317 2497 2037 2317 1180 115 4101 3533 10 4635 2071 4489 4077 1075 52 2049 2238 3400 2872 4776 2104 3062 2828 4526 2287 798 98 1668 1880 2310 1976 3148 900 3893 3994 4190 3881 1842 2788 1739 2552 698 1425 654 4734 3769 875 2156 3543 3219 3808 3617 3273 797 1132 4529 3656 4274 4135 2736 2002 4299 2660 2204 768 2273 4710 2093 776 3176 44 1283 3697 401 3192 2889 2306 1632 4944 2120 4177 1910 4476 985 638 790 1994 4569 40 4678
4782 4532 3580 2112 2478 2118 2793 3516 1002 2364 4524 1607 2992 2895 4729 406 1883 2810 478 3784 990 3777 2559 4913 3816 247 4182 79 4647 2494 2497 3258 4083 314 3841 4849 4223 182 3809 1258 3645 2622 2518 3690 3933 2742 562 3738 2237 1264 755 1569 1650 3809 253 2689 3287 4456 2279 4068 4974 207 4859 977 595 3408 1061 3702 690 3655 4191 1221 4290 465 916 4320 252 2583 4482 4608 1226 4264 4097 4225 3008 3922 520 2516 2677 1843 3896 3787 2011 4515 2126 2819 4516 3864 3185 3572 2365 3397 1984 3752 2823 1573 1407 2306 1722 3877 3129 411 976 4631 2747 378 1772 2581 4328 1544
257 4607 829 2596 789 4369 565 80 352 1289 1547 408 1492 1693 2035 53 2650 4552 4347 2538 4345 3055 113 4826 2218 2816 1366 3236 804 1025 2037 4083 1683 3288 4274 450 4075 2295 1731 2468 381 3462 3726 1766 4499 4098 516 609 764 2581 602 1586 715 2238 1608 4126 4101 4059 3738 1014 3962 876 3310 575 3879 2776 4704 2142 1104 4393 2529 2959 4551 2924 3772 2828 2412 2502 3264 2026 1173 4160 2002 822 4192 2596 968 3556 3490 1584 1784 1025 4543 489 2793 2683 3389 230 2513 4174 4784 4140 1392 4233 1385 4337 208 1230 2803 2409 4820 3740 165 1916 4707 3108 3621 623 4127 1177
2029 3573 1027 1870 147 4242 3661 1541 4940 4670 3894 2711 3012 2341 146 4780 1377 1064 3998 2181 3290 1427 2170 3181 3329 3770 1640 3952 1479 380 2317 314 3288 2524 368 2258 2663 3366 2235 3859 2035 2426 4316 2022 4200 4211 990 471 4188 3929 44 4088 4770 2304 703 3519 348 2262 3040 3299 3900 4969 2507 4289 3219 479 3976 356 3915 2851 4076 2381 1856 4876 3523 929 2593 3263 2117 4348 935 4948 2499 2007 861 3357 1217 2735 474 3307 2051 1852 1300 2772 2266 2912 2113 4512 2985 287 1655 4968 277 1995 1697 2496 2482 4681 4034 1168 1386 4951 4134 1354 4089 4792 1085 1333 2583 1374
959 4872 4168 3231 1074 4513 2698 4276 2581 154 2895 3894 1099 2532 1349 397 326 856 1819 328 3971 1563 589 4222 1192 840 3432 4077 4365 4300 1180 3841 4274 368 4456 3998 1113 363 3990 4696 445 3700 2821 572 2377 551 4868 246 2494 4331 1939 2752 3330 3697 461 1034 1873 664 1989 2379 1126 4398 2502 1673 2256 1842 4900 2467 1746 2972 4971 1620 4235 3690 1440 797 1272 1608 4277 1516 2084 3177 4465 2083 2954 284 2179 3778 4471 1179 3946 1076 3309 3160 3341 2489 689 4959 4806 2104 2271 502 478 2527 1470 1020 2804 569 3111 3896 4362 129 2207 1589 3809 3624 4608 4751 4065 4943
249 1560 1125 1044 2411 1380 1944 1484 1120 2170 3858 3729 1689 4962 126 1701 4672 1430 3329 4023 1658 2943 2670 1865 361 3787 3488 2458 663 3162 115 4849 450 2258 3998 1679 3662 2487 3283 1269 4559 1861 3888 4925 905 1472 3927 4741 2070 1728 3393 3152 2575 4432 4084 1879 2336 4558 3293 4282 4461 4641 3473 3446 1527 4588 1919 4246 305 2481 4411 3648 4936 4016 2605 1812 2834 4406 1405 444 2119 179 2684 460 4869 1720 139 4497 2067 1223 1870 1298 738 33 397 2539 1116 1492 294 3297 309 4620 4671 197 4246 1641 412 1664 711 3227 2650 779 1659 4128 1257 2379 972 493 2483 78
2248 4478 4782 3855 4731 4114 2597 3368 3601 982 56 4612 3788 2775 960 491 4352 33 3892 2861 3275 3840 4036 1150 1882 4723 2838 138 4332 3309 4101 4223 4075 2663 1113 3662 4954 56 711 1187 4420 2780 1222 3637 1565 1253 49 4134 3157 2069 4253 1560 556 485 4776 4016 360 499 1252 424 191 2681 768 3400 4581 2064 2472 4520 1030 4000 4832 2047 3321 647 3437 224 4787 1032 4035 4913 458 1242 2944 2203 514 1545 1193 3495 2489 2566 1007 1307 4612 4938 1700 2875 547 3584 356 2261 4394 1947 706 767 4102 3082 1863 2918 3731 2340 1477 3407 1057 2880 4093 4769 3137 3322 4677 3272
2951 3211 4500 3819 1269 4089 207 406 3745 2032 2615 951 109 326 4808 4610 1214 2775 4515 4614 1713 2074 1531 2132 2779 2873 2077 4297 4940 1883 3533 182 2295 3366 363 2487 56 3904 2299 2550 2902 1886 3316 2287 3959 4032 3746 3569 2757 4688 4855 323 423 1057 2095 3297 2589 4680 2236 4632 3539 2218 4509 4889 2689 2089 4706 2177 56 290 4348 1083 3813 480 321 1662 2388 2729 2030 1190 4473 2398 3998 3560 715 3636 338 2859 4978 1017 1288 2108 27 1481 1858 940 3428 4665 4960 1855 2530 1837 878 2025 918 4502 2069 3012 2716 306 2290 1403 3181 2794 4075 1583 148 2034 4775 4453
1534 3761 2059 4724 53 410 2256 2490 2325 2614 3195 2956 1913 1488 1458 1373 2585 649 216 4219 1185 4514 773 991 4807 509 3101 3560 3339 1004 10 3809 1731 2235 3990 3283 711 2299 1114 2011 2775 1793 3117 1877 3355 18 3767 4501 978 485 4766 737 1797 2603 4425 831 1613 4268 2462 4680 1899 4742 4764 3608 4272 3374 3196 4705 373 3482 3947 606 3628 2169 1879 258 2008 1320 3034 2380 2035 3469 1680 699 2234 2345 1282 2380 4073 3197 4441 4601 4121 4150 1233 3435 2720 3712 3692 2284 346 1900 645 880 107 1385 2753 4157 1576 2925 3143 3169 4310 4375 137 2962 1044 1445 3798 1661
3987 3582 3960 4618 1324 4556 4457 2784 1444 2439 3359 2107 3170 3242 2891 2738 2387 471 3769 1054 1630 4053 822 1497 834 902 3697 2752 1937 4876 4635 1258 2468 3859 4696 1269 1187 2550 2011 4186 3478 3599 1141 2646 4730 2988 3734 2674 4776 1247 1538 3107 4368 2554 3079 896 3656 3687 3041 3622 3989 2213 1025 3365 1335 2069 3046 4308 1647 3698 1656 1316 4664 2776 293 1961 969 3616 4992 1121 4439 925 1724 1881 3385 97 4573 4377 3635 4998 2454 2173 4588 1262 952 859 2716 2939 3497 3144 3709 4581 2747 4403 1206 802 4971 2233 3764 1712 79 1518 1689 4190 2845 4851 3451 3524 1268 1449
228 4384 3135 2053 4688 2759 395 70 3453 3183 1251 4947 2740 959 3147 4222 3696 2622 4788 432 2216 991 4885 2810 2303 3643 2369 2131 4712 1575 2071 3645 381 2035 445 4559 4420 2902 2775 3478 4851 2421 1423 2800 2684 271 1429 3562 3827 135 2528 565 2767 4543 2450 1578 4704 710 657 3501 1562 4885 273 2383 198 617 3009 4932 4886 1645 976 2288 934 817 3702 3184 2426 1708 633 2377 1410 4722 4309 4677 3143 2537 1290 4529 2431 2961 4096 2650 3411 654 3945 4000 1625 1068 4588 2607 793 3016 3045 2082 2731 3752 2025 4432 709 1856 2520 4224 2947 833 2527 88 4661 3915 4854 4720
4617 3344 2692 234 3223 2289 3950 3531 1283 1755 1821 1246 1059 3809 4772 163 3447 1163 2798 3616 1544 3970 434 3063 3785 4515 202 3727 147 2392 4489 2622 3462 2426 3700 1861 2780 1886 1793 3599 2421 1979 2818 4565 1362 2505 1887 58 748 3855 2491 483 2469 414 379 2837 4551 1650 914 3175 4582 4183 3531 198 509 4411 2109 1438 2370 3867 4175 1676 617 3309 3794 4342 4172 4680 236 2634 2504 4487 2825 1153 4783 4710 4933 2178 705 1375 716 4487 1502 3778 585 3661 2402 2857 1111 90 2961 3272 1239 253 3978 4298 3618 1193 1318 4350 3167 4760 615 4140 3001 4567 2096 4950 2520 2859
1424 4896 2878 1437 4141 599 185 324 3965 4308 2136 1113 4996 2710 1667 3048 1072 2948 1061 1038 4934 3664 1651 4061 3667 1486 3264 2729 4304 436 4077 2518 3726 4316 2821 3888 1222 3316 3117 1141 1423 2818 4311 4841 2288 2704 1140 4547 376 3887 2700 2564 4389 1644 1674 853 1561 1604 2763 2686 3104 2590 1718 4870 3747 815 2916 4015 1367 1447 3542 2236 1109 64 2455 1613 4335 4629 531 1885 3917 3112 4942 3678 496 1496 4574 1596 3782 1671 3327 1062 3853 2145 1746 1261 3454 2726 3227 1895 4285 4779 937 847 2457 2177 2537 4067 3181 3028 2350 2046 62 251 1033 1525 1382 4397 2245 2703
2006 759 1642 2801 2797 2699 4301 18 3671 2604 748 4762 3998 4342 122 381 1799 514 3167 274 1854 1012 2774 398 2691 659 3990 446 163 2691 1075 3690 1766 2022 572 4925 3637 2287 1877 2646 2800 4565 4841 1388 2041 3040 2573 4863 2243 445 3789 3679 2182 3769 1219 4079 671 3068 4320 2864 4138 4336 3323 2621 49 306 4417 3221 534 3452 1253 2573 2948 1698 2411 3185 2632 1582 726 4869 2583 3473 369 54 4390 4443 3600 395 4697 4793 3087 280 4749 485 4285 4596 4185 3435 2350 835 3175 579 847 3188 1955 4185 952 1047 2117 3367 4262 4993 2374 2034 4250 1634 1752 724 3346 3073
2970 1806 1498 3235 1831 40 1835 3462 228 1303 1602 1829 4065 3185 2669 206 3875 1191 1655 3574 3468 3337 463 961 4377 1623 1111 2966 4942 1801 52 3933 4499 4200 2377 905 1565 3959 3355 4730 2684 1362 2288 2041 2034 357 379 1623 4259 3673 495 3500 1208 2422 3437 3642 4462 254 4734 3696 4918 3405 3945 292 2262 2711 2941 2162 4927 707 2330 3366 1207 1581 1430 2167 4719 2245 4454 1567 3061 102 4638 3034 4122 4276 3732 4254 2234 2615 2671 474 4415 1761 2088 3730 251 3484 4370 3007 2338 4778 2253 4599 730 1110 3607 2300 239 3655 4340 3387 801 4194 1791 2702 3445 138 3519 4483
2115 758 3002 3419 2817 4880 4851 154 1259 4497 4664 2836 2315 3204 83 3738 2829 3668 3367 2648 1147 2144 4894 2685 3172 2378 3503 319 2582 2581 2049 2742 4098 4211 551 1472 1253 4032 18 2988 271 2505 2704 3040 357 4337 3488 1029 4188 4035 1491 1692 4656 462 1974 4565 3293 3915 1241 196 836 3735 73 2475 4007 2321 3624 3185 3030 498 2753 1755 1037 2419 4214 3501 1701 2809 2070 2629 3831 626 4078 4191 4828 203 397 1740 4862 162 40 2619 4342 2725 2050 2495 3567 4081 518 2604 1602 1092 1293 560 298 2976 3847 123 3779 4482 4740 31 2133 4435 4960 4349 1842 3370 2439 1394
3923 3401 4541 2611 3403 2461 4538 1313 3414 3282 1248 3654 4202 272 2343 4972 1109 3360 4304 2660 261 746 2131 1269 1092 4883 3004 1857 4093 2798 2238 562 516 990 4868 3927 49 3746 3767 3734 1429 1887 1140 2573 379 3488 4904 3295 1633 1646 1924 4668 2856 3460 4423 1848 2172 2153 1842 801 2106 203 2033 432 2242 1894 2229 642 251 3050 3460 1443 2065 1122 3971 4724 769 2787 2497 2719 2848 4797 4308 2980 3506 4096 4923 4908 3307 387 1526 3675 296 3484 3328 3471 2693 946 3680 3282 3283 4815 3328 3967 927 3211 1924 918 4606 2462 3150 3378 2324 3565 3637 4711 4461 3525 756 4459
4340 241 3125 2006 725 1844 455 992 2987 604 2300 2532 178 2133 2865 2068 2310 4085 377 2327 2371 4833 1401 1153 2426 2180 3104 2749 1466 1043 3400 3738 609 471 246 4741 4134 3569 4501 2674 3562 58 4547 4863 1623 1029 3295 3547 222 3071 1150 1979 1032 1404 3045 2094 629 4973 1035 259 1135 4693 3928 4971 4778 4342 4198 4699 3594 2410 988 3421 2944 4807 3936 4445 559 320 1048 193 3703 4173 2595 4121 363 3411 4832 4080 3558 3022 3974 3542 4012 1653 500 890 3400 1862 2307 2097 2671 3330 530 379 1063 3386 41 4929 1244 4430 780 1506 2399 694 2812 959 4754 2184 3871 3496
3675 2245 242 3737 4834 2221 494 1265 147 39 2073 1487 1460 3721 1789 31 912 257 112 4221 1972 3990 1848 3794 2415 4346 2288 2636 273 2077 2872 2237 764 4188 2494 2070 3157 2757 978 4776 3827 748 376 2243 4259 4188 1633 222 1664 2611 1964 3569 1074 1294 4327 4698 2093 4384 1434 525 1189 193 4602 2329 4032 1252 4824 15 1128 343 1153 1763 3521 1411 1595 2309 1266 2834 251 4995 507 3670 2958 1806 4547 1608 2143 4972 2147 2046 4897 2710 967 2879 646 1371 2590 954 4303 4140 1927 3255 639 4559 2310 2563 2843 2747 772 4880 860 3247 3285 3491 4349 2184 2456 1704 2323 4479
2594 4780 1937 1627 4496 4830 2197 4753 4710 2942 1035 3879 1830 460 4891 4575 3041 284 303 2424 401 4199 1452 850 317 4806 3567 3866 4921 434 4776 1264 2581 3929 4331 1728 2069 4688 485 1247 135 3855 3887 445 3673 4035 1646 3071 2611 2005 4969 2974 4534 4506 957 3114 4736 4050 925 4653 4862 2442 4597 2138 1748 1926 3664 1713 437 3770 2633 398 4738 498 4496 869 1745 3820 1745 1037 4621 278 2053 2047 2950 2921 51 3398 1148 3568 4610 4960 1155 2451 215 3468 1284 1733 3370 4059 2267 501 636 1994 1296 2344 2074 1155 4563 2886 3433 1761 1525 3652 4030 2588 4715 748 2914 2442
1715 2619 2358 4804 2620 161 1950 624 3860 2863 4847 672 2905 299 46 4903 3211 1959 3124 3134 3549 193 2977 3439 4981 1946 410 2582 4925 4459 2104 755 602 44 1939 3393 4253 4855 4766 1538 2528 2491 2700 3789 495 1491 1924 1150 1964 4969 3984 364 2019 3032 2081 1933 3904 2222 1922 4892 570 993 4802 3241 2401 4056 4599 3387 3553 964 1881 3832 1907 4523 4042 4568 2943 2132 4679 1920 4018 955 2363 4862 1092 3252 2738 1010 4887 2634 1236 4579 2116 4866 2130 3666 3066 4525 3775 1531 534 1898 619 4616 2853 3351 40 879 2528 546 445 410 3610 778 2321 1096 4031 2850 948 296
3084 4988 3681 4925 2745 4936 1716 3203 4086 626 4923 581 1643 1475 2370 2286 3783 580 619 93 2473 3984 4161 4199 3450 4390 4285 3675 2004 909 3062 1569 1586 4088 2752 3152 1560 323 737 3107 565 483 2564 3679 3500 1692 4668 1979 3569 2974 364 1841 4248 756 3427 4907 862 2318 3984 1662 3251 187 3600 2097 1074 1378 3465 3409 397 3419 4993 3287 2894 902 4040 2366 1675 678 2340 4064 2341 4194 2745 3590 1102 82 374 949 3628 1178 832 4739 3102 2456 4779 4985 152 3519 2094 3729 3128 4488 1194 1107 2472 1873 4092 4105 2667 3037 772 3941 3850 2972 1527 4631 1100 831 1089 4397
3828 4748 3830 2528 1785 3339 1882 4944 1070 800 3841 4253 4436 3317 4989 1258 1476 773 2160 4407 1537 2641 4666 2034 774 4805 4410 1335 2315 743 2828 1650 715 4770 3330 2575 556 423 1797 4368 2767 2469 4389 2182 1208 4656 2856 1032 1074 4534 2019 4248 404 3364 4939 162 1567 2608 4753 106 4014 997 2083 4319 4181 4571 3700 690 3150 2993 2823 4122 4550 3489 488 2656 995 4459 278 2708 2853 3591 400 1803 1490 1256 1362 751 3300 2767 4895 1583 4983 2333 3595 2623 368 3645 3109 2216 1780 3496 2029 2833 1279 866 1955 3878 1600 3042 4986 3383 4369 285 4590 3034 1344 776 1594 3827
1169 3555 675 3647 3969 511 2966 3373 1375 877 1386 3165 4947 4003 4082 622 657 166 3045 4343 1397 2539 2835 3743 506 4957 4482 1568 4176 2344 4526 3809 2238 2304 3697 4432 485 1057 2603 2554 4543 414 1644 3769 2422 462 3460 1404 1294 4506 3032 756 3364 3027 640 1710 603 4503 4921 3446 853 3475 3650 1991 3675 4968 4261 3369 4665 2785 4266 3391 1663 443 2663 2505 4479 3151 799 1809 2480 2167 729 1652 2331 3010 2385 4070 4792 4417 4312 1320 3189 614 4925 1656 3296 1604 4929 3607 308 462 1425 1353 3894 2401 2714 3645 1353 2898 3904 3207 3501 3919 3852 3177 761 2569 1297 4153
3002 115 1550 269 1730 3277 4102 2547 1311 1993 2188 3534 3790 217 588 4114 132 4809 392 3592 1634 3720 4007 4994 4450 3511 1588 597 1548 4940 2287 253 1608 703 461 4084 4776 2095 4425 3079 2450 379 1674 1219 3437 1974 4423 3045 4327 957 2081 3427 4939 640 1904 4988 1905 2293 1101 3985 1746 1720 955 2993 525 334 1950 3224 133 2734 3914 358 4179 1637 393 297 2506 1142 2571 3185 573 4863 1228 4336 3615 4573 3692 1951 1091 2286 1305 4179 2521 3508 3726 3080 147 724 4910 277 2470 4022 1672 3237 1718 647 689 1989 1064 4897 983 3041 2273 632 608 4144 45 1217 2122 1956
1644 3997 4936 3078 4094 3133 3672 3196 2244 2410 1718 1597 4985 2693 36 276 3461 114 4560 3845 2159 3679 770 4913 141 1262 1300 3367 229 4350 798 2689 4126 3519 1034 1879 4016 3297 831 896 1578 2837 853 4079 3642 4565 1848 2094 4698 3114 1933 4907 162 1710 4988 16 4577 278 1561 1752 1520 293 4828 1981 2656 2681 311 2550 1857 4836 1325 134 968 3966 4520 802 246 4426 3963 331 525 3816 1798 4505 2339 3864 3302 2903 3529 971 3318 1233 196 2904 2734 1476 3950 3216 1449 3218 4674 2124 495 4978 10 2264 2278 4001 206 2998 4667 3205 1692 2440 4706 3715 221 4649 1022 2325
3165 3045 1916 3524 1707 4095 501 4627 2016 2894 1897 1704 717 3629 4130 4385 1517 3221 2188 4896 235 931 2492 3736 500 746 994 784 2204 2786 98 3287 4101 348 1873 2336 360 2589 1613 3656 4704 4551 1561 671 4462 3293 2172 629 2093 4736 3904 862 1567 603 1905 4577 3836 1745 3000 1712 412 2177 1901 3440 579 3862 3741 4090 3116 2325 2283 1458 2303 1310 1675 3902 3959 4118 2364 4949 3212 4411 509 3724 601 489 1888 4735 2833 3082 3400 335 1688 2370 1577 3361 4471 4304 1684 3702 370 4754 2300 4386 4417 1806 1311 3672 3820 2598 4561 4766 2277 2186 1223 4263 138 482 4741 4539
1328 3738 4664 458 4892 212 2436 3028 3617 3137 3436 3078 2216 4138 4943 1680 3675 4844 2592 3963 4471 4983 100 4622 2749 4250 664 566 4319 4346 1668 4456 4059 2262 664 4558 499 4680 4268 3687 710 1650 1604 3068 254 3915 2153 4973 4384 4050 2222 2318 2608 4503 2293 278 1745 1473 4183 1713 2775 969 4873 94 2583 11 3620 1536 3596 2601 514 2806 2853 1763 4941 3048 4054 2325 386 1878 1333 1539 127 3638 4436 4195 4113 1796 4911 4150 2500 399 1244 3714 95 617 2194 2451 4649 4742 2547 406 739 3988 291 2283 4995 4625 1547 4235 4666 4847 4079 4485 4074 4698 682 3598 4876 4674
933 1992 4549 758 2129 1872 1377 3578 3959 641 1069 3788 384 3833 765 4088 1794 2970 3470 2008 2816 884 1642 4823 3873 830 3940 1005 3854 1050 1880 2279 3738 3040 1989 3293 1252 2236 2462 3041 657 914 2763 4320 4734 1241 1842 1035 1434 925 1922 3984 4753 4921 1101 1561 3000 4183 2184 301 855 904 696 4793 1726 2335 287 4542 1684 3394 3154 2388 991 4773 2412 3493 2791 630 4002 3771 3536 4972 4353 2673 927 4695 1360 1038 4095 755 2741 3102 4114 1914 1360 2251 3163 4088 4076 1489 4864 640 2139 1027 2474 2500 3844 251 2651 999 4174 1212 325 4756 3201 4764 2031 1048 4270 2392
1949 3385 4896 1013 3844 2098 556 2156 3818 1526 4045 3551 4724 1460 2671 992 2239 1187 3642 4277 3225 2179 4841 2182 4541 1611 2007 944 3232 1295 2310 4068 1014 3299 2379 4282 424 4632 4680 3622 3501 3175 2686 2864 3696 196 801 259 525 4653 4892 1662 106 3446 3985 1752 1712 1713 301 4037 3198 1424 3747 2820 2369 1374 4094 3532 2078 4987 3220 3912 2774 1742 3914 860 416 1019 1947 3026 1742 664 3333 195 68 4768 3404 1061 4580 2956 4697 247 4431 923 2211 1412 4572 482 4689 4917 1367 3687 4114 312 1976 1459 3157 1712 4078 3493 4006 417 2050 4860 2993 1947 415 910 1460 3834
2982 343 2239 4032 4932 142 3569 1719 549 2848 3809 342 3102 2333 4375 2631 1060 4695 2326 538 2511 4008 4374 921 4982 1135 3049 4164 4714 948 1976 4974 3962 3900 1126 4461 191 3539 1899 3989 1562 4582 3104 4138 4918 836 2106 1135 1189 4862 570 3251 4014 853 1746 1520 412 2775 855 3198 931 2876 3166 1880 2663 3408 3781 1853 2040 4385 4126 4492 3628 296 135 1493 2755 3588 3955 4141 789 506 2783 2027 2009 225 2237 2226 3550 2130 3095 1862 4096 478 3559 3611 3876 4214 1202 3921 1260 1440 2153 2038 448 2482 478 634 3430 2316 472 1897 714 222 4271 1529 738 390 2528 1957
3823 860 1548 445 4750 4094 3370 4591 4894 4910 4181 1688 2898 3631 4125 1670 4788 4688 4525 1154 4578 670 854 868 1098 1789 1122 4541 2363 3284 3148 207 876 4969 4398 4641 2681 2218 4742 2213 4885 4183 2590 4336 3405 3735 203 4693 193 2442 993 187 997 3475 1720 293 2177 969 904 1424 2876 1215 3050 795 1407 1902 2532 3705 230 352 3099 195 355 2600 4344 2471 3740 2448 1091 4338 607 183 4918 760 637 1896 694 2945 962 271 4718 2245 2375 3521 3362 3230 4577 2377 298 2584 1737 4680 3228 2653 1109 3822 3490 4147 3419 2522 2636 3038 2283 2442 1360 605 3638 4703 4792 2422
1411 893 3102 726 3319 3640 3975 4581 1054 2969 3280 2173 2912 502 4822 4873 3707 2497 3581 682 623 3910 1983 3871 3581 914 4310 1330 4792 1105 900 4859 3310 2507 2502 3473 768 4509 4764 1025 273 3531 1718 3323 3945 73 2033 3928 4602 4597 4802 3600 2083 3650 955 4828 1901 4873 696 3747 3166 3050 3368 1102 3344 533 4673 4084 3409 2730 1469 276 4114 2071 142 319 1400 3049 4324 4200 342 1661 673 1159 2945 2399 2283 2659 1195 811 1594 1595 2925 1016 3701 1210 2624 4627 1520 1109 2652 4814 2244 4110 4440 3509 3407 995 451 202 1075 2935 3361 4966 13 3008 3431 2090 99 4630
380 176 2760 4083 4319 1039 2288 1911 2270 2935 1163 2915 47 415 990 3936 4737 4695 2676 374 4079 4571 252 3731 1551 1737 4904 3916 2983 4656 3893 977 575 4289 1673 3446 3400 4889 3608 3365 2383 198 4870 2621 292 2475 432 4971 2329 2138 3241 2097 4319 1991 2993 1981 3440 94 4793 2820 1880 795 1102 1758 363 2899 148 1344 3401 1784 4714 322 1459 3579 4720 930 3558 1629 2294 506 1030 2088 1822 1033 4525 4163 2825 1845 319 2547 4194 491 782 3593 2413 2204 3540 4918 4697 3192 1973 918 639 444 498 1825 3006 555 4471 4206 1027 3655 4722 900 1464 919 576 1825 502 1261
3735 4614 384 1919 3698 1701 561 3114 1485 4297 2108 433 2304 4420 4649 1790 82 105 934 4384 2613 1619 4387 2581 3060 4836 2199 370 2486 737 3994 595 3879 3219 2256 1527 4581 2689 4272 1335 198 509 3747 49 2262 4007 2242 4778 4032 1748 2401 1074 4181 3675 525 2656 579 2583 1726 2369 2663 1407 3344 363 63 1423 986 2907 202 2169 2632 3217 475 2340 4751 3980 4034 794 4088 458 3422 579 4072 2774 1159 1045 1677 1944 2455 647 4021 450 291 3201 3208 951 4428 3510 3081 3417 4360 2123 900 3239 3367 1096 247 402 528 1588 1768 760 1350 3494 1085 1012 4694 3867 3764 1220
2429 2173 2768 1945 48 4209 2481 1087 4640 4701 2082 2283 4021 4819 1669 4200 863 4170 4772 243 776 3336 4366 4230 1156 2252 1558 1318 1486 728 4190 3408 2776 479 1842 4588 2064 2089 3374 2069 617 4411 815 306 2711 2321 1894 4342 1252 1926 4056 1378 4571 4968 334 2681 3862 11 2335 1374 3408 1902 533 2899 1423 289 4571 1583 3018 4474 3565 3031 2679 714 1436 2935 2710 1874 239 4129 810 4916 1833 3507 942 3956 490 3979 4581 4618 1665 2365 4580 2162 3380 1187 1545 2637 502 2392 2139 4599 4047 536 1560 3162 1963 1543 2560 755 398 778 4406 3512 4197 1188 4968 102 1981 3961
4422 2436 2861 2313 4535 2125 1539 292 3828 659 1704 4634 3393 3238 3587 4656 3573 266 4940 3217 2938 353 1606 1795 1784 4407 1744 4394 4130 3106 3881 1061 4704 3976 4900 1919 2472 4706 3196 3046 3009 2109 2916 4417 2941 3624 2229 4198 4824 3664 4599 3465 3700 4261 1950 311 3741 3620 287 4094 3781 2532 4673 148 986 4571 2825 715 3151 3431 1915 2600 2186 2897 3537 4811 1511 2344 2806 2606 4519 4595 1943 3773 2527 821 4071 87 2115 4332 1642 3138 1119 1799 1384 325 223 4636 1504 2643 4777 4612 2229 2563 642 79 1169 2452 2205 3211 1713 310 1700 4896 3865 4062 1568 2561 4031 1444
859 2307 4397 2651 3718 3675 1944 2281 3741 1682 4550 2326 834 3450 1671 812 748 779 4806 3452 3565 471 1100 3953 2664 560 4749 3461 4023 4942 1842 3702 2142 356 2467 4246 4520 2177 4705 4308 4932 1438 4015 3221 2162 3185 642 4699 15 1713 3387 3409 690 3369 3224 2550 4090 1536 4542 3532 1853 3705 4084 1344 2907 1583 715 2207 2435 3299 2120 355 1482 3684 2984 2577 4059 3882 148 1192 4269 4865 172 254 1285 722 2098 311 4806 4765 1823 723 2972 4450 4816 304 1543 1947 4487 751 551 2876 3260 4605 3469 3961 4199 1808 2187 2515 3883 1877 4867 2434 2337 4046 4920 4963 4085 1987
1054 2949 2310 3265 573 258 4003 4718 2017 266 1023 4875 4308 1287 515 1165 1200 3610 1647 2458 1178 985 1715 354 4228 154 3781 3974 1703 4880 2788 690 1104 3915 1746 305 1030 56 373 1647 4886 2370 1367 534 4927 3030 251 3594 1128 437 3553 397 3150 4665 133 1857 3116 3596 1684 2078 2040 230 3409 3401 202 3018 3151 2435 3221 1886 4161 2875 3028 1371 2577 2174 3256 2035 4449 4289 895 2957 1961 4179 4652 2732 2539 4210 2939 962 1773 4109 4930 1957 3778 2987 1872 3976 4697 1062 174 2780 1029 1128 4428 3700 1935 1315 180 3508 1397 101 570 2514 2295 3307 252 47 4170 2618
1015 1185 3507 1909 2337 2655 4102 3306 1617 2484 4699 1005 4049 3421 3717 4309 3796 2618 2858 1823 4454 4029 2953 2424 1850 4324 2575 283 2786 2692 1739 3655 4393 2851 2972 2481 4000 290 3482 3698 1645 3867 1447 3452 707 498 3050 2410 343 3770 964 3419 2993 2785 2734 4836 2325 2601 3394 4987 4385 352 2730 1784 2169 4474 3431 3299 1886 2014 2060 4689 790 1840 2245 441 4216 1687 3770 4074 1541 3984 4985 61 3910 716 853 4566 2485 185 2569 1257 3109 2517 671 2806 587 2411 3614 4044 99 1701 2850 1812 1801 3559 528 3026 3704 27 231 2853 828 4207 995 3721 1970 4757 214 1954
4240 4289 3312 1311 2764 657 4857 4009 3969 677 2663 2611 751 1157 4053 4551 4481 3996 498 1148 2632 3697 2973 2337 3533 2018 648 1034 409 4306 2552 4191 2529 4076 4971 4411 4832 4348 3947 1656 976 4175 3542 1253 2330 2753 3460 988 1153 2633 1881 4993 2823 4266 3914 1325 2283 514 3154 3220 4126 3099 1469 4714 2632 3565 1915 2120 4161 2060 1340 1489 4031 4827 1764 1682 4574 2143 2177 3459 3234 2661 1986 1210 2411 1168 3954 3245 1305 4101 4523 2681 2822 520 4091 1179 3202 2070 4224 3945 346 2468 3148 4526 3601 3971 2385 636 2267 1722 3033 1607 1985 2322 3404 4887 421 4947 2133 4671
1313 3165 1284 89 4946 2723 2213 801 4724 2168 3261 1026 3490 4073 3337 1014 1213 4215 3369 4126 2076 3175 22 2432 715 2583 4940 4969 3873 4390 698 1221 2959 2381 1620 3648 2047 1083 606 1316 2288 1676 2236 2573 3366 1755 1443 3421 1763 398 3832 3287 4122 3391 358 134 1458 2806 2388 3912 4492 195 276 322 3217 3031 2600 355 2875 4689 1489 325 3742 223 4515 2767 2434 3368 2281 2928 1548 2465 1888 4554 3421 4337 1829 3959 2250 4142 2466 1097 795 2371 146 46 2604 269 2805 1238 477 3522 1477 1126 1970 4003 3164 1270 4812 520 885 4590 3468 4076 275 3125 935 104 2649 951
3872 3728 1982 18 196 3542 2984 2249 512 4525 4580 4023 4728 3169 2751 260 4258 2901 4676 2292 3884 1322 1450 1541 3463 4217 2314 3235 3849 4307 1425 4290 4551 1856 4235 4936 3321 3813 3628 4664 934 617 1109 2948 1207 1037 2065 2944 3521 4738 1907 2894 4550 1663 4179 968 2303 2853 991 2774 3628 355 4114 1459 475 2679 2186 1482 3028 790 4031 3742 4244 4427 2606 1626 633 4924 1218 3857 368 2829 3494 4598 4224 3952 2098 941 4996 4577 2613 1034 4332 2558 4358 4016 2548 1685 4340 4910 2130 1539 1579 2745 2754 1943 1654 132 4307 2640 2713 1110 4101 932 4651 1622 1437 2471 3891 610
22 267 3729 458 2772 408 1970 2526 1412 4328 4993 2361 639 1006 4480 3154 1865 1479 3624 463 189 589 4621 3025 3517 2997 528 2057 2390 3821 654 465 2924 4876 3690 4016 647 480 2169 2776 817 3309 64 1698 1581 2419 1122 4807 1411 498 4523 902 3489 443 1637 3966 1310 1763 4773 1742 296 2600 2071 3579 2340 714 2897 3684 1371 1840 4827 223 4427 147 4075 1110 2884 905 119 434 4572 3930 233 1702 4430 1707 4601 1207 3680 3490 2164 2822 4683 3007 1860 833 3096 3874 2468 1564 2270 3991 2028 4922 1155 4521 4106 4495 3582 3353 355 1062 249 19 4913 2255 4045 2517 469 2655
4467 3155 2675 2321 969 2398 3920 3273 50 2144 4603 2468 3226 3864 2167 529 825 3454 1366 3886 4184 3584 1755 1214 99 2646 1249 747 1562 2149 4734 916 3772 3523 1440 2605 3437 321 1879 293 3702 3794 2455 2411 1430 4214 3971 3936 1595 4496 4042 4040 488 2663 393 4520 1675 4941 2412 3914 135 4344 142 4720 4751 1436 3537 2984 2577 2245 1764 4515 2606 4075 2311 4098 4144 4884 1240 3396 3326 4665 4727 2736 3621 2752 192 1449 1478 4232 1362 1021 2012 3151 2460 2324 700 2970 1754 44 698 873 4601 3257 2324 4928 2300 3890 268 3309 4622 3855 4758 4473 2413 594 4078 3868 71 2572
2803 2004 1908 2091 2353 3219 1133 2758 4397 2476 1265 3512 2628 729 4200 853 3983 1541 3775 1315 1868 2306 1902 4221 403 15 1160 3256 4211 4713 3769 4320 2828 929 797 1812 224 1662 258 1961 3184 4342 1613 3185 2167 3501 4724 4445 2309 869 4568 2366 2656 2505 297 802 3902 3048 3493 860 1493 2471 319 930 3980 2935 4811 2577 2174 441 1682 2767 1626 1110 4098 3742 4754 824 3221 4884 4261 169 2862 1049 2050 2994 3179 60 4905 853 881 1583 1433 2935 839 1578 3059 4794 4278 128 4077 265 1166 749 2574 1186 733 1992 4365 2824 3485 897 359 2878 561 123 3229 4435 4613 1345
1631 1800 4508 1032 1276 3217 3406 2503 2810 1616 4220 1311 4120 4351 2674 2203 3641 1518 618 3203 4224 2436 1814 3590 540 2017 816 4879 248 1293 875 252 2412 2593 1272 2834 4787 2388 2008 969 2426 4172 4335 2632 4719 1701 769 559 1266 1745 2943 1675 995 4479 2506 246 3959 4054 2791 416 2755 3740 1400 3558 4034 2710 1511 4059 3256 4216 4574 2434 633 2884 4144 4754 4870 4354 3907 1821 4875 4797 364 3235 4265 832 2609 2991 1256 1034 621 481 2164 4071 1600 664 2550 4967 993 2505 2598 4172 306 2209 3480 3502 4706 2265 3997 670 430 2567 535 3509 3847 47 4254 3045 2243 19
1533 27 3541 2600 4833 3576 1424 1630 3501 4053 4765 650 2287 1800 396 1235 3603 966 2474 4298 4742 4463 1273 948 2210 3087 1315 3802 332 2626 2156 2583 2502 3263 1608 4406 1032 2729 1320 3616 1708 4680 4629 1582 2245 2809 2787 320 2834 3820 2132 678 4459 3151 1142 4426 4118 2325 630 1019 3588 2448 3049 1629 794 1874 2344 3882 2035 1687 2143 3368 4924 905 4884 824 4354 3286 1618 4045 1219 1982 2227 2730 110 498 2147 605 903 1538 4340 744 1872 1568 3516 778 2154 1220 3000 2320 4581 4787 811 301 2240 3641 1275 1760 1291 432 1649 4300 4039 3705 2464 1853 2927 3276 3210 4893
1833 1081 3833 69 4381 4418 4364 2837 1372 1937 4205 4416 3101 3872 3514 2289 344 170 499 1166 4022 3238 3564 3710 446 2857 478 4827 3000 2480 3543 4482 3264 2117 4277 1405 4035 2030 3034 4992 633 236 531 726 4454 2070 2497 1048 251 1745 4679 2340 278 799 2571 3963 2364 386 4002 1947 3955 1091 4324 2294 4088 239 2806 148 4449 3770 2177 2281 1218 119 1240 3221 3907 1618 1776 698 877 81 4979 2510 4002 2388 2041 692 2693 500 4164 654 3555 4865 35 2842 1154 2089 1531 1224 478 2666 320 3135 3846 2766 4517 4553 2374 3662 1866 4687 724 1977 3323 4076 4576 4209 3431 441
4077 2113 4957 180 4487 496 2172 1651 2720 1476 724 3114 1810 109 1939 4943 1576 2792 2232 3289 2431 2089 1453 2803 567 3074 2188 675 775 3527 3219 4608 2026 4348 1516 444 4913 1190 2380 1121 2377 2634 1885 4869 1567 2629 2719 193 4995 1037 1920 4064 2708 1809 3185 331 4949 1878 3771 3026 4141 4338 4200 506 458 4129 2606 1192 4289 4074 3459 2928 3857 434 3396 4884 1821 4045 698 1579 1250 3283 2161 4324 2753 1535 2008 4427 4252 4775 3228 3485 144 748 2291 2277 82 4351 4317 2099 2912 3527 1368 325 255 2709 2244 1965 4986 1912 2254 3047 4069 3160 2779 3603 4320 1870 2686 1935
2772 799 1321 3713 3873 1264 160 908 514 2011 3757 1144 3855 1311 145 2986 1809 4283 3217 1529 1496 567 932 2924 553 2100 3345 4976 312 706 3808 1226 1173 935 2084 2119 458 4473 2035 4439 1410 2504 3917 2583 3061 3831 2848 3703 507 4621 4018 2341 2853 2480 573 525 3212 1333 3536 1742 789 607 342 1030 3422 810 4519 4269 895 1541 3234 1548 368 4572 3326 4261 4875 1219 877 1250 3775 2640 2292 4680 2747 2430 1053 1632 409 803 542 2829 597 1962 1092 2000 2442 3890 2145 4191 4498 3602 842 1076 231 3552 4725 435 625 4490 2946 4067 3134 2932 473 784 897 11 3362 4249
4675 2498 839 1463 4765 615 3487 1477 1099 414 4511 2771 3469 3711 1933 3472 593 3646 4018 732 4310 832 3876 3058 4618 3641 4477 914 561 504 3617 4264 4160 4948 3177 179 1242 2398 3469 925 4722 4487 3112 3473 102 626 4797 4173 3670 278 955 4194 3591 2167 4863 3816 4411 1539 4972 664 506 183 1661 2088 579 4916 4595 4865 2957 3984 2661 2465 2829 3930 4665 169 4797 1982 81 3283 2640 1724 700 2525 3321 159 4395 4996 4587 2027 4441 3653 908 3607 4732 4902 3929 921 4100 2193 4811 795 3435 2034 3537 1996 2660 4842 2815 3835 3656 1336 2716 112 3529 2137 851 2879 1921 3088
1328 4123 2729 4848 1346 1392 1861 4236 3407 746 2442 3521 4811 964 407 942 339 3258 3924 2916 861 2865 1282 3134 3209 3821 1816 2413 2071 3901 3273 4097 2002 2499 4465 2684 2944 3998 1680 1724 4309 2825 4942 369 4638 4078 4308 2595 2958 2053 2363 2745 400 729 1228 1798 509 127 4353 3333 2783 4918 673 1822 4072 1833 1943 172 1961 4985 1986 1888 3494 233 4727 2862 364 2227 4979 2161 2292 700 134 1690 3383 2538 3075 2234 1130 1821 2699 928 2279 2198 2289 3751 1504 3293 4284 1520 2292 2132 4454 1108 3267 2555 3125 4243 4297 1664 2856 633 1016 4664 1161 872 3295 1374 1916 3280
2299 4380 4162 3265 640 2866 964 4515 3408 2216 1275 3589 573 392 3651 804 3391 4207 3395 499 1233 4888 2503 2472 2076 1076 3344 272 4777 4057 797 4225 822 2007 2083 460 2203 3560 699 1881 4677 1153 3678 54 3034 4191 2980 4121 1806 2047 4862 3590 1803 1652 4336 4505 3724 3638 2673 195 2027 760 1159 1033 2774 3507 3773 254 4179 61 1210 4554 4598 1702 2736 1049 3235 2730 2510 4324 4680 2525 1690 1382 1255 4509 1912 806 4032 1039 2408 1884 3450 3214 3371 2054 287 1530 3678 242 452 123 1019 1988 3266 360 2591 4105 2473 326 502 4952 2970 2551 4362 441 3306 4134 3131 998
1993 680 4881 4239 2323 1441 2291 1539 3911 815 3548 2800 4561 489 1007 3061 1947 3913 973 403 478 4651 532 1915 22 1467 4947 211 1536 4595 1132 3008 4192 861 2954 4869 514 715 2234 3385 3143 4783 496 4390 4122 4828 3506 363 4547 2950 1092 1102 1490 2331 3615 2339 601 4436 927 68 2009 637 2945 4525 1159 942 2527 1285 4652 3910 2411 3421 4224 4430 3621 2050 4265 110 4002 2753 2747 3321 3383 1255 3017 3522 4002 774 4471 3086 189 2666 4105 333 3766 274 1596 202 1291 1706 2135 3202 110 2313 1597 2518 2616 2882 1337 930 2658 3695 644 3284 3051 1980 3822 15 1134 2223
409 3311 91 4111 4176 1577 161 492 2104 2612 692 1854 1230 3110 1319 3110 4814 39 576 4760 2816 547 1532 1731 3191 4736 524 2255 2354 1163 4529 3922 2596 3357 284 1720 1545 3636 2345 97 2537 4710 1496 4443 4276 203 4096 3411 1608 2921 3252 82 1256 3010 4573 3864 489 4195 4695 4768 225 1896 2399 4163 1045 3956 821 722 2732 716 1168 4337 3952 1707 2752 2994 832 498 2388 1535 2430 159 2538 4509 3522 858 2180 4214 620 2646 1813 4999 4697 4782 1469 378 510 3773 4686 3736 878 2023 1432 1999 3748 1002 1057 4409 4531 2018 544 4356 2029 3609 3101 281 2604 3347 3003 2006
525 1670 3097 1883 2458 2921 4489 4902 212 1105 2517 1766 3939 2124 2825 4120 2759 2860 1996 196 2966 4754 4408 596 2472 3963 3908 1868 4111 1137 3656 520 968 1217 2179 139 1193 338 1282 4573 1290 4933 4574 3600 3732 397 4923 4832 2143 51 2738 374 1362 2385 3692 3302 1888 4113 1360 3404 2237 694 2283 2825 1677 490 4071 2098 2539 853 3954 1829 2098 4601 192 3179 2609 2147 2041 2008 1053 4395 3075 1912 4002 2180 2421 3548 2392 4824 863 1958 3401 4794 430 627 2792 2733 382 3812 2859 2728 3407 3559 1576 3287 2804 3530 2480 2303 2567 2688 3772 4904 1061 326 4847 2200 3506 3066
913 110 1701 4856 1926 3375 4713 2426 1161 4482 12 1842 2356 1255 398 2148 3224 1595 1889 381 2069 2346 4390 4692 3570 3932 4382 2703 2684 3744 4274 2516 3556 2735 3778 4497 3495 2859 2380 4377 4529 2178 1596 395 4254 1740 4908 4080 4972 3398 1010 949 751 4070 1951 2903 4735 1796 1038 1061 2226 2945 2659 1845 1944 3979 87 311 4210 4566 3245 3959 941 1207 1449 60 2991 605 692 4427 1632 4996 2234 806 774 4214 3548 4753 2221 1120 2457 2432 4258 3698 716 2454 4288 1558 4835 2992 2677 2869 2418 2659 4600 1853 768 2443 83 1333 4753 2051 4882 3928 2379 2779 1896 1995 1536 4842
1233 895 3025 845 2530 949 160 3978 4593 2445 3282 1628 2252 3521 1163 2121 2783 4590 3147 1215 2749 1059 4281 1329 4688 4479 1481 4032 755 4250 4135 2677 3490 474 4471 2067 2489 4978 4073 3635 2431 705 3782 4697 2234 4862 3307 3558 2147 1148 4887 3628 3300 4792 1091 3529 2833 4911 4095 4580 3550 962 1195 319 2455 4581 2115 4806 2939 2485 1305 2250 4996 3680 1478 4905 1256 903 2693 4252 409 4587 1130 4032 4471 620 2392 2221 934 4038 1468 2395 3828 4629 455 759 935 406 106 1229 4582 3769 234 1616 405 4985 2252 1743 3764 1910 178 3807 2507 555 2648 4162 718 16 2999 1148
3448 4026 906 2774 3377 3957 3029 3492 1921 4714 4070 4528 3464 3749 4744 159 3454 2965 3360 4674 85 2589 1300 1268 1891 722 2341 3616 2638 4973 2736 1843 1584 3307 1179 1223 2566 1017 3197 4998 2961 1375 1671 4793 2615 162 387 3022 2046 3568 2634 1178 2767 4417 2286 971 3082 4150 755 2956 2130 271 811 2547 647 4618 4332 4765 962 185 4101 4142 4577 3490 4232 853 1034 1538 500 4775 803 2027 1821 1039 3086 2646 4824 1120 4038 3491 2019 3941 1710 4350 94 2252 2704 2096 4314 4817 2694 4582 2638 4164 4225 1546 1913 3486 3696 1058 1314 3492 2314 3043 2280 4151 3726 1186 2206 3379
2490 1433 1035 2073 3112 3293 1451 4014 821 727 4548 1893 4087 92 570 1286 3801 2086 1263 3323 4426 2723 1596 2916 4022 2350 4527 1241 3455 3886 2002 3896 1784 2051 3946 1870 1007 1288 4441 2454 4096 716 3327 3087 2671 40 1526 3974 4897 4610 1236 832 4895 4312 1305 3318 3400 2500 2741 4697 3095 4718 1594 4194 4021 1665 1642 1823 1773 2569 4523 2466 2613 2164 1362 881 621 4340 4164 3228 542 4441 2699 2408 189 1813 863 2457 1468 2019 4952 4805 1749 1221 24 1007 1227 1439 266 2205 4326 2308 1531 3011 163 2255 1198 1962 3834 2882 3022 4462 4807 4686 3060 1084 463 1503 2516 2708
1801 78 189 1548 3539 1745 2387 1314 593 3473 4663 3589 4861 4339 4352 2611 1646 1134 1298 2715 3066 1819 1619 1976 936 2632 4189 233 1577 4746 4299 3787 1025 1852 1076 1298 1307 2108 4601 2173 2650 4487 1062 280 474 2619 3675 3542 2710 4960 4579 4739 1583 1320 4179 1233 335 399 3102 247 1862 2245 1595 491 450 2365 3138 723 4109 1257 2681 1097 1034 2822 1021 1583 481 744 654 3485 2829 3653 928 1884 2666 4999 1958 2432 2395 3941 4805 173 3126 3846 871 3200 1468 322 3147 2228 1395 3765 4116 3275 979 1598 3741 691 1495 1047 4802 1167 4755 3515 2505 1224 4554 4104 2682 3237
1313 1629 3912 614 792 299 150 2537 4260 2624 338 3028 2964 4060 4460 4287 2401 4985 4602 2862 1869 3269 2195 1653 3157 2684 4796 606 2016 296 2660 2011 4543 1300 3309 738 4612 27 4121 4588 3411 1502 3853 4749 4415 4342 296 4012 967 1155 2116 3102 4983 3189 2521 196 1688 1244 4114 4431 4096 2375 2925 782 291 4580 1119 2972 4930 3109 2822 795 4332 4683 2012 1433 2164 1872 3555 144 597 908 2279 3450 4105 4697 3401 4258 3828 1710 1749 3126 3133 1010 2475 1530 4354 919 343 2253 1139 934 2728 1436 1729 1127 463 2470 1639 1034 3135 3762 377 566 2237 2968 2407 4501 1970 4147
2717 4006 4907 1259 1316 4983 3137 3782 434 623 963 2832 4760 3372 2850 2422 2851 1638 857 3546 1398 1893 4503 1069 2268 4098 3973 4819 2785 4848 2204 4515 489 2772 3160 33 4938 1481 4150 1262 654 3778 2145 485 1761 2725 3484 1653 2879 2451 4866 2456 2333 614 3508 2904 2370 3714 1914 923 478 3521 1016 3593 3201 2162 1799 4450 1957 2517 520 2371 2558 3007 3151 2935 4071 1568 4865 748 1962 3607 2198 3214 333 4782 4794 3698 4629 4350 1221 3846 1010 4557 2387 1121 1451 1719 2514 1829 4341 1978 2329 4586 1733 3702 2124 2854 1757 4985 797 1571 415 2041 1107 1456 4120 923 2132 3795
2490 1267 4090 2287 3640 1850 3680 2959 1536 1914 2440 2463 3821 4295 2761 4225 3613 4846 3980 2772 2793 3636 89 2470 3507 2235 360 3940 3819 1324 768 2126 2793 2266 3341 397 1700 1858 1233 952 3945 585 1746 4285 2088 2050 3328 500 646 215 2130 4779 3595 4925 3726 2734 1577 95 1360 2211 3559 3362 3701 2413 3208 3380 1384 4816 3778 671 4091 146 4358 1860 2460 839 1600 3516 35 2291 1092 4732 2289 3371 3766 1469 430 716 455 94 24 871 2475 2387 1915 3915 1824 2013 3982 3125 170 2314 2770 1278 512 3240 1928 2700 59 3805 4960 2785 3545 4433 1215 4388 4990 4961 1003 682
4630 2416 170 1510 859 3918 895 3719 112 3806 332 1791 1654 4864 4352 3974 3685 1336 1304 2486 2298 2953 3226 1047 4962 2285 240 97 1241 1094 2273 2819 2683 2912 2489 2539 2875 940 3435 859 4000 3661 1261 4596 3730 2495 3471 890 1371 3468 3666 4985 2623 1656 3080 1476 3361 617 2251 1412 3611 3230 1210 2204 951 1187 325 304 2987 2806 1179 46 4016 833 2324 1578 664 778 2842 2277 2000 4902 3751 2054 274 378 627 2454 759 2252 1007 3200 1530 1121 3915 3427 1380 1601 936 3575 3950 4883 3504 3072 3544 2656 1508 3492 4088 4063 3315 3264 2157 339 3480 415 3608 2118 3818 4404
4796 4510 2083 1579 570 775 443 3295 2248 1580 41 4442 4617 3997 3652 676 4666 3969 3795 1578 3714 3490 1753 290 2790 4191 1366 2733 4262 1811 4710 4516 3389 2113 689 1116 547 3428 2720 2716 1625 2402 3454 4185 251 3567 2693 3400 2590 1284 3066 152 368 3296 147 3950 4471 2194 3163 4572 3876 4577 2624 3540 4428 1545 223 1543 1872 587 3202 2604 2548 3096 700 3059 2550 2154 1154 82 2442 3929 1504 287 1596 510 2792 4288 935 2704 1227 1468 4354 1451 1824 1380 1059 2548 2389 2631 4167 4729 4417 3732 3457 2015 735 135 337 3155 1063 3877 3027 3721 2290 1193 472 2388 1952 3166
3616 2823 2306 1957 3034 1941 3289 991 4272 4938 2229 3677 1882 1760 1171 550 2728 1810 3211 1541 760 2004 3045 3737 2460 1218 910 3643 492 4595 2093 3864 230 4512 4959 1492 3584 4665 3712 2939 1068 2857 2726 3435 3484 4081 946 1862 954 1733 4525 3519 3645 1604 724 3216 4304 2451 4088 482 4214 2377 4627 4918 3510 2637 4636 1947 3976 2411 2070 269 1685 3874 2970 4794 4967 1220 2089 4351 3890 921 3293 1530 202 3773 2733 1558 406 2096 1439 322 919 1719 2013 1601 2548 2623 2844 97 155 2014 4914 1311 829 4357 4897 4577 3278 1052 868 1424 2886 1793 4132 1035 4949 1817 1878 3451
3087 1202 1215 1624 3036 869 1000 2300 4293 1556 3499 3573 1995 2962 1846 3004 3793 2611 3783 2594 3827 4094 4640 1469 3725 4032 4074 3365 2751 2413 776 3185 2513 2985 4806 294 356 4960 3692 3497 4588 1111 3227 2350 4370 518 3680 2307 4303 3370 3775 2094 3109 4929 4910 1449 1684 4649 4076 4689 1202 298 1520 4697 3081 502 1504 4487 4697 3614 4224 2805 4340 2468 1754 4278 993 3000 1531 4317 2145 4100 4284 3678 1291 4686 382 4835 106 4314 266 3147 343 2514 3982 936 2389 2844 530 4547 125 1079 3252 4289 1700 2029 2557 2737 3159 2610 3694 3946 3452 1998 3498 395 2641 1482 4212 3450
1480 319 3925 4523 1330 3678 3620 4858 3456 4000 4986 1918 4963 1160 1325 3790 2758 3968 577 4082 1445 4104 2138 3605 4191 4762 3188 2413 3450 4321 3176 3572 4174 287 2104 3297 2261 1855 2284 3144 2607 90 1895 835 3007 2604 3282 2097 4140 4059 1531 3729 2216 3607 277 3218 3702 4742 1489 4917 3921 2584 1109 3192 3417 2392 2643 751 1062 4044 3945 1238 4910 1564 44 128 2505 2320 1224 2099 4191 2193 1520 242 1706 3736 3812 2992 1229 4817 2205 2228 2253 1829 3125 3575 2631 97 4547 187 514 1124 2525 782 2825 2633 1475 4083 2792 1385 259 4767 4674 4618 3045 2885 2967 3909 1442 4411
2147 3023 4816 4192 3695 4256 334 3192 3345 3242 1983 2586 425 1693 3437 1669 1612 3695 2607 3962 2272 3004 2446 626 4601 4866 4895 1846 758 4700 44 2365 4784 1655 2271 309 4394 2530 346 3709 793 2961 4285 3175 2338 1602 3283 2671 1927 2267 534 3128 1780 308 2470 4674 370 2547 4864 1367 1260 1737 2652 1973 4360 2139 4777 551 174 99 346 477 2130 2270 698 4077 2598 4581 478 2912 4498 4811 2292 452 2135 878 2859 2677 4582 2694 4326 1395 1139 4341 170 3950 4167 155 125 514 1026 4295 4218 611 658 308 226 1313 3996 2429 2624 3575 949 1451 2379 4711 2065 104 1156 552
1750 4445 1270 4798 750 3716 1883 4792 4743 3322 3617 4644 1928 4819 622 669 4193 156 1465 3298 2660 1824 4197 659 3186 2607 3099 1355 4890 4091 1283 3397 4140 4968 502 4620 1947 1837 1900 4581 3016 3272 4779 579 4778 1092 4815 3330 3255 501 1898 4488 3496 462 4022 2124 4754 406 640 3687 1440 4680 4814 918 2123 4599 4612 2876 2780 1701 2468 3522 1539 3991 873 265 4172 4787 2666 3527 3602 795 2132 123 3202 2023 2728 2869 3769 4582 2308 3765 934 1978 2314 4883 4729 2014 1079 1124 4295 4392 4978 4857 4785 1070 659 2616 4405 4419 264 1875 2830 552 4567 4197 417 3334 3124 4552
3987 4903 4083 4139 4309 3157 2735 2018 3285 4802 1147 4167 1637 4894 3894 3425 3505 3493 3126 3591 937 2852 361 487 70 212 771 4213 277 649 3697 1984 1392 277 478 4671 706 878 645 2747 3045 1239 937 847 2253 1293 3328 530 639 636 619 1194 2029 1425 1672 495 2300 739 2139 4114 2153 3228 2244 639 900 4047 2229 3260 1029 2850 3148 1477 1579 2028 4601 1166 306 811 320 1368 842 3435 4454 1019 110 1432 3407 2418 234 2638 1531 4116 2728 2329 2770 3504 4417 4914 3252 2525 4218 4978 2592 2880 2248 3280 4116 593 4090 4783 755 3335 2138 4757 2326 3946 2868 4508 4085 4297
1280 4046 4256 978 4709 4948 3886 2776 2344 3444 1207 1867 3808 3202 1118 47 1867 4479 1812 1506 4170 4648 4809 3919 3654 3402 3090 4583 4174 3692 401 3752 4233 1995 2527 197 767 2025 880 4403 2082 253 847 3188 4599 560 3967 379 4559 1994 4616 1107 2833 1353 3237 4978 4386 3988 1027 312 2038 2653 4110 444 3239 536 2563 4605 1128 1812 4526 1126 2745 4922 3257 749 2209 301 3135 325 1076 2034 1108 1988 2313 1999 3559 2659 1616 4164 3011 3275 1436 4586 1278 3072 3732 1311 4289 782 611 4857 2880 4369 1593 2067 1250 2403 3660 4422 1517 1990 1504 3403 968 1290 4554 2873 3189 906
4777 4802 4475 1651 252 2468 324 4711 4826 1210 2799 1696 4522 196 4668 4229 2035 2620 1121 3765 3462 36 793 3309 2791 324 3495 3932 43 3897 3192 2823 1385 1697 1470 4246 4102 918 107 1206 2731 3978 2457 1955 730 298 927 1063 2310 1296 2853 2472 1279 3894 1718 10 4417 291 2474 1976 448 1109 4440 498 3367 1560 642 3469 4428 1801 3601 1970 2754 1155 2324 2574 3480 2240 3846 255 231 3537 3267 3266 1597 3748 1576 4600 405 4225 163 979 1729 1733 512 3544 3457 829 1700 2825 658 4785 2248 1593 2817 2717 217 155 333 2795 2459 4518 2649 4711 4845 256 116 1803 1421 3115
1428 68 2371 3228 3823 1797 4788 4713 517 1184 2571 2236 470 3392 1521 1365 2259 414 1853 318 3021 571 4381 2278 1955 2943 1693 4506 4783 310 2889 1573 4337 2496 1020 1641 3082 4502 1385 802 3752 4298 2177 4185 1110 2976 3211 3386 2563 2344 3351 1873 866 2401 647 2264 1806 2283 2500 1459 2482 3822 3509 1825 1096 3162 79 3961 3700 3559 3971 4003 1943 4521 4928 1186 3502 3641 2766 2709 3552 1996 2555 360 2518 1002 3287 1853 4985 1546 2255 1598 1127 3702 3240 2656 2015 4357 2029 2633 308 1070 3280 2067 2717 1566 77 2672 1746 2904 3613 1245 2004 2882 1062 985 2943 77 4788 2141
1408 1325 1817 4917 2298 1805 93 2032 2812 4583 1813 3013 2876 4865 2732 1794 488 1791 3067 3309 1569 362 1674 2810 4831 1316 1067 3953 2416 1422 2306 1407 208 2482 2804 412 1863 2069 2753 4971 2025 3618 2537 952 3607 3847 1924 41 2843 2074 40 4092 1955 2714 689 2278 1311 4995 3844 3157 478 3490 3407 3006 247 1963 1169 4199 1935 528 2385 3164 1654 4106 2300 733 4706 1275 4517 2244 4725 2660 3125 2591 2616 1057 2804 768 2252 1913 1198 3741 463 2124 1928 1508 735 4897 2557 1475 226 659 4116 1250 217 77 3608 90 840 1033 801 2011 1929 2300 2767 2818 2904 1271 2894 569
3904 3966 1326 4422 1376 2657 4787 2860 3000 3363 3559 486 3157 2964 4829 4716 2450 37 83 1867 2946 4947 4125 2275 2712 1874 219 4201 4885 1128 1632 2306 1230 4681 569 1664 2918 3012 4157 2233 4432 1193 4067 1047 2300 123 918 4929 2747 1155 879 4105 3878 3645 1989 4001 3672 4625 251 1712 634 4147 995 555 402 1543 2452 1808 1315 3026 636 1270 132 4495 3890 1992 2265 1760 4553 1965 435 4842 4243 4105 2882 4409 3530 2443 1743 3486 1962 691 2470 2854 2700 3492 135 4577 2737 4083 1313 2616 593 2403 155 2672 90 1188 3581 1615 1009 2692 358 2772 4816 221 87 3410 3850 2564
4053 3088 2573 1479 2631 2492 4726 2094 4002 2418 3706 2505 3532 415 839 920 3758 938 2957 755 1066 984 331 3221 4400 3206 3378 2101 3579 2696 4944 1722 2803 4034 3111 711 3731 2716 1576 3764 709 1318 3181 2117 239 3779 4606 1244 772 4563 2528 2667 1600 1353 1064 206 3820 1547 2651 4078 3430 3419 451 4471 528 2560 2205 2187 180 3704 2267 4812 4307 3582 268 4365 3997 1291 2374 4986 625 2815 4297 2473 1337 4531 2480 83 3764 3696 3834 1495 1639 1757 59 4088 337 3278 3159 2792 3996 4405 4090 3660 333 1746 840 3581 1486 2562 1924 2087 1507 3702 466 3345 3136 4222 4584 3544
4873 1500 4483 4079 284 2922 2585 4646 4146 4299 2908 2123 1290 2123 925 4346 1338 4902 4137 120 4797 2997 4315 2110 950 4576 3883 1921 2004 1582 2120 3877 2409 1168 3896 3227 2340 306 2925 1712 1856 4350 3028 3367 3655 4482 2462 4430 4880 2886 546 3037 3042 2898 4897 2998 2598 4235 999 3493 2316 2522 202 4206 1588 755 3211 2515 3508 27 1722 520 2640 3353 3309 2824 670 432 3662 1912 4490 3835 1664 326 930 2018 2303 1333 1910 1058 2882 1047 1034 4985 3805 4063 3155 1052 2610 1385 2429 4419 4783 4422 2795 2904 1033 1615 2562 294 1913 1566 1558 2363 1609 1401 4708 169 32 2890
2549 3356 4972 1324 1503 2578 1438 841 4908 1128 501 2877 3341 2557 1844 2529 1224 376 695 3637 623 3759 3159 1432 2019 3579 978 4379 4563 2047 4177 3129 4820 1386 4362 2650 1477 2290 3143 79 2520 3167 2350 4262 4340 4740 3150 780 860 3433 445 772 4986 3904 983 4667 4561 4666 4174 4006 472 2636 1075 1027 1768 398 1713 3883 1397 231 3033 885 2713 355 4622 3485 430 1649 1866 2254 2946 3656 2856 502 2658 544 2567 4753 178 1314 3022 4802 3135 797 4960 3315 1063 868 3694 259 2624 264 755 1517 2459 3613 801 1009 1924 1913 2212 2591 547 1894 2883 2668 4704 4684 1358 2248
297 3659 4171 1547 3564 923 2426 391 4576 3925 1437 104 1002 2443 426 2518 2619 2067 3869 2064 2996 1409 2878 4805 2295 4871 2439 2981 4838 1563 1910 411 3740 4951 129 779 3407 1403 3169 1518 4224 4760 2046 4993 3387 31 3378 1506 3247 1761 410 3941 3383 3207 3041 3205 4766 4847 1212 417 1897 3038 2935 3655 760 778 310 1877 101 2853 1607 4590 1110 1062 3855 897 2567 4300 4687 3047 4067 1336 633 4952 3695 4356 2688 2051 3807 3492 4462 1167 3762 1571 2785 3264 3877 1424 3946 4767 3575 1875 3335 1990 4518 1245 2011 2692 2087 1566 2591 4205 48 871 2017 3702 1673 217 673 1410
3862 3227 1870 1764 3623 2672 662 3760 2626 3218 4676 3380 1459 4080 4667 292 1226 3857 3331 1569 1486 1165 4511 840 2841 3415 2420 910 3033 1206 4476 976 165 4134 2207 1659 1057 3181 4310 1689 2947 615 62 2374 801 2133 2324 2399 3285 1525 3610 3850 4369 3501 2273 1692 2277 4079 325 2050 714 2283 3361 4722 1350 4406 1700 4867 570 828 1985 3468 4101 249 4758 359 535 4039 724 4069 3134 2716 1016 2970 644 2029 3772 4882 2507 2314 4807 4755 377 415 3545 2157 3027 2886 3452 4674 949 2830 2138 1504 2649 2004 1929 358 1507 1558 547 48 257 4786 335 4650 1582 361 2335 2983
4326 3733 1910 3931 1325 4519 3623 1610 1019 181 680 1457 2444 3054 1417 3667 344 4433 264 4632 132 232 2239 4321 118 1463 1351 1375 1661 4747 985 4631 1916 1354 1589 4128 2880 2794 4375 4190 833 4140 251 2034 4194 4435 3565 694 3491 3652 778 2972 285 3919 632 2440 2186 4485 4756 4860 222 2442 4966 900 3494 3512 4896 2434 2514 4207 2322 4076 932 19 4473 2878 3509 3705 1977 3160 2932 112 4664 2551 3284 3609 4904 3928 555 3043 4686 3515 566 2041 4433 339 3721 1793 1998 4618 1451 552 4757 3403 4711 2882 2300 2772 3702 2363 1894 871 4786 2281 317 3683 1608 3503 4143 939
1480 4100 697 4686 4368 580 890 2375 677 1081 516 3496 1837 2966 2938 4684 4999 2946 2031 1667 1859 1002 1321 2785 3542 1883 1943 3480 3631 2559 638 2747 4707 4089 3809 1257 4093 4075 137 2845 2527 3001 1033 4250 1791 4960 3637 2812 4349 4030 2321 1527 4590 3852 608 4706 1223 4074 3201 2993 4271 1360 13 1464 1085 4197 3865 2337 2295 995 3404 275 4651 4913 2413 561 3847 2464 3323 2779 473 3529 1161 4362 3051 3101 1061 2379 2648 2280 3060 2505 2237 1107 1215 3480 2290 4132 3498 3045 2379 4567 2326 968 4845 1062 2767 4816 466 1609 2883 2017 335 317 1472 1240 1353 1407 2321 4378
962 1133 1254 2738 2888 3446 4768 4832 1163 2536 3945 103 3177 807 2090 4378 3041 3008 4406 3124 58 2570 430 2709 2162 3881 2811 4147 3802 4189 790 378 3108 4792 3624 2379 4769 1583 2962 4851 88 4567 1525 1634 2702 4349 4711 959 2184 2588 1096 4631 3034 3177 4144 3715 4263 4698 4764 1947 1529 605 3008 919 1012 1188 4062 4046 3307 3721 4887 3125 1622 2255 594 123 47 1853 4076 3603 784 2137 872 441 1980 281 326 2779 4162 4151 1084 1224 2968 1456 4388 415 1193 1035 395 2885 4711 4197 3946 1290 256 985 2818 221 3345 1401 2668 3702 4650 3683 1240 1225 41 705 3486 2772
2893 1257 2918 1327 79 4763 4772 4808 956 839 703 3406 969 3472 4442 2303 1489 1160 3001 2818 4078 145 591 3958 2105 2095 89 1865 3378 422 1994 1772 3621 1085 4608 972 3137 148 1044 3451 4661 2096 1382 1752 3445 1842 4461 4754 2456 4715 4031 1100 1344 761 45 221 138 682 2031 415 738 3638 3431 576 4694 4968 1568 4920 252 1970 421 935 1437 4045 4078 3229 4254 2927 4576 4320 897 851 3295 3306 3822 2604 4847 1896 718 3726 463 4554 2407 4120 4990 3608 472 4949 2641 2967 2065 417 2868 4554 116 2943 2904 87 3136 4708 4704 1673 1582 1608 1353 41 4976 4850 4832 3420
4657 2919 4433 1213 801 417 725 4483 1632 1365 4471 3907 4893 1815 3717 3085 3422 2881 3155 2295 4403 306 1891 1407 1022 4080 2185 1291 3408 116 4569 2581 623 1333 4751 493 3322 2034 1445 3524 3915 4950 4397 724 138 3370 3525 2184 1704 748 2850 831 776 2569 1217 4649 482 3598 1048 910 390 4703 2090 1825 3867 102 2561 4963 47 4757 4947 104 2471 2517 3868 4435 3045 3276 4209 1870 11 2879 1374 4134 15 3347 2200 1995 16 1186 1503 4104 4501 923 4961 2118 2388 1817 1482 3909 104 3334 4508 2873 1803 77 1271 3410 4222 169 4684 217 361 3503 1407 705 4850 1644 4844 1833
1177 1369 4351 4963 351 1112 2831 951 1660 1747 4076 4519 3914 339 2244 504 2894 227 1754 4545 2935 84 2853 2312 2086 3842 59 2562 2871 811 40 4328 4127 2583 4065 2483 4677 4775 3798 1268 4854 2520 2245 3346 3519 2439 756 3871 2323 2914 948 1089 1594 1297 2122 1022 4741 4876 4270 1460 2528 4792 99 502 3764 1981 4031 4085 4170 214 2133 2649 3891 469 71 4613 2243 3210 3431 2686 3362 1921 1916 3131 1134 3003 3506 1536 2999 2206 2516 2682 1970 2132 1003 3818 1952 1878 4212 1442 1156 3124 4085 3189 1421 4788 2894 3850 4584 32 1358 673 2335 4143 2321 3486 4832 4844 1178 3428
4722 1609 1336 4371 636 3372 3150 2248 1442 2714 1751 4564 3398 2729 3953 4729 4395 2403 3716 4538 1759 3667 2086 4984 3271 3665 4751 3525 4443 4242 4678 1544 1177 1374 4943 78 3272 4453 1661 1449 4720 2859 2703 3073 4483 1394 4459 3496 4479 2442 296 4397 3827 4153 1956 2325 4539 4674 2392 3834 1957 2422 4630 1261 1220 3961 1444 1987 2618 1954 4671 951 610 2655 2572 1345 19 4893 441 1935 4249 3088 3280 998 2223 2006 3066 4842 1148 3379 2708 3237 4147 3795 682 4404 3166 3451 3450 4411 552 4552 4297 906 3115 2141 569 2564 3544 2890 2248 1410 2983 939 4378 2772 3420 1833 3428 4203
