N: 120
M: 24
Symmetric: true
Triangle: false
3 13 114 20
5 22 9 110 70 108
5 78 74 104 113 23
4 18 119 7 31
3 50 48 89
5 10 93 55 38 86
5 58 30 91 11 40
4 76 21 107 42
6 66 84 120 100 103 80
4 92 14 57 90
6 99 72 16 83 79 28
5 87 49 36 53 98
7 95 1 34 25 15 97 17
3 105 94 63
8 8 64 77 47 56 65 68 46
5 85 102 118 29 32
7 39 43 61 3 12 37 62
5 60 27 82 24 59
6 5 45 41 116 101 73
4 88 115 51 111
5 35 6 4 2 112
4 96 54 109 67
8 106 117 69 71 26 81 19 44
3 33 52 75
3240 4220 1908 38 1331 457 1695 3190 109 1936 4723 3044 4950 2747 3267 122 1997 3040 4869 3164 2915 2493 746 1863 1522 4887 3892 65 241 1605 4218 1305 3274 2459 4605 3922 2531 49 3765 2588 3275 1506 520 4541 2376 543 4521 560 748 4498 666 3301 4302 2405 4740 3348 3789 467 3575 4779 2511 885 2155 224 4132 4252 4678 4153 1882 349 4834 1354 977 2968 2694 1418 4187 2743 3151 4075 3646 3041 3863 4892 1949 2273 659 1033 4356 147 4413 644 59 2778 2608 409 223 1964 1125 3557 582 309 472 1418 4035 3106 2183 1019 397 3073 3193 715 722 2187 1468 582 1823 3612 4213 2883
4220 2571 1501 137 378 4910 4208 1195 748 382 1931 1835 933 3355 2580 3285 616 2902 1624 24 2071 3356 2812 3716 38 1921 2495 3120 478 4525 4426 1772 4778 4667 578 4604 1774 4148 1465 2369 4097 2142 3946 4647 3614 1361 806 866 2122 4954 4782 1495 3065 1642 307 367 2860 2142 2880 126 1377 2150 4818 4554 2039 3046 620 3149 4596 2284 4006 4765 3564 2493 3659 2256 2170 1329 3368 1300 3939 1514 1186 2620 4035 1665 1989 3084 133 4946 624 875 1349 3296 578 2908 2995 4151 1359 1200 4388 1929 1575 1788 307 4970 3213 4308 817 4821 2718 3820 3279 268 4961 4282 1127 2557 2750 2568
1908 1501 1450 2865 3539 2176 3919 146 4452 2869 551 1573 637 4690 3218 2782 3145 1865 2170 3986 553 3197 4690 3731 53 4038 4922 3205 4949 2878 2092 1688 2586 4190 2260 3651 239 2910 2938 4516 3380 1048 4803 3670 2961 738 4726 2188 1535 1360 3485 3010 3476 689 3604 2892 1550 1918 2324 1582 2427 4832 3188 4521 2982 4669 990 3630 1250 4179 3502 1927 1697 2058 2579 1507 3831 4719 4043 3967 4546 3886 2925 1703 1695 4608 494 1014 1183 4150 3557 3355 2562 2452 2290 2116 602 4086 2351 130 182 1268 2190 385 2071 2237 3339 3773 2264 2286 2857 3528 3612 3928 4448 2442 4210 4776 2273 2973
38 137 2865 2883 4021 1736 4029 4938 3900 439 4507 572 1711 2210 3469 1322 843 4275 2377 404 226 3945 2194 4381 2387 2052 1270 2416 4314 3995 4332 987 529 313 2183 4909 1959 2945 4033 4181 272 183 3867 4229 4966 2318 4107 1273 2484 598 3944 3946 4864 3654 557 533 143 1869 4351 3548 1828 368 3495 3560 4074 2462 4475 2323 4121 1951 1909 773 1464 1960 1631 4068 1805 1898 3454 3430 4399 3679 4184 2893 2853 2600 3081 194 4085 4349 4820 1361 3154 4317 868 3224 11 2455 2838 741 1945 3411 3469 3675 4942 4153 618 2675 4316 1223 1484 3640 387 4256 340 1331 3460 2206 3269 712
1331 378 3539 4021 4853 3846 4061 4667 1038 208 3733 4321 2129 1696 1469 2373 3682 4186 4675 3451 2448 4690 1733 4182 2211 1467 1417 2397 2006 2055 1965 2940 206 1612 1050 4314 741 545 4296 2677 4038 2571 4488 2511 1841 3033 2401 4383 1230 594 4846 278 3506 3905 433 1900 2736 2657 3376 2242 1964 4332 450 2505 728 2236 2355 3450 1186 2862 4032 3898 3469 1859 2638 2589 370 106 2339 2344 475 4524 1491 4414 4527 4987 4625 1402 2736 4944 4841 3631 4292 2266 3942 809 2992 4550 1623 2375 632 3513 2111 178 4617 2093 143 1895 2042 4539 2456 251 3184 2934 2776 270 2682 937 3752 3856
457 4910 2176 1736 3846 2601 1493 1995 1800 302 2702 3570 4708 2339 3080 4057 1137 2635 1027 4623 4888 1622 3031 2550 3904 2547 2172 1469 3593 2692 3924 1491 3144 462 4023 2353 1702 1469 3986 2498 2758 2713 1880 3081 3977 3575 89 945 1132 3031 2551 475 1285 3120 4313 1754 4035 4068 3109 2087 374 1316 1148 3011 2171 1655 3678 859 2759 3822 2981 1134 4640 1446 4136 1681 705 3635 2532 3839 995 4380 2656 4025 3945 425 4918 3958 1030 2112 4456 3063 2680 2424 2213 3140 4963 34 2564 900 2962 4970 4797 4972 2229 2073 3951 542 4127 3651 2499 617 4384 3077 2152 4772 109 3665 3693 1397
1695 4208 3919 4029 4061 1493 1997 2899 1191 733 4923 683 4546 3502 2483 1765 4904 270 4977 3782 361 819 1995 2643 3947 2957 3862 529 3427 138 2547 3251 411 4715 2931 3075 894 1330 1145 4608 211 3200 4564 1337 1110 3614 683 3638 4799 2847 4364 1449 2106 1091 1623 1505 2715 1967 2667 4527 4025 1217 2514 2434 3233 2151 535 4155 4036 3307 4401 3032 3571 3536 2254 3118 4192 3310 2942 917 45 1637 3428 2860 2504 1243 1803 2184 1107 1565 4789 767 2787 4877 2593 4281 2827 1401 3995 1027 2919 2096 4860 319 4017 2894 2671 4401 429 4476 4457 1123 3000 4361 1515 1888 392 3235 52 2250
3190 1195 146 4938 4667 1995 2899 927 1615 111 3671 1768 3501 3637 379 821 3557 1641 3117 3334 2292 3662 2187 2623 3763 1415 2664 362 3405 1448 4745 2944 3964 108 1078 4487 3159 4570 3512 3103 2223 644 53 4475 3613 1936 2185 22 2645 1028 1847 3352 3551 3706 1108 4037 2492 3149 4000 26 692 2287 2840 1122 4379 2139 4443 3666 3350 3609 1789 4424 169 2374 579 2696 2805 2392 217 2005 488 367 1535 2524 84 3667 4174 3627 2669 4984 1087 4564 1535 4157 945 376 4250 3994 389 3180 3522 716 4209 42 2464 1638 4875 1141 1158 3484 1342 2536 1623 1008 4239 649 2003 916 2543 4320
109 748 4452 3900 1038 1800 1191 1615 258 3805 1097 1593 2603 1706 1798 1610 1799 349 3684 2098 4676 1445 4100 3872 3296 4826 3721 350 3887 4314 3990 356 811 1966 2780 4133 2398 743 2637 2201 85 4630 361 3434 4585 1301 2818 4166 3624 1928 754 3696 4439 3908 1004 2625 2152 751 1537 2595 1644 2792 2850 1302 4741 3225 894 691 1284 3232 2206 13 1710 911 2745 1173 530 3972 1316 4016 2050 2897 1375 1238 585 4473 4394 3500 3880 184 3598 3849 4089 1589 962 3754 3607 2679 1332 4028 1488 4662 468 520 1294 2641 56 2875 3697 711 1486 2303 1171 920 20 4365 4006 4933 2984 1694
1936 382 2869 439 208 302 733 111 3805 2139 2729 3049 3759 4513 4912 2792 671 1982 567 107 2612 1204 2385 3101 2802 2242 1301 2302 4593 3927 1412 1457 1431 2975 1532 637 1540 4886 3540 3083 1742 458 1343 2370 2733 1019 4759 4510 4411 4569 2978 3903 743 4116 526 4015 4672 4524 2650 1419 1500 2603 2535 633 3876 4986 3706 3144 4761 2345 2307 2964 4195 867 1905 261 3102 250 4605 1361 3871 2680 1376 3405 2902 1948 4894 3159 3651 1758 820 234 2531 4031 3399 495 928 2018 1425 1661 1854 3226 1515 2575 4087 4140 4175 661 2343 4279 1370 3580 4133 3221 3143 1995 3744 1524 48 1746
4723 1931 551 4507 3733 2702 4923 3671 1097 2729 3643 2344 4746 4045 2547 2506 2568 4488 314 16 413 2386 656 1124 1361 2719 1115 3868 1627 4971 644 1510 2788 4515 3213 2345 598 3144 3121 1214 1543 1184 1980 4691 2943 3662 3658 1755 2908 4587 3457 1313 639 4009 3933 3522 2048 96 1311 954 443 195 1254 4641 791 4103 811 82 441 2434 4544 1690 238 3715 4262 3347 1186 1578 2978 400 2852 1349 4951 4190 3107 2941 4144 252 4501 3241 442 3827 1101 659 1174 1552 739 4860 3577 862 319 1583 1543 862 4365 2250 4354 3750 1938 3337 1665 445 1714 2660 2316 1287 366 3552 3439 896
3044 1835 1573 572 4321 3570 683 1768 1593 3049 2344 4402 4610 153 422 674 3515 2522 4332 4448 3603 3281 825 2603 4448 4368 93 3199 631 2107 840 2581 4003 4256 94 4700 1154 4007 460 2079 4208 4583 2224 692 1813 140 2419 4531 2712 2628 4301 284 2221 1318 4918 3160 2525 2257 3365 75 1882 2400 2940 4734 639 1461 2366 171 1956 780 1732 1763 838 3084 3715 4872 3116 63 4667 181 2318 498 2040 4574 541 2473 59 4478 922 4728 2146 2237 4789 1043 2310 4466 2808 2534 2129 691 228 4272 1587 2039 526 1765 1988 525 3034 968 4516 239 4590 4389 4369 2830 488 241 3401 1931
4950 933 637 1711 2129 4708 4546 3501 2603 3759 4746 4610 1631 1689 3186 4051 3712 2832 1893 4364 2901 4790 222 2928 4909 4174 3482 1851 4589 3931 466 78 1308 3277 787 100 3417 3659 404 1117 2691 4857 921 3106 1303 931 1634 4414 1519 3909 1207 1530 4134 3943 77 2185 1198 2626 585 3134 4483 3731 3701 406 1241 2612 1837 2320 3736 1922 689 4559 3799 2068 2757 1254 1707 63 2172 1256 784 3237 2535 3940 2727 1194 4703 1807 2529 511 4021 2736 2187 4898 613 3736 1230 1878 2846 835 2133 3991 739 2106 3425 3263 1050 4718 1503 1303 2659 3755 3504 2450 84 3709 3547 3378 1598 4446
2747 3355 4690 2210 1696 2339 3502 3637 1706 4513 4045 153 1689 604 4161 1491 2445 476 3863 2167 975 2611 799 3361 3233 4511 3173 4070 4355 3131 4125 1408 953 145 954 3110 3680 148 1572 4693 4600 4688 1237 4111 2994 2470 2214 3773 235 229 1212 2806 1815 3672 3591 782 3261 1138 3139 2505 2910 2044 1771 629 3580 2203 4218 815 4606 3248 4240 3252 1455 4777 4607 2294 3353 297 2568 2205 2957 4403 1706 906 4478 4847 3443 4652 4611 4748 4908 3637 81 1434 2837 2936 291 469 880 2033 744 4442 2488 3998 3869 1185 18 625 2177 2908 1731 548 4883 1773 2660 1053 3844 1786 3028 2140
3267 2580 3218 3469 1469 3080 2483 379 1798 4912 2547 422 3186 4161 12 1002 778 3011 1169 1964 4104 3659 2036 3134 1572 3132 1894 3706 2979 2955 2090 4853 2817 274 668 683 1850 833 1952 3668 3529 2626 3955 3640 1431 3493 4606 2027 4415 569 879 4930 1189 2669 2746 240 1556 4238 3868 700 4352 68 916 3642 2311 3887 4785 1425 1922 1058 2601 3681 959 4943 3145 173 802 3569 3229 2038 60 4092 3830 4934 2976 2207 125 2506 1566 4454 3614 930 2286 3085 3106 1033 2386 565 4592 2726 590 1116 1363 2592 1062 584 1117 2692 2293 3305 1333 4209 4288 2206 2647 2330 2065 886 2609 3254
122 3285 2782 1322 2373 4057 1765 821 1610 2792 2506 674 4051 1491 1002 1995 1318 4840 4777 3601 3965 3202 3820 2066 192 1449 2677 3261 3914 4305 4444 4595 3884 87 4498 242 2211 1121 3363 3844 138 2545 1390 1089 4158 2256 2399 4102 305 4827 218 2841 2455 1381 2532 23 3536 3987 4167 4529 2407 4029 792 1360 107 1450 549 3641 2302 3073 761 4272 2197 732 2355 1837 4951 4181 4084 540 568 1097 1481 1996 4260 2441 2050 2174 2584 142 3603 4860 3804 4016 415 27 1067 2539 4198 1521 776 160 527 4453 405 3399 2817 4018 3560 4500 3411 1308 3798 622 3059 848 3889 1367 940 2898
1997 616 3145 843 3682 1137 4904 3557 1799 671 2568 3515 3712 2445 778 1318 81 2057 3281 2154 1660 3424 394 4438 842 4175 248 4034 2772 3330 918 3297 3035 4527 4696 1329 1375 361 482 2073 3283 90 2972 1888 2915 3576 1952 3195 934 3092 4435 2035 2724 2517 1022 3727 4838 1823 2821 4796 2618 3418 1828 2163 4503 3545 1085 144 221 2901 2875 969 526 4504 4440 3703 3975 523 3082 261 4390 4779 2972 4136 2705 2601 2304 3906 319 95 4489 884 3107 78 1363 3854 1061 2415 3073 206 1560 460 865 4606 3573 3401 1124 4068 460 4508 3288 3126 1651 4833 1435 4529 3015 3742 3105 4895
3040 2902 1865 4275 4186 2635 270 1641 349 1982 4488 2522 2832 476 3011 4840 2057 2393 1800 3918 2467 4582 1379 1070 2307 419 486 825 195 54 1175 1421 2716 1017 1808 724 3934 2826 1942 3394 465 3120 2084 3207 2472 197 3144 2782 426 2939 615 3310 1677 3558 469 639 3845 3988 350 1653 1562 1347 668 3364 1774 3799 4769 4987 1588 1754 3633 1461 4790 4105 1687 476 4309 252 1914 2582 3117 2681 2362 2747 4973 2745 4913 4598 2345 785 2185 2062 2471 3373 1515 4527 1417 1932 555 768 2387 863 4583 893 2544 163 718 4556 2445 3406 3327 2198 145 1503 3500 1070 4978 3436 1487 3427
4869 1624 2170 2377 4675 1027 4977 3117 3684 567 314 4332 1893 3863 1169 4777 3281 1800 3383 4701 464 1996 790 89 14 920 2863 3518 2821 866 3590 876 2927 3130 4762 410 3369 3657 1762 1415 4207 181 589 1669 2437 3073 2794 1953 311 1810 4492 2191 4790 3057 1666 1087 4069 546 3521 4705 2593 212 3864 1145 593 4758 1895 4001 1884 4916 247 1997 4199 4631 3301 3266 924 4871 283 2636 63 1556 1541 4551 4278 3917 526 981 764 3074 288 3071 462 4250 1610 4678 4751 4857 4388 1904 4629 491 4838 2399 1923 2272 1463 932 4769 1499 4881 2696 1543 3567 754 2568 3524 980 1889 4474
3164 24 3986 404 3451 4623 3782 3334 2098 107 16 4448 4364 2167 1964 3601 2154 3918 4701 3708 2879 1267 719 2406 334 4869 3339 4304 859 1520 2698 1812 2103 3704 2221 3967 3680 3117 2184 3829 1176 1552 2396 1339 152 4603 3974 4661 3305 3701 1602 4095 3497 2410 4844 3296 2968 1359 449 1243 2550 2669 1438 4180 1950 3753 656 4668 141 3774 2101 2438 666 1219 200 4195 3799 1951 2724 255 2237 2085 1191 1063 1740 1280 4893 816 4141 4553 3321 2916 794 3283 1964 2383 207 2937 4000 2522 3571 3168 2183 331 1159 3303 88 3708 3837 2639 1347 4884 380 570 1097 1843 1512 3934 383 3154
2915 2071 553 226 2448 4888 361 2292 4676 2612 413 3603 2901 975 4104 3965 1660 2467 464 2879 4094 1869 496 700 3262 2179 2056 2616 3551 1349 2160 3442 4607 3149 284 3136 1237 3310 1265 3229 2955 3353 4294 1689 93 4240 2614 4735 2677 3500 576 1005 3740 4446 1149 1060 1878 537 1674 3943 594 2406 4917 3161 504 983 3234 2279 3298 4195 2205 3470 3117 4402 2265 692 3770 1698 3372 3644 1002 3259 1121 1199 3369 2907 489 2172 123 4429 605 3319 2445 2579 3324 540 1160 1200 1628 3431 1310 1124 4121 958 1659 1568 724 2685 4370 4823 620 2848 2527 1056 1621 3864 2837 1262 4739 428
2493 3356 3197 3945 4690 1622 819 3662 1445 1204 2386 3281 4790 2611 3659 3202 3424 4582 1996 1267 1869 897 1403 1166 1897 618 497 1387 2656 850 4967 4955 3710 3080 2472 2137 1272 2171 249 2672 121 357 2697 4592 4028 4487 2218 4445 2288 1900 2281 585 2089 3419 4451 3006 2571 664 907 824 133 4774 1860 1735 3761 3133 3808 1664 4101 1011 4124 4424 3954 1354 3778 268 1128 2388 1993 451 168 4621 2777 4523 570 174 4876 3130 1177 2657 3985 3226 3248 1210 3190 4466 213 1505 977 3369 3878 1043 4889 3494 2328 563 70 3328 3376 2611 214 1666 446 2111 1613 1057 3647 4075 2755 1827
746 2812 4690 2194 1733 3031 1995 2187 4100 2385 656 825 222 799 2036 3820 394 1379 790 719 496 1403 3321 2271 3011 176 4038 4636 3024 2600 509 4574 3260 75 4615 4157 1960 770 3981 1341 4355 864 2955 1525 1183 142 2841 2639 4692 4537 358 229 3939 1534 1065 1207 110 2394 3286 1267 506 4673 3798 1043 2037 2677 2123 415 3951 1374 4183 3931 2669 1623 3487 1827 384 2252 2091 2363 1540 2305 3770 4297 1534 3117 4278 3556 387 3166 1043 4115 3764 2534 1687 2614 299 4312 3288 2423 829 1243 1674 1002 2132 2963 1238 2946 156 3140 4298 375 1936 773 3484 2638 3816 1443 2966 3649
1863 3716 3731 4381 4182 2550 2643 2623 3872 3101 1124 2603 2928 3361 3134 2066 4438 1070 89 2406 700 1166 2271 4305 4017 3458 2767 3020 4121 940 2587 3320 1743 725 772 4760 1761 3708 144 618 3708 4637 3660 2151 4617 1592 2188 4503 518 4010 2090 1682 976 3256 967 1033 245 4054 712 1107 4086 1012 572 1173 4037 4098 1396 1787 4670 4199 1688 2338 3337 3591 1641 3753 1786 3745 2831 1636 3759 1946 1097 913 2997 4829 320 368 3576 4897 3747 4823 1505 4131 3016 2325 2296 1223 3454 1030 3029 3964 4497 4495 222 1709 28 2953 4771 3205 1961 3904 1325 3142 2700 2957 4513 2984 4515 1231
1522 38 53 2387 2211 3904 3947 3763 3296 2802 1361 4448 4909 3233 1572 192 842 2307 14 334 3262 1897 3011 4017 1659 475 983 441 1057 1568 2935 4753 2833 2402 4163 4605 3298 4369 2836 1650 974 4312 3387 2703 2402 2952 4475 2360 2819 3317 4829 4408 294 1451 749 224 2238 2082 2195 2258 3010 283 23 4139 1088 695 123 977 2326 567 4708 2536 2310 2370 3394 4513 3981 2772 1033 4914 3434 1018 3920 1223 3217 4276 2423 1376 3665 3215 1237 1664 2631 558 1109 619 3591 3971 4725 3988 4837 3356 816 3451 1475 4545 1520 4219 4267 756 1544 156 2673 4899 2118 4446 2703 675 3617 857
4887 1921 4038 2052 1467 2547 2957 1415 4826 2242 2719 4368 4174 4511 3132 1449 4175 419 920 4869 2179 618 176 3458 475 4286 2225 565 3317 4567 4288 1032 2807 354 1520 2010 669 1154 314 3113 3327 2706 2134 4766 4132 1948 3645 2587 3380 4886 3508 2642 4401 1869 124 661 1840 4300 54 360 1525 2609 515 788 3544 1867 4783 4273 1515 4389 3663 2062 1889 4103 3557 3301 3532 4983 3576 1326 3420 1266 3745 3134 170 1670 1452 3219 275 4682 650 1228 4370 3341 3763 100 616 1325 1132 2346 3300 2899 444 666 3329 1554 4326 3268 2553 67 1446 1496 2867 968 1261 2316 2758 3219 3219 3149
3892 2495 4922 1270 1417 2172 3862 2664 3721 1301 1115 93 3482 3173 1894 2677 248 486 2863 3339 2056 497 4038 2767 983 2225 2597 3431 3109 211 4400 3969 3230 673 1757 1439 2561 2141 4810 1269 2323 1928 3205 517 312 2848 3475 283 435 3470 917 3646 1159 3266 4097 1658 359 987 4020 1503 2145 3151 508 2313 1744 3347 3766 338 4558 742 1986 2915 3674 3957 543 2659 216 2358 1480 3446 1302 3350 4112 3310 2068 1575 1686 3830 2206 3415 942 701 1936 1706 276 1641 489 264 4433 1600 2521 3245 4829 80 4212 1874 105 3709 1183 202 564 819 3924 4780 34 724 947 1224 4334 1518
65 3120 3205 2416 2397 1469 529 362 350 2302 3868 3199 1851 4070 3706 3261 4034 825 3518 4304 2616 1387 4636 3020 441 565 3431 977 306 1873 3898 3539 1449 1097 1949 3530 3179 513 4913 4699 4466 1729 587 3593 608 2234 2925 444 4167 3618 1003 4471 4463 3001 4426 4265 2985 4982 2689 4669 140 2553 1561 828 1263 325 922 2308 1188 2845 2117 49 984 2051 3129 1890 528 2724 2754 814 4840 226 816 84 903 786 1860 3404 2556 1180 1882 4326 418 4086 2612 3346 925 1100 2861 3747 1122 3294 275 950 1025 3102 4822 954 2610 23 2456 1630 626 1232 92 1736 3994 4483 2019 1175
241 478 4949 4314 2006 3593 3427 3405 3887 4593 1627 631 4589 4355 2979 3914 2772 195 2821 859 3551 2656 3024 4121 1057 3317 3109 306 1571 2610 2453 4391 3323 3760 3172 2811 1928 3770 2195 4779 2688 1457 3474 968 3780 2624 3188 2747 1761 4317 2963 3432 3430 4003 2137 3011 3853 3765 3816 1615 4430 681 638 1708 1597 45 496 4144 29 389 3419 2669 659 3346 1888 1443 621 4878 3857 187 1406 2555 257 4468 919 3369 1649 4676 4127 4460 4163 3978 3848 691 4905 1852 819 2763 753 1742 1241 688 3778 3246 4683 736 3193 159 2681 1533 3493 1831 1436 2588 563 1760 2985 2030 2270 1435
1605 4525 2878 3995 2055 2692 138 1448 4314 3927 4971 2107 3931 3131 2955 4305 3330 54 866 1520 1349 850 2600 940 1568 4567 211 1873 2610 2922 4033 1103 3737 1432 1849 3138 56 1337 3340 2510 4061 602 2839 3966 3153 3196 384 908 3982 1522 2261 1445 660 3476 1730 3254 565 1610 882 2873 242 2973 3197 1082 385 2867 355 4372 2618 229 1016 4091 2158 4936 2444 2552 2747 2308 1478 2921 2621 2654 2376 221 4997 4921 68 3570 2924 1048 2666 4373 3046 1155 1273 1079 3074 2439 421 3149 3439 642 2885 1012 302 194 2660 2804 1819 3159 1538 3972 3375 1667 3954 4499 4418 2910 445 2218
4218 4426 2092 4332 1965 3924 2547 4745 3990 1412 644 840 466 4125 2090 4444 918 1175 3590 2698 2160 4967 509 2587 2935 4288 4400 3898 2453 4033 2461 465 3395 3587 3798 52 4335 2673 2207 3028 3741 189 3398 4175 628 3626 1784 4776 120 1135 2645 519 1321 3049 2913 283 3808 810 1824 411 1132 3583 3549 3411 4681 1375 2615 671 3160 591 4664 2376 487 3996 4792 4014 1269 3621 4924 242 3373 3736 1455 1355 2989 474 348 1022 234 384 81 2051 2831 36 1102 2365 1617 1909 2330 1612 3572 2686 4525 2798 4345 4930 3756 2463 3580 4607 722 1562 2021 4684 399 918 160 4479 4225 3608
1305 1772 1688 987 2940 1491 3251 2944 356 1457 1510 2581 78 1408 4853 4595 3297 1421 876 1812 3442 4955 4574 3320 4753 1032 3969 3539 4391 1103 465 238 3387 1214 3147 3859 1381 3408 2536 3192 2988 2184 796 1763 1379 936 2663 4267 4297 666 447 1775 2423 1989 2469 474 1899 2771 370 1426 4336 87 3080 3967 2947 3350 4111 1005 64 2073 2788 1699 1120 88 3496 4861 420 4454 1991 4688 4117 789 3634 3395 2510 1687 621 400 2745 4088 715 1978 3514 1180 2491 522 2231 3024 4415 3929 2550 1567 4210 552 4896 948 1113 339 1847 4186 3480 556 2756 3209 4705 4691 4125 2020 2895 1271
3274 4778 2586 529 206 3144 411 3964 811 1431 2788 4003 1308 953 2817 3884 3035 2716 2927 2103 4607 3710 3260 1743 2833 2807 3230 1449 3323 3737 3395 3387 3397 3106 1796 4402 4181 674 2136 1236 68 2428 2569 2652 2085 1109 1656 3585 3121 1429 4126 4052 2836 1801 1903 2411 333 553 4265 11 3923 4207 4762 1076 2005 1268 3717 3336 3581 2131 3859 552 1818 2452 4618 4033 4759 4186 3024 4757 3139 3118 1630 4085 2357 3310 4138 4874 4207 4465 1641 4526 4275 3435 2673 1007 644 325 269 3854 3839 1918 2631 648 1161 360 2910 215 1904 208 3214 2518 4709 735 2017 2513 832 2374 1435 2857
2459 4667 4190 313 1612 462 4715 108 1966 2975 4515 4256 3277 145 274 87 4527 1017 3130 3704 3149 3080 75 725 2402 354 673 1097 3760 1432 3587 1214 3106 68 692 3827 4721 4625 1756 2069 3597 2946 1825 1456 696 1396 3639 3489 2071 1722 2797 3257 3453 2997 2813 2785 3550 1587 1521 4800 4848 4842 3667 3544 2562 2768 1041 2529 3734 2784 4648 1587 4694 2392 2853 57 4410 3489 4886 602 2057 837 3364 1556 183 2301 3986 4114 260 719 1656 1703 602 198 4595 2605 2877 2895 2420 3567 4072 4710 4330 642 1342 2091 2717 378 1073 2310 490 1355 4997 3605 2127 3605 4122 1705 739 1310
4605 578 2260 2183 1050 4023 2931 1078 2780 1532 3213 94 787 954 668 4498 4696 1808 4762 2221 284 2472 4615 772 4163 1520 1757 1949 3172 1849 3798 3147 1796 692 3122 2221 2545 2477 2847 3213 3452 2596 22 317 867 1416 1932 4567 2348 2597 553 4236 1625 206 4566 2433 1615 2190 599 4163 2094 2394 3068 3401 4573 3176 927 1892 1242 1259 407 767 1865 1798 2521 2300 4664 4260 3022 3063 3519 2587 1024 2193 3200 4129 2580 2379 942 4638 1216 1541 4138 2707 703 774 3565 3113 459 2441 2478 4825 3276 1394 3106 106 120 582 734 3670 1699 4245 350 3824 4156 4691 1880 2112 4211 103
3922 4604 3651 4909 4314 2353 3075 4487 4133 637 2345 4700 100 3110 683 242 1329 724 410 3967 3136 2137 4157 4760 4605 2010 1439 3530 2811 3138 52 3859 4402 3827 2221 3322 3959 879 4917 4973 3323 3605 572 3005 115 1687 4487 4758 2916 69 2817 4029 1412 594 2557 2183 4184 613 3485 51 1716 1226 3271 4294 4828 3415 151 1153 4900 3946 168 3687 3620 4127 957 1572 2544 1089 2383 3889 4748 234 1775 349 4055 1107 1302 4784 4760 4340 2576 248 4294 2155 1808 1386 1351 2999 405 1789 1880 2381 1030 924 492 167 3760 3065 1124 4884 3831 4843 1540 3748 4491 3364 1979 174 2649 3746
2531 1774 239 1959 741 1702 894 3159 2398 1540 598 1154 3417 3680 1850 2211 1375 3934 3369 3680 1237 1272 1960 1761 3298 669 2561 3179 1928 56 4335 1381 4181 4721 2545 3959 1520 3794 2147 3774 2143 4775 1354 1639 2729 2417 2598 4269 2477 777 2446 4789 4813 1088 1026 1175 1111 3746 1768 2791 1929 1351 1773 4942 3471 3883 2886 4083 1237 542 4880 1020 4005 4155 1549 4826 2008 2220 1768 2766 4740 2320 4640 4869 2148 4921 2937 4992 2751 1679 3351 3325 2905 1553 3807 1920 4768 2300 3271 3859 3109 4309 3588 2709 537 2223 4018 2382 66 2188 1196 3386 1956 342 640 4476 3876 4602 2285 3333
49 4148 2910 2945 545 1469 1330 4570 743 4886 3144 4007 3659 148 833 1121 361 2826 3657 3117 3310 2171 770 3708 4369 1154 2141 513 3770 1337 2673 3408 674 4625 2477 879 3794 1139 2306 2846 2806 1714 137 3019 3454 4656 1960 2503 1562 3869 2353 3314 1717 3593 768 3828 2889 1689 1014 247 4540 3489 3599 2606 605 1489 4235 1552 3102 3561 2604 935 4819 2804 398 3671 2342 3233 521 106 3908 2538 2769 2604 217 1451 3678 2479 463 4771 2441 3931 3835 2110 4714 4966 674 4433 144 3826 2660 3236 3376 4669 365 2659 3196 1696 1280 205 748 3550 730 4274 1688 4130 1548 746 3246 4969
3765 1465 2938 4033 4296 3986 1145 3512 2637 3540 3121 460 404 1572 1952 3363 482 1942 1762 2184 1265 249 3981 144 2836 314 4810 4913 2195 3340 2207 2536 2136 1756 2847 4917 2147 2306 1561 4514 4489 2721 2987 3538 2806 2987 4759 109 378 1726 4824 2943 1702 1219 2936 1395 2477 213 3085 3353 3890 3034 4950 3450 975 3544 967 278 1122 1070 2749 2767 1128 733 4147 4562 2739 2368 2689 1747 207 4972 4579 839 2788 3710 684 4672 4301 4382 3759 175 4352 1216 511 692 3913 4098 4463 3097 2152 3447 418 2095 2077 3540 4285 4251 3181 2222 2693 1703 3052 469 2118 765 888 4559 3145 197
2588 2369 4516 4181 2677 2498 4608 3103 2201 3083 1214 2079 1117 4693 3668 3844 2073 3394 1415 3829 3229 2672 1341 618 1650 3113 1269 4699 4779 2510 3028 3192 1236 2069 3213 4973 3774 2846 4514 604 3729 1847 78 1675 1599 3049 3376 4154 3308 1457 1888 1127 4983 2726 1666 204 1761 2377 4007 3520 1677 1477 204 4240 4622 1443 1719 4920 3685 2823 929 2051 2090 1696 2789 29 4042 1480 929 4932 3863 4588 2153 3814 3540 220 1632 209 1620 2396 1844 4515 2388 4100 812 1849 2316 420 3514 266 2562 4963 2584 3167 14 1545 3854 2575 940 2830 387 3883 472 1000 293 3403 979 2054 601 3574
3275 4097 3380 272 4038 2758 211 2223 85 1742 1543 4208 2691 4600 3529 138 3283 465 4207 1176 2955 121 4355 3708 974 3327 2323 4466 2688 4061 3741 2988 68 3597 3452 3323 2143 2806 4489 3729 4668 2934 3599 758 441 2004 678 3293 3340 338 788 123 4001 287 3617 4044 3156 487 868 2287 2924 1174 177 2956 3815 1254 3996 629 2914 480 4103 4049 3968 2721 3572 1862 3003 2164 4684 1675 1715 1415 245 2439 4715 1913 2894 3491 2141 212 2605 2562 3810 4715 1528 4128 2937 3214 923 2947 1520 170 2289 3734 4142 339 2746 265 3170 1057 4267 3668 2110 14 110 4597 3753 3496 4193 1668
1506 2142 1048 183 2571 2713 3200 644 4630 458 1184 4583 4857 4688 2626 2545 90 3120 181 1552 3353 357 864 4637 4312 2706 1928 1729 1457 602 189 2184 2428 2946 2596 3605 4775 1714 2721 1847 2934 4152 2999 2859 2448 1912 1356 2098 2328 3687 4844 4882 1101 1454 1150 2827 2625 2371 1571 2361 3401 1714 1702 2139 2068 1304 3290 2271 4146 2639 1464 3621 865 373 4859 3046 3950 3741 2998 4961 1407 2768 839 3428 706 670 525 542 2646 2050 1028 1258 48 1432 4262 2775 3928 807 1336 593 39 4975 520 1494 3574 4687 1805 1208 1749 1752 3071 4334 3268 3153 3982 4804 4678 1316 354 4690
520 3946 4803 3867 4488 1880 4564 53 361 1343 1980 2224 921 1237 3955 1390 2972 2084 589 2396 4294 2697 2955 3660 3387 2134 3205 587 3474 2839 3398 796 2569 1825 22 572 1354 137 2987 78 3599 2999 926 955 4552 1579 770 3888 3105 2716 1641 641 212 3093 4681 3579 4946 4185 4747 147 1905 2957 292 203 627 4537 1475 3371 3467 2002 1045 3773 2716 3969 2649 1654 685 1318 2220 1720 4930 3213 441 359 4835 177 1583 3652 252 4098 1123 3936 4336 1212 1325 2795 508 3140 4886 500 3494 570 2352 2500 76 1495 4996 4340 2980 4068 2759 135 1041 1101 4846 4302 873 1823 2552 387
4541 4647 3670 4229 2511 3081 1337 4475 3434 2370 4691 692 3106 4111 3640 1089 1888 3207 1669 1339 1689 4592 1525 2151 2703 4766 517 3593 968 3966 4175 1763 2652 1456 317 3005 1639 3019 3538 1675 758 2859 955 2050 4289 3188 1189 2251 2197 4087 446 3263 1459 1161 3759 2864 4350 618 2208 4966 4816 908 2707 456 4407 3045 949 626 1543 2782 209 1016 4034 4984 1768 3722 373 2123 3164 3568 3700 2791 4146 2118 4264 1645 4835 2446 666 4883 82 1763 558 1720 3828 1379 1064 273 4254 1508 317 312 1318 3805 3656 4053 1498 506 890 79 4948 4808 4859 2646 724 1650 3235 1788 4546 129
2376 3614 2961 4966 1841 3977 1110 3613 4585 2733 2943 1813 1303 2994 1431 4158 2915 2472 2437 152 93 4028 1183 4617 2402 4132 312 608 3780 3153 628 1379 2085 696 867 115 2729 3454 2806 1599 441 2448 4552 4289 4367 2904 1922 2948 100 386 37 637 1474 2959 305 2212 3334 1016 1813 920 3816 2749 1922 4679 4049 2214 3675 1000 3095 1747 2033 442 1064 4020 4152 1021 4993 879 3008 1847 2814 4626 730 3893 2275 1099 1510 2445 3898 2337 2786 778 2087 2280 3422 4470 3026 1370 1249 1723 3127 4547 1813 2718 3497 34 808 3812 2715 1622 4476 4541 4669 4821 3535 1558 2705 3834 3465 4620
543 1361 738 2318 3033 3575 3614 1936 1301 1019 3662 140 931 2470 3493 2256 3576 197 3073 4603 4240 4487 142 1592 2952 1948 2848 2234 2624 3196 3626 936 1109 1396 1416 1687 2417 4656 2987 3049 2004 1912 1579 3188 2904 4452 2632 3483 2467 4241 4906 4211 3887 696 179 4069 3936 2961 2092 1577 487 4300 3797 722 4673 4262 426 4301 3092 2921 2269 3114 3800 1805 1618 391 3232 147 657 3154 4207 2255 4857 4039 2683 4105 3421 1977 1446 2310 4159 2178 2007 2260 1692 3738 1162 3990 736 2874 1841 248 3928 1733 2608 345 3553 1912 2376 2119 2973 2625 4529 4555 203 4096 3518 4269 3959 3747
4521 806 4726 4107 2401 89 683 2185 2818 4759 3658 2419 1634 2214 4606 2399 1952 3144 2794 3974 2614 2218 2841 2188 4475 3645 3475 2925 3188 384 1784 2663 1656 3639 1932 4487 2598 1960 4759 3376 678 1356 770 1189 1922 2632 1777 1612 34 2891 558 1136 3254 1460 1206 4408 2710 3743 2384 983 4852 4024 3057 2728 4058 349 113 1995 2237 3945 4710 3179 985 129 224 2964 443 3511 1875 3656 4600 3671 4339 4476 1168 3318 77 4509 2852 571 76 3281 2499 1979 1159 2361 310 2922 360 4568 820 3725 909 2786 2350 1295 1096 3898 3407 4399 4653 4004 718 4137 4256 3241 2828 1276 917 2655
560 866 2188 1273 4383 945 3638 22 4166 4510 1755 4531 4414 3773 2027 4102 3195 2782 1953 4661 4735 4445 2639 4503 2360 2587 283 444 2747 908 4776 4267 3585 3489 4567 4758 4269 2503 109 4154 3293 2098 3888 2251 2948 3483 1612 1283 2110 1731 1330 2930 3513 4791 2933 694 4742 1764 4636 1876 4323 4931 2415 945 3603 4025 949 2195 2038 2737 4927 2792 955 548 390 2353 2559 3534 3476 3079 4024 2740 688 3818 4068 857 4272 4617 3636 3524 1905 1146 4732 1679 4926 4253 3715 424 1874 3018 2210 4121 220 991 4981 1983 3800 2397 2305 3330 257 907 2767 961 1848 1338 754 4292 369 2942
748 2122 1535 2484 1230 1132 4799 2645 3624 4411 2908 2712 1519 235 4415 305 934 426 311 3305 2677 2288 4692 518 2819 3380 435 4167 1761 3982 120 4297 3121 2071 2348 2916 2477 1562 378 3308 3340 2328 3105 2197 100 2467 34 2110 4500 932 1804 1375 4387 4743 686 3833 2987 1781 399 4719 4465 2152 1177 1249 1728 624 2628 4385 287 735 4566 19 4395 2540 4534 4235 186 1219 610 1634 4160 4377 1139 415 1378 4679 3630 1123 1266 671 297 3455 1969 4454 1892 4320 1324 257 2689 1613 2389 4858 1264 3940 1030 4655 611 2829 2750 1587 4887 2407 1697 4854 1245 4857 809 872 2200 1570
4498 4954 1360 598 594 3031 2847 1028 1928 4569 4587 2628 3909 229 569 4827 3092 2939 1810 3701 3500 1900 4537 4010 3317 4886 3470 3618 4317 1522 1135 666 1429 1722 2597 69 777 3869 1726 1457 338 3687 2716 4087 386 4241 2891 1731 932 3037 249 4418 4465 553 4119 4117 1464 2942 1707 958 2296 3289 4289 1437 4230 3144 1874 3172 3804 2983 1932 681 3401 1860 4535 301 2900 3949 4912 3942 2399 4899 116 3659 10 4469 1552 1910 2194 4964 12 734 2778 218 606 1310 4683 1793 2480 2314 1445 3644 3723 4945 4339 1867 4885 3796 1449 444 1837 960 3007 2720 3932 4452 2729 4068 876 3375
666 4782 3485 3944 4846 2551 4364 1847 754 2978 3457 4301 1207 1212 879 218 4435 615 4492 1602 576 2281 358 2090 4829 3508 917 1003 2963 2261 2645 447 4126 2797 553 2817 2446 2353 4824 1888 788 4844 1641 446 37 4906 558 1330 1804 249 1315 4384 4321 1159 110 3878 2601 3747 1712 1392 3269 3321 590 2868 354 1947 2563 2805 2804 19 2102 4500 4550 2910 3490 3211 1472 3714 3134 3367 4599 3262 4914 2498 2171 3707 1136 1876 3419 2109 1165 1319 50 1310 4775 4656 1649 3017 2918 2288 4840 3593 296 1520 281 3141 2367 4392 2337 3854 3796 2529 3008 201 121 3340 3439 3840 3409 1828
3301 1495 3010 3946 278 475 1449 3352 3696 3903 1313 284 1530 2806 4930 2841 2035 3310 2191 4095 1005 585 229 1682 4408 2642 3646 4471 3432 1445 519 1775 4052 3257 4236 4029 4789 3314 2943 1127 123 4882 641 3263 637 4211 1136 2930 1375 4418 4384 1860 2869 209 1906 3895 4491 847 2889 1323 1951 4568 4476 3268 3257 2987 1275 3295 3533 1929 1806 476 3325 3610 2987 3363 816 2144 3698 224 2712 1354 497 4188 1020 679 3274 3079 1076 144 3322 4289 3041 4990 3481 845 1375 1830 2592 4018 3462 2417 2565 2579 4183 1541 3787 3911 1784 4375 249 2415 1380 3922 3531 303 978 1945 397 4495
4302 3065 3476 4864 3506 1285 2106 3551 4439 743 639 2221 4134 1815 1189 2455 2724 1677 4790 3497 3740 2089 3939 976 294 4401 1159 4463 3430 660 1321 2423 2836 3453 1625 1412 4813 1717 1702 4983 4001 1101 212 1459 1474 3887 3254 3513 4387 4465 4321 2869 1044 2665 4826 2017 608 577 1223 2079 4154 2086 4719 420 1306 744 1334 3823 1857 4042 357 2710 465 3509 2776 115 2112 4746 3811 4206 2390 3791 184 3609 936 3370 4075 1635 2207 2388 1460 2110 431 3560 2842 4474 1718 2339 438 3349 2213 1446 43 3377 2845 4317 3822 60 856 1277 655 2566 4439 1520 2875 3660 1576 1727 2694 3034
2405 1642 689 3654 3905 3120 1091 3706 3908 4116 4009 1318 3943 3672 2669 1381 2517 3558 3057 2410 4446 3419 1534 3256 1451 1869 3266 3001 4003 3476 3049 1989 1801 2997 206 594 1088 3593 1219 2726 287 1454 3093 1161 2959 696 1460 4791 4743 553 1159 209 2665 4474 485 4534 2101 3065 1183 1760 404 4766 1017 382 2713 3208 2822 4154 2456 4856 2998 605 4232 2219 941 3377 754 4125 363 4216 4633 181 3555 545 1408 1028 4297 81 2903 4510 3897 4019 3512 2608 1278 3867 1877 4632 1369 946 1955 4721 3150 4846 3075 901 3071 3712 2010 2775 239 2580 1697 2391 2238 4111 2389 4189 3633 558
4740 307 3604 557 433 4313 1623 1108 1004 526 3933 4918 77 3591 2746 2532 1022 469 1666 4844 1149 4451 1065 967 749 124 4097 4426 2137 1730 2913 2469 1903 2813 4566 2557 1026 768 2936 1666 3617 1150 4681 3759 305 179 1206 2933 686 4119 110 1906 4826 485 1077 232 636 2849 3675 411 4721 677 4403 4841 4212 1192 3430 98 4679 624 2449 4215 3382 3217 2333 1683 24 4956 3347 3971 4458 2477 4984 3716 3795 3149 3144 3447 1543 2328 1405 4409 1331 4174 2969 4541 2606 4326 2459 3818 539 2650 2490 1699 4077 4008 4781 2047 560 3001 998 758 4931 4655 3048 4479 4576 720 3300 1480
3348 367 2892 533 1900 1754 1505 4037 2625 4015 3522 3160 2185 782 240 23 3727 639 1087 3296 1060 3006 1207 1033 224 661 1658 4265 3011 3254 283 474 2411 2785 2433 2183 1175 3828 1395 204 4044 2827 3579 2864 2212 4069 4408 694 3833 4117 3878 3895 2017 4534 232 3371 2546 2506 1201 4047 1091 2434 1082 3539 749 2738 3407 3539 4241 2106 1143 1102 754 835 1791 4180 346 4388 1776 3658 2275 3688 1078 794 4954 2400 4623 2178 1563 4840 3689 1029 1926 1318 4613 1844 2652 4656 4630 3444 4248 3321 3984 1471 4808 2892 2948 3608 442 3239 1275 3801 1756 2680 4221 3374 2000 844 4933 4028
3789 2860 1550 143 2736 4035 2715 2492 2152 4672 2048 2525 1198 3261 1556 3536 4838 3845 4069 2968 1878 2571 110 245 2238 1840 359 2985 3853 565 3808 1899 333 3550 1615 4184 1111 2889 2477 1761 3156 2625 4946 4350 3334 3936 2710 4742 2987 1464 2601 4491 608 2101 636 2546 1074 3959 771 1608 4734 4330 1225 3484 660 91 3318 3423 1513 1198 1325 872 1913 2596 2259 3310 421 2987 111 1760 979 1225 689 4873 1533 4073 300 3589 1184 4305 2947 2006 2972 3254 2446 3865 536 1628 479 92 150 2550 4927 1215 2837 1097 480 1162 3159 1126 4954 3272 4640 3313 1424 2586 415 1505 909 2733
467 2142 1918 1869 2657 4068 1967 3149 751 4524 96 2257 2626 1138 4238 3987 1823 3988 546 1359 537 664 2394 4054 2082 4300 987 4982 3765 1610 810 2771 553 1587 2190 613 3746 1689 213 2377 487 2371 4185 618 1016 2961 3743 1764 1781 2942 3747 847 577 3065 2849 2506 3959 4203 2235 2272 2436 3632 2603 116 4603 2155 1047 921 1293 4018 4561 2124 2840 3453 1191 4859 3427 3495 423 158 42 466 858 581 2937 2575 840 1181 3558 1759 1126 2493 786 1069 2406 3130 1213 4817 1720 2656 3913 2981 752 932 3547 2030 502 4338 4926 845 465 2387 4399 3796 1183 608 3877 1890 4676 1230
3575 2880 2324 4351 3376 3109 2667 4000 1537 2650 1311 3365 585 3139 3868 4167 2821 350 3521 449 1674 907 3286 712 2195 54 4020 2689 3816 882 1824 370 4265 1521 599 3485 1768 1014 3085 4007 868 1571 4747 2208 1813 2092 2384 4636 399 1707 1712 2889 1223 1183 3675 1201 771 2235 3825 4696 1913 4360 3498 168 1628 1362 4870 4596 2215 2897 998 2896 4236 557 1572 3371 3531 3109 4626 900 3126 1079 1733 2159 1311 2438 2058 4308 500 1459 3142 4964 1100 958 1380 3743 1790 500 1916 3568 2352 3498 3355 3817 2147 1636 2900 3387 1441 1146 2540 720 1572 4469 2363 279 1109 1475 3858 595
4779 126 1582 3548 2242 2087 4527 26 2595 1419 954 75 3134 2505 700 4529 4796 1653 4705 1243 3943 824 1267 1107 2258 360 1503 4669 1615 2873 411 1426 11 4800 4163 51 2791 247 3353 3520 2287 2361 147 4966 920 1577 983 1876 4719 958 1392 1323 2079 1760 411 4047 1608 2272 4696 4374 185 2576 2784 3179 1577 4441 2585 3373 3899 800 1719 2399 4651 388 853 3071 1053 1420 923 21 1229 914 3437 1015 3411 4087 4998 3983 2278 704 935 4935 3222 2539 1683 2931 224 3451 3527 395 1782 888 1700 3225 1669 2775 4697 4393 2840 3973 4181 1188 1110 182 2366 749 4351 2241 4968 3753
2511 1377 2427 1828 1964 374 4025 692 1644 1500 443 1882 4483 2910 4352 2407 2618 1562 2593 2550 594 133 506 4086 3010 1525 2145 140 4430 242 1132 4336 3923 4848 2094 1716 1929 4540 3890 1677 2924 3401 1905 4816 3816 487 4852 4323 4465 2296 3269 1951 4154 404 4721 1091 4734 2436 1913 185 2684 3710 2972 2625 1596 255 540 4994 923 1203 4947 1481 2021 3640 2751 1009 4586 3466 1759 2313 4913 1705 86 1477 3155 2540 1011 4120 1061 1994 4857 4006 4730 1701 3361 2663 4841 1623 4695 1949 33 4489 1960 796 3721 1677 2123 689 1918 118 1974 863 3399 4610 1195 3637 1748 2733 1237 157
885 2150 4832 368 4332 1316 1217 2287 2792 2603 195 2400 3731 2044 68 4029 3418 1347 212 2669 2406 4774 4673 1012 283 2609 3151 2553 681 2973 3583 87 4207 4842 2394 1226 1351 3489 3034 1477 1174 1714 2957 908 2749 4300 4024 4931 2152 3289 3321 4568 2086 4766 677 2434 4330 3632 4360 2576 3710 4855 961 4569 4942 2035 2594 3832 3400 287 2828 2342 2836 3910 4943 529 2498 1505 1641 2919 2240 1367 3403 3205 254 1185 2671 3706 3840 2853 4198 201 4014 1501 1731 1194 3745 432 76 2025 2514 297 181 4807 3564 922 276 4021 4589 4341 180 1230 4664 3586 1737 3447 498 3087 1151 835
2155 4818 3188 3495 450 1148 2514 2840 2850 2535 1254 2940 3701 1771 916 792 1828 668 3864 1438 4917 1860 3798 572 23 515 508 1561 638 3197 3549 3080 4762 3667 3068 3271 1773 3599 4950 204 177 1702 292 2707 1922 3797 3057 2415 1177 4289 590 4476 4719 1017 4403 1082 1225 2603 3498 2784 2972 961 1474 4557 4741 2978 1728 3819 1205 1823 4273 444 1995 4387 109 3787 4883 3908 3569 3182 2209 1001 3035 1805 1977 4556 4950 4486 4420 4390 1154 1935 3333 868 2407 2943 3654 1776 468 1630 4431 1283 1279 1462 3839 2707 596 4671 484 4731 4429 3527 1263 1856 1457 1980 4154 613 3844 3907
224 4554 4521 3560 2505 3011 2434 1122 1302 633 4641 4734 406 629 3642 1360 2163 3364 1145 4180 3161 1735 1043 1173 4139 788 2313 828 1708 1082 3411 3967 1076 3544 3401 4294 4942 2606 3450 4240 2956 2139 203 456 4679 722 2728 945 1249 1437 2868 3268 420 382 4841 3539 3484 116 168 3179 2625 4569 4557 3762 3719 4702 2157 3975 2372 3839 4022 1302 3319 1195 3804 4928 4452 4955 4328 3666 2891 3002 1823 4436 1963 1952 2284 4151 1509 2106 2937 814 431 3485 1136 3278 3460 3347 985 4746 184 1304 3086 4982 482 920 1614 486 2764 3841 1912 645 3403 4499 3942 445 103 399 4029 3138
4132 2039 2982 4074 728 2171 3233 4379 4741 3876 791 639 1241 3580 2311 107 4503 1774 593 1950 504 3761 2037 4037 1088 3544 1744 1263 1597 385 4681 2947 2005 2562 4573 4828 3471 605 975 4622 3815 2068 627 4407 4049 4673 4058 3603 1728 4230 354 3257 1306 2713 4212 749 660 4603 1628 1577 1596 4942 4741 3719 3342 4401 4778 4033 345 4372 4575 1685 4412 2267 488 2701 3617 1726 4042 1125 4402 746 2513 3906 2203 3430 98 4873 1450 1928 1487 1563 744 2059 3250 2932 3765 2858 1752 4765 669 466 2759 1933 4801 2248 3295 3882 2574 4633 3328 1407 3869 2092 4093 3472 347 894 1161 417
4252 3046 4669 2462 2236 1655 2151 2139 3225 4986 4103 1461 2612 2203 3887 1450 3545 3799 4758 3753 983 3133 2677 4098 695 1867 3347 325 45 2867 1375 3350 1268 2768 3176 3415 3883 1489 3544 1443 1254 1304 4537 3045 2214 4262 349 4025 624 3144 1947 2987 744 3208 1192 2738 91 2155 1362 4441 255 2035 2978 4702 4401 1270 1881 1913 2834 4193 1149 491 3762 40 2761 4922 27 4014 3936 794 4038 2446 1594 3835 2218 1945 1198 610 960 4909 1993 898 4590 3807 3746 3073 1132 3598 340 998 1770 4061 3767 3508 932 922 391 4209 964 2545 2740 3643 1257 1955 2663 3548 2492 3772 4282 661
4678 620 990 4475 2355 3678 535 4443 894 3706 811 2366 1837 4218 4785 549 1085 4769 1895 656 3234 3808 2123 1396 123 4783 3766 922 496 355 2615 4111 3717 1041 927 151 2886 4235 967 1719 3996 3290 1475 949 3675 426 113 949 2628 1874 2563 1275 1334 2822 3430 3407 3318 1047 4870 2585 540 2594 1728 2157 4778 1881 4416 769 378 2491 539 3809 1883 15 2871 3174 4348 2022 791 2463 2191 1086 1062 1069 4330 4186 395 4454 3157 3199 3995 4733 2055 4062 2298 3440 1060 2137 3545 4232 4183 1522 337 2291 4584 2817 1886 1425 3422 97 1415 166 1018 4929 1543 1398 2296 169 2951 3614
4153 3149 3630 2323 3450 859 4155 3666 691 3144 82 171 2320 815 1425 3641 144 4987 4001 4668 2279 1664 415 1787 977 4273 338 2308 4144 4372 671 1005 3336 2529 1892 1153 4083 1552 278 4920 629 2271 3371 626 1000 4301 1995 2195 4385 3172 2805 3295 3823 4154 98 3539 3423 921 4596 3373 4994 3832 3819 3975 4033 1913 769 3625 1057 3908 2043 4784 1320 380 4153 2276 4208 1601 3917 3298 2101 264 4569 2087 4148 2366 2166 3735 4181 1778 4800 3315 2566 3282 3209 2919 4117 2464 1897 3966 3657 4507 1319 2325 2834 111 2577 3515 3506 4051 527 493 1819 4507 409 4163 2014 3412 4924 4960
1882 4596 1250 4121 1186 2759 4036 3350 1284 4761 441 1956 3736 4606 1922 2302 221 1588 1884 141 3298 4101 3951 4670 2326 1515 4558 1188 29 2618 3160 64 3581 3734 1242 4900 1237 3102 1122 3685 2914 4146 3467 1543 3095 3092 2237 2038 287 3804 2804 3533 1857 2456 4679 4241 1513 1293 2215 3899 923 3400 1205 2372 345 2834 378 1057 2990 4417 250 3973 2420 4756 3364 1528 4296 4212 608 1003 1701 3333 2132 1254 2404 1074 1598 2970 3224 2589 1205 2657 1284 4706 2888 1181 3856 278 1021 4166 940 229 3126 4365 2601 3436 4701 398 135 668 4234 1494 2350 4822 309 1648 1081 2026 3229 1135
349 2284 4179 1951 2862 3822 3307 3609 3232 2345 2434 780 1922 3248 1058 3073 2901 1754 4916 3774 4195 1011 1374 4199 567 4389 742 2845 389 229 591 2073 2131 2784 1259 3946 542 3561 1070 2823 480 2639 2002 2782 1747 2921 3945 2737 735 2983 19 1929 4042 4856 624 2106 1198 4018 2897 800 1203 287 1823 3839 4372 4193 2491 3908 4417 632 2434 4461 1167 1722 3760 2590 902 852 1975 2794 101 1104 232 487 3892 4841 3330 1740 1731 2330 139 3349 1777 3638 4783 1628 4635 1243 2875 2111 3954 2093 4936 4655 3455 3084 837 3723 2658 1884 4236 3696 191 4993 3773 1164 1556 2641 666 252
4834 4006 3502 1909 4032 2981 4401 1789 2206 2307 4544 1732 689 4240 2601 761 2875 3633 247 2101 2205 4124 4183 1688 4708 3663 1986 2117 3419 1016 4664 2788 3859 4648 407 168 4880 2604 2749 929 4103 1464 1045 209 2033 2269 4710 4927 4566 1932 2102 1806 357 2998 2449 1143 1325 4561 998 1719 4947 2828 4273 4022 4575 1149 539 2043 250 2434 2833 2319 4120 2147 2119 4504 162 1988 3870 3356 4809 3228 4827 1793 3789 2637 4067 973 4066 128 1717 4337 3768 525 4365 400 520 1133 4019 1009 640 1561 2596 4216 2582 2521 1751 203 2714 4357 4286 3924 1819 3420 4558 207 3696 4969 1003 4906
1354 4765 1927 773 3898 1134 3032 4424 13 2964 1690 1763 4559 3252 3681 4272 969 1461 1997 2438 3470 4424 3931 2338 2536 2062 2915 49 2669 4091 2376 1699 552 1587 767 3687 1020 935 2767 2051 4049 3621 3773 1016 442 3114 3179 2792 19 681 4500 476 2710 605 4215 1102 872 2124 2896 2399 1481 2342 444 1302 1685 491 3809 4784 3973 4461 2319 3691 3358 4574 1633 3159 3536 4979 2024 683 4519 2659 1308 1986 4494 986 2572 2158 3980 2399 642 3560 4373 2076 4834 3298 2852 1931 2909 1502 4002 3487 4324 1340 751 1533 1846 2263 854 2297 4719 2028 4856 1378 4684 1235 1890 2550 1521 4465
977 3564 1697 1464 3469 4640 3571 169 1710 4195 238 838 3799 1455 959 2197 526 4790 4199 666 3117 3954 2669 3337 2310 1889 3674 984 659 2158 487 1120 1818 4694 1865 3620 4005 4819 1128 2090 3968 865 2716 4034 1064 3800 985 955 4395 3401 4550 3325 465 4232 3382 754 1913 2840 4236 4651 2021 2836 1995 3319 4412 3762 1883 1320 2420 1167 4120 3358 3326 3612 3872 2325 2507 2663 4429 137 857 3112 843 254 2675 2471 2842 4374 268 1990 4651 280 80 881 2225 2623 1060 2284 382 2634 845 2145 1330 1238 3508 2160 2154 2623 3086 1894 2557 3775 4471 3557 1590 1653 4300 2145 3148 2726
2968 2493 2058 1960 1859 1446 3536 2374 911 867 3715 3084 2068 4777 4943 732 4504 4105 4631 1219 4402 1354 1623 3591 2370 4103 3957 2051 3346 4936 3996 88 2452 2392 1798 4127 4155 2804 733 1696 2721 373 3969 4984 4020 1805 129 548 2540 1860 2910 3610 3509 2219 3217 835 2596 3453 557 388 3640 3910 4387 1195 2267 40 15 380 4756 1722 2147 4574 3612 1449 2440 4559 2201 3618 4630 4159 3408 4026 3847 833 10 1464 4109 3547 2251 3542 3109 1045 327 4025 56 2561 3833 4703 2909 4823 2045 747 1701 4692 242 3864 531 4022 2028 3000 708 4851 3466 502 3660 2451 4755 4019 3433 794
2694 3659 2579 1631 2638 4136 2254 579 2745 1905 4262 3715 2757 4607 3145 2355 4440 1687 3301 200 2265 3778 3487 1641 3394 3557 543 3129 1888 2444 4792 3496 4618 2853 2521 957 1549 398 4147 2789 3572 4859 2649 1768 4152 1618 224 390 4534 4535 3490 2987 2776 941 2333 1791 2259 1191 1572 853 2751 4943 109 3804 488 2761 2871 4153 3364 3760 2119 1633 3872 2440 1289 926 3928 2605 2478 3644 3699 1921 4267 4570 2255 1233 316 1528 2879 3161 1610 863 2275 413 2404 4545 4269 2056 776 1960 614 933 1788 394 1832 1509 4105 4341 3773 2153 1133 897 1820 1988 1024 4287 922 1597 612 995
1418 2256 1507 4068 2589 1681 3118 2696 1173 261 3347 4872 1254 2294 173 1837 3703 476 3266 4195 692 268 1827 3753 4513 3301 2659 1890 1443 2552 4014 4861 4033 57 2300 1572 4826 3671 4562 29 1862 3046 1654 3722 1021 391 2964 2353 4235 301 3211 3363 115 3377 1683 4180 3310 4859 3371 3071 1009 529 3787 4928 2701 4922 3174 2276 1528 2590 4504 3159 2325 4559 926 2698 4707 3007 3781 1532 4049 3703 2102 4710 2805 84 1837 4023 1688 3654 2215 1945 3927 544 3248 4185 1552 1394 1830 851 4610 754 3746 3215 2003 684 3406 3588 946 2188 352 4509 1274 1079 3159 3602 1285 3710 3963 4130
4187 2170 3831 1805 370 705 4192 2805 530 3102 1186 3116 1707 3353 802 4951 3975 4309 924 3799 3770 1128 384 1786 3981 3532 216 528 621 2747 1269 420 4759 4410 4664 2544 2008 2342 2739 4042 3003 3950 685 373 4993 3232 443 2559 186 2900 1472 816 2112 754 24 346 421 3427 3531 1053 4586 2498 4883 4452 3617 27 4348 4208 4296 902 162 3536 2507 2201 3928 4707 1570 1322 4613 2148 891 4260 3462 3971 3368 3724 4436 159 4592 3557 491 1205 4922 948 4476 2893 3030 4465 4807 1902 1162 1491 4374 3038 677 4038 3404 730 495 329 4787 1240 1520 3533 2980 1646 1373 1529 2791 1909
2743 1329 4719 1898 106 3635 3310 2392 3972 250 1578 63 63 297 3569 4181 523 252 4871 1951 1698 2388 2252 3745 2772 4983 2358 2724 4878 2308 3621 4454 4186 3489 4260 1089 2220 3233 2368 1480 2164 3741 1318 2123 879 147 3511 3534 1219 3949 3714 2144 4746 4125 4956 4388 2987 3495 3109 1420 3466 1505 3908 4955 1726 4014 2022 1601 4212 852 1988 4979 2663 3618 2605 3007 1322 4563 494 2084 2109 3464 416 2511 3629 4362 4529 3271 4884 2407 2478 3588 4724 1674 179 3699 1705 305 3366 3353 4450 4845 4775 4538 2827 3548 1850 3928 4995 2061 4638 2800 998 2053 2636 3562 193 3649 978 3499
3151 3368 4043 3454 2339 2532 2942 217 1316 4605 2978 4667 2172 2568 3229 4084 3082 1914 283 2724 3372 1993 2091 2831 1033 3576 1480 2754 3857 1478 4924 1991 3024 4886 3022 2383 1768 521 2689 929 4684 2998 2220 3164 3008 657 1875 3476 610 4912 3134 3698 3811 363 3347 1776 111 423 4626 923 1759 1641 3569 4328 4042 3936 791 3917 608 1975 3870 2024 4429 4630 2478 3781 4613 494 1683 1658 1125 2371 3614 28 4778 3797 2530 3185 1676 448 3435 1938 2983 2780 890 2294 4521 4873 4806 1629 377 556 1259 1812 1902 4318 947 692 2667 1718 2666 1387 1653 2392 1508 2497 694 388 3795 1175
4075 1300 3967 3430 2344 3839 917 2005 4016 1361 400 181 1256 2205 2038 540 261 2582 2636 255 3644 451 2363 1636 4914 1326 3446 814 187 2921 242 4688 4757 602 3063 3889 2766 106 1747 4932 1675 4961 1720 3568 1847 3154 3656 3079 1634 3942 3367 224 4206 4216 3971 3658 1760 158 900 21 2313 2919 3182 3666 1125 794 2463 3298 1003 2794 3356 683 137 4159 3644 1532 2148 2084 1658 486 3638 1978 3704 1868 3660 2339 4577 335 2424 1088 4872 2444 4309 4607 1714 4107 3542 1531 937 516 1477 1277 923 3860 2938 1655 3653 4263 3631 1896 3758 2253 3673 4125 4825 4616 4082 2020 4682 317
3646 3939 4546 4399 475 995 45 488 2050 3871 2852 2318 784 2957 60 568 4390 3117 63 2237 1002 168 1540 3759 3434 3420 1302 4840 1406 2621 3373 4117 3139 2057 3519 4748 4740 3908 207 3863 1715 1407 4930 3700 2814 4207 4600 4024 4160 2399 4599 2712 2390 4633 4458 2275 979 42 3126 1229 4913 2240 2209 2891 4402 4038 2191 2101 1701 101 4809 4519 857 3408 3699 4049 891 2109 1125 3638 4280 747 208 508 115 1668 3107 711 4208 2045 4795 4644 4457 524 4414 3684 3786 2216 753 4880 1165 1648 2051 109 1349 260 4206 3720 4423 4564 2847 101 3619 4265 1534 4704 3734 2859 4115 1969
3041 1514 3886 3679 4524 4380 1637 367 2897 2680 1349 498 3237 4403 4092 1097 4779 2681 1556 2085 3259 4621 2305 1946 1018 1266 3350 226 2555 2654 3736 789 3118 837 2587 234 2320 2538 4972 4588 1415 2768 3213 2791 4626 2255 3671 2740 4377 4899 3262 1354 3791 181 2477 3688 1225 466 1079 914 1705 1367 1001 3002 746 2446 1086 264 3333 1104 3228 2659 3112 4026 1921 3703 4260 3464 2371 1978 747 175 2525 2487 1110 1208 4116 4729 1427 2535 3323 2973 1709 1816 2480 1697 4716 3530 125 3153 2603 3456 1522 79 735 4421 703 1608 4231 4317 2140 3896 1020 3454 4517 4170 38 424 232 3605
3863 1186 2925 4184 1491 2656 3428 1535 1375 1376 4951 2040 2535 1706 3830 1481 2972 2362 1541 1191 1121 2777 3770 1097 3920 3745 4112 816 257 2376 1455 3634 1630 3364 1024 1775 4640 2769 4579 2153 245 839 441 4146 730 4857 4339 688 1139 116 4914 497 184 3555 4984 1078 689 858 1733 3437 86 3403 3035 1823 2513 1594 1062 4569 2132 232 4827 1308 843 3847 4267 2102 3462 416 3614 3704 208 2525 3322 2595 1934 3440 1644 2728 4689 4669 1198 1294 2012 686 4901 1284 2301 2513 2555 2831 3063 1055 1131 2966 3362 3013 2699 4518 4953 654 4117 2335 3984 3484 4502 2628 2531 1707 290 2248
4892 2620 1703 2893 4414 4025 2860 2524 1238 3405 4190 4574 3940 906 4934 1996 4136 2747 4551 1063 1199 4523 4297 913 1223 3134 3310 84 4468 221 1355 3395 4085 1556 2193 349 4869 2604 839 3814 2439 3428 359 2118 3893 4039 4476 3818 415 3659 2498 4188 3609 545 3716 794 4873 581 2159 1015 1477 3205 1805 4436 3906 3835 1069 2087 1254 487 1793 1986 254 833 4570 4710 3971 2511 28 1868 508 2487 2595 1798 2021 3257 3932 3731 298 1640 954 2950 1447 4558 907 1793 49 1613 4851 2646 4065 2241 572 1184 2470 2214 864 4654 4733 4537 4776 227 949 654 219 919 79 3910 3183 437
1949 4035 1695 2853 4527 3945 2504 84 585 2902 3107 541 2727 4478 2976 4260 2705 4973 4278 1740 3369 570 1534 2997 3217 170 2068 903 919 4997 2989 2510 2357 183 3200 4055 2148 217 2788 3540 4715 706 4835 4264 2275 2683 1168 4068 1378 10 2171 1020 936 1408 3795 4954 1533 2937 1311 3411 3155 254 1977 1963 2203 2218 4330 4148 2404 3892 3789 4494 2675 10 2255 2805 3368 3629 4778 3660 115 1110 1934 2021 2015 4185 4031 1817 4769 759 4630 2188 1323 1864 3554 4272 1398 1325 4787 864 3978 4611 3702 812 4668 1854 4618 3754 1524 1509 1462 3327 3125 3691 1065 4296 596 1254 2044 499
2273 1665 4608 2600 4987 425 1243 3667 4473 1948 2941 2473 1194 4847 2207 2441 2601 2745 3917 1280 2907 174 3117 4829 4276 1670 1575 786 3369 4921 474 1687 3310 2301 4129 1107 4921 1451 3710 220 1913 670 177 1645 1099 4105 3318 857 4679 4469 3707 679 3370 1028 3149 2400 4073 2575 2438 4087 2540 1185 4556 1952 3430 1945 4186 2366 1074 4841 2637 986 2471 1464 1233 84 3724 4362 3797 2339 1668 1208 3440 3257 4185 514 588 37 4868 4787 4690 2739 1415 1732 1179 3449 2686 4258 2896 1248 1815 828 32 771 762 3846 2311 1770 2955 767 1461 1895 2430 2660 695 1492 193 1298 2921 3097
659 1989 494 3081 4625 4918 1803 4174 4394 4894 4144 59 4703 3443 125 2050 2304 4913 526 4893 489 4876 4278 320 2423 1452 1686 1860 1649 68 348 621 4138 3986 2580 1302 2937 3678 684 1632 2894 525 1583 4835 1510 3421 77 4272 3630 1552 1136 3274 4075 4297 3144 4623 300 840 2058 4998 1011 2671 4950 2284 98 1198 395 2166 1598 3330 4067 2572 2842 4109 316 1837 4436 4529 2530 4577 3107 4116 1644 3932 4031 588 618 3144 826 4041 563 182 2541 1208 1326 3175 3264 4643 3021 2445 799 4044 3154 1464 988 3173 722 1529 1190 4500 1583 1538 2660 756 4372 4957 4727 3499 2968 2937
1033 3084 1014 194 1402 3958 2184 3627 3500 3159 252 4478 1807 4652 2506 2174 3906 4598 981 816 2172 3130 3556 368 1376 3219 3830 3404 4676 3570 1022 400 4874 4114 2379 4784 4992 2479 4672 209 3491 542 3652 2446 2445 1977 4509 4617 1123 1910 1876 3079 1635 81 3447 2178 3589 1181 4308 3983 4120 3706 4486 4151 4873 610 4454 3735 2970 1740 973 2158 4374 3547 1528 4023 159 3271 3185 335 711 4729 2728 3731 1817 37 3144 2857 334 1509 1071 2497 693 4543 251 908 4582 58 4032 3952 4264 27 3247 2428 3095 4860 2518 2005 2190 2610 344 3062 2601 2270 2096 461 2334 622 3201 3989
4356 133 1183 4085 2736 1030 1107 2669 3880 3651 4501 922 2529 4611 1566 2584 319 2345 764 4141 123 1177 387 3576 3665 275 2206 2556 4127 2924 234 2745 4207 260 942 4760 2751 463 4301 1620 2141 2646 252 666 3898 1446 2852 3636 1266 2194 3419 1076 2207 2903 1543 1563 1184 3558 500 2278 1061 3840 4420 1509 1450 960 3157 4181 3224 1731 4066 3980 268 2251 2879 1688 4592 4884 1676 2424 4208 1427 4689 298 4769 4868 826 334 4190 494 3224 4136 2421 1773 2594 3266 268 20 559 3439 4997 2773 865 322 2403 3334 862 2251 4471 2760 2790 3533 338 4833 2887 4294 2955 2385 4463 4093
147 4946 4150 4349 4944 2112 1565 4984 184 1758 3241 4728 511 4748 4454 142 95 785 3074 4553 4429 2657 3166 4897 3215 4682 3415 1180 4460 1048 384 4088 4465 719 4638 4340 1679 4771 4382 2396 212 2050 4098 4883 2337 2310 571 3524 671 4964 2109 144 2388 4510 2328 4840 4305 1759 1459 704 1994 2853 4390 2106 1928 4909 3199 1778 2589 2330 128 2399 1990 3542 3161 3654 3557 2407 448 1088 2045 2535 4669 1640 759 4787 4041 1509 494 2861 398 4540 1787 1576 3212 1386 4609 1801 1837 4511 1222 1251 3053 3670 2908 3324 3146 3679 371 4838 1016 3570 1850 959 2298 2963 3497 88 4347 3107
4413 624 3557 4820 4841 4456 4789 1087 3598 820 442 2146 4021 4908 3614 3603 4489 2185 288 3321 605 3985 1043 3747 1237 650 942 1882 4163 2666 81 715 1641 1656 1216 2576 3351 2441 3759 1844 2605 1028 1123 82 2786 4159 76 1905 297 12 1165 3322 1460 3897 1405 3689 2947 1126 3142 935 4857 4198 1154 2937 1487 1993 3995 4800 1205 139 1717 642 4651 3109 1610 2215 491 2478 3435 4872 4795 3323 1198 954 4630 4690 563 1071 3224 398 4462 1848 3825 235 2690 3635 567 4736 4723 2421 4910 4493 1441 3202 2496 24 3683 2954 4236 725 659 4578 2661 912 1944 2989 3697 1933 4866 2454
644 875 3355 1361 3631 3063 767 4564 3849 234 3827 2237 2736 3637 930 4860 884 2062 3071 2916 3319 3226 4115 4823 1664 1228 701 4326 3978 4373 2051 1978 4526 1703 1541 248 3325 3931 175 4515 2562 1258 3936 1763 778 2178 3281 1146 3455 734 1319 4289 2110 4019 4409 1029 2006 2493 4964 4935 4006 201 1935 814 1563 898 4733 3315 2657 3349 4337 3560 280 1045 863 1945 1205 3588 1938 2444 4644 2973 1294 2950 2188 2739 182 2497 4136 4540 1848 2159 2884 2418 4310 3711 3609 1219 2580 2139 1143 3299 2147 2956 3460 682 3468 2623 3194 1498 118 4303 3824 1573 1919 4416 4428 3502 2274 625
59 1349 2562 3154 4292 2680 2787 1535 4089 2531 1101 4789 2187 81 2286 3804 3107 2471 462 794 2445 3248 3764 1505 2631 4370 1936 418 3848 3046 2831 3514 4275 602 4138 4294 2905 3835 4352 2388 3810 48 4336 558 2087 2007 2499 4732 1969 2778 50 3041 431 3512 1331 1926 2972 786 1100 3222 4730 4014 3333 431 744 4590 2055 2566 1284 1777 3768 4373 80 327 2275 3927 4922 4724 2983 4309 4457 1709 2012 1447 1323 1415 2541 693 2421 1787 3825 2884 2997 1419 2502 4240 2839 1341 3266 2974 3421 3469 3887 1059 1864 1378 1758 1302 2154 2232 867 2259 493 4222 2619 2060 4376 3085 3599 2900
2778 3296 2452 4317 2266 2424 4877 4157 1589 4031 659 1043 4898 1434 3085 4016 78 3373 4250 3283 2579 1210 2534 4131 558 3341 1706 4086 691 1155 36 1180 3435 198 2707 2155 1553 2110 1216 4100 4715 1432 1212 1720 2280 2260 1979 1679 4454 218 1310 4990 3560 2608 4174 1318 3254 1069 958 2539 1701 1501 868 3485 2059 3807 4062 3282 4706 3638 525 2076 881 4025 413 544 948 1674 2780 4607 524 1816 686 4558 1864 1732 1208 4543 1773 1576 235 2418 1419 3127 109 762 4794 3887 1554 1283 2777 720 1250 553 1668 3496 842 566 668 3381 4573 2173 4792 91 691 1562 3736 2678 781 3831
2608 578 2290 868 3942 2213 2593 945 962 3399 1174 2310 613 2837 3106 415 1363 1515 1610 1964 3324 3190 1687 3016 1109 3763 276 2612 4905 1273 1102 2491 2673 4595 703 1808 3807 4714 511 812 1528 4262 1325 3828 3422 1692 1159 4926 1892 606 4775 3481 2842 1278 2969 4613 2446 2406 1380 1683 3361 1731 2407 1136 3250 3746 2298 3209 2888 4783 4365 4834 2225 56 2404 3248 4476 179 890 1714 4414 2480 4901 907 3554 1179 1326 251 2594 3212 2690 4310 2502 109 145 4805 2896 1533 1923 806 3151 1786 4891 816 217 1700 1545 1402 3804 1724 4578 2723 1064 4255 1902 496 2985 795 4665 3403
409 2908 2116 3224 809 3140 4281 376 3754 495 1552 4466 3736 2936 1033 27 3854 4527 4678 2383 540 4466 2614 2325 619 100 1641 3346 1852 1079 2365 522 1007 2605 774 1386 1920 4966 692 1849 4128 2775 2795 1379 4470 3738 2361 4253 4320 1310 4656 845 4474 3867 4541 1844 3865 3130 3743 2931 2663 1194 2943 3278 2932 3073 3440 2919 1181 1628 400 3298 2623 2561 4545 4185 2893 3699 2294 4107 3684 1697 1284 1793 4272 3449 3175 908 3266 1386 3635 3711 4240 762 4805 2719 1408 972 1730 895 1217 277 1410 951 1819 3647 4155 3003 4592 4419 3682 4845 896 33 1409 431 4643 1349 1027 3444
223 2995 602 11 2992 4963 2827 4250 3607 928 739 2808 1230 291 2386 1067 1061 1417 4751 207 1160 213 299 2296 3591 616 489 925 819 3074 1617 2231 644 2877 3565 1351 4768 674 3913 2316 2937 3928 508 1064 3026 1162 310 3715 1324 4683 1649 1375 1718 1877 2606 2652 536 1213 1790 224 4841 3745 3654 3460 3765 1132 1060 4117 3856 4635 520 2852 1060 3833 4269 1552 3030 1705 4521 3542 3786 4716 2301 49 1398 2686 3264 4582 268 4609 567 3609 2839 4794 2896 1408 1094 4918 4457 346 1151 2805 2241 74 3042 4887 32 2043 2639 4517 2359 1581 651 3714 342 1460 3782 4219 88 3533
1964 4151 4086 2455 4550 34 1401 3994 2679 2018 4860 2534 1878 469 565 2539 2415 1932 4857 2937 1200 1505 4312 1223 3971 1325 264 1100 2763 2439 1909 3024 325 2895 3113 2999 2300 4433 4098 420 3214 807 3140 273 1370 3990 2922 424 257 1793 3017 1830 2339 4632 4326 4656 1628 4817 500 3451 1623 432 1776 3347 2858 3598 2137 2464 278 1243 1133 1931 2284 4703 2056 1394 4465 305 4873 1531 2216 3530 2513 1613 1325 4258 4643 58 20 1801 4736 1219 1341 3887 1533 972 4918 2312 759 2015 1015 3085 4598 748 684 4724 2827 3123 4743 3606 1285 1859 201 4013 1117 2863 2387 2314 1933 2497
1125 1359 2351 2838 1623 2564 3995 389 1332 1425 3577 2129 2846 880 4592 4198 3073 555 4388 4000 1628 977 3288 3454 4725 1132 4433 2861 753 421 2330 4415 269 2420 459 405 3271 144 4463 3514 923 1336 4886 4254 1249 736 360 1874 2689 2480 2918 2592 438 1369 2459 4630 479 1720 1916 3527 4695 76 468 985 1752 340 3545 1897 1021 2875 4019 2909 382 2909 776 1830 4807 3366 4806 937 753 125 2555 4851 4787 2896 3021 4032 559 1837 4723 2580 3266 1554 1923 1730 4457 759 1476 551 3201 3550 2999 991 3657 4561 3826 4964 3916 4528 3300 3647 293 4134 3307 4401 3485 42 4199 1283
3557 1200 130 741 2375 900 1027 3180 4028 1661 862 691 835 2033 2726 1521 206 768 1904 2522 3431 3369 2423 1030 3988 2346 1600 3747 1742 3149 1612 3929 3854 3567 2441 1789 3859 3826 3097 266 2947 593 500 1508 1723 2874 4568 3018 1613 2314 2288 4018 3349 946 3818 3444 92 2656 3568 395 1949 2025 1630 4746 4765 998 4232 3966 4166 2111 1009 1502 2634 4823 1960 851 1902 3353 1629 516 4880 3153 2831 2646 864 1248 2445 3952 3439 4511 2421 2139 2974 1283 806 895 346 2015 551 4470 3788 1864 4055 1063 4843 540 456 614 2253 3589 1497 3341 3499 4908 1849 1872 3443 914 2013 921
582 4388 182 1945 632 2962 2919 3522 1488 1854 319 228 2133 744 590 776 1560 2387 4629 3571 1310 3878 829 3029 4837 3300 2521 1122 1241 3439 3572 2550 3839 4072 2478 1880 3109 2660 2152 2562 1520 39 3494 317 3127 1841 820 2210 2389 1445 4840 3462 2213 1955 539 4248 150 3913 2352 1782 33 2514 4431 184 669 1770 4183 3657 940 3954 640 4002 845 2045 614 4610 1162 4450 377 1477 1165 2603 3063 4065 3978 1815 799 4264 4997 1222 4910 1143 3421 2777 3151 1217 1151 1015 3201 3788 3238 3479 4097 822 4349 2283 4673 484 4430 1098 1327 3022 1717 4511 4844 3603 1142 2576 1482 3440
309 1929 1268 3411 3513 4970 2096 716 4662 3226 1583 4272 3991 4442 1116 160 460 863 491 3168 1124 1043 1243 3964 3356 2899 3245 3294 688 642 2686 1567 1918 4710 4825 2381 4309 3236 3447 4963 170 4975 570 312 4547 248 3725 4121 4858 3644 3593 2417 1446 4721 2650 3321 2550 2981 3498 888 4489 297 1283 1304 466 4061 1522 4507 229 2093 1561 3487 2145 747 933 754 1491 4845 556 1277 1648 3456 1055 2241 4611 828 4044 27 2773 1251 4493 3299 3469 720 1786 277 2805 3085 3550 1864 3479 506 1245 2500 2712 1248 2431 633 4968 2761 2118 4289 2685 3816 1738 2622 3397 1981 1771 2517
472 1575 2190 3469 2111 4797 4860 4209 468 1515 1543 1587 739 2488 1363 527 865 4583 4838 2183 4121 4889 1674 4497 816 444 4829 275 3778 2885 4525 4210 2631 4330 3276 1030 3588 3376 418 2584 2289 520 2352 1318 1813 3928 909 220 1264 3723 296 2565 43 3150 2490 3984 4927 752 3355 1700 1960 181 1279 3086 2759 3767 337 1319 3126 4936 2596 4324 1330 1701 1788 3746 4374 4775 1259 923 2051 1522 1131 572 3702 32 3154 3247 865 3053 1441 2147 3887 1250 4891 1410 2241 4598 2999 4055 4097 1245 1797 1349 917 2869 4957 1488 4662 4867 1897 3348 2774 52 3411 3001 331 2022 4541 1623
1418 1788 385 3675 178 4972 319 42 520 2575 862 2039 2106 3998 2592 4453 4606 893 2399 331 958 3494 1002 4495 3451 666 80 950 3246 1012 2798 552 648 642 1394 924 2709 4669 2095 3167 3734 1494 2500 3805 2718 1733 2786 991 3940 4945 1520 2579 3377 4846 1699 1471 1215 932 3817 3225 796 4807 1462 4982 1933 3508 2291 2325 4365 4655 4216 1340 1238 4692 394 3215 3038 4538 1812 3860 109 79 2966 1184 812 771 1464 2428 322 3670 3202 2956 1059 553 816 951 74 748 991 1063 822 2500 1349 202 3921 318 139 3985 1491 1704 1364 3520 2338 2178 3697 1903 2709 2216 2662 2992
4035 307 2071 4942 4617 2229 4017 2464 1294 4087 4365 526 3425 3869 1062 405 3573 2544 1923 1159 1659 2328 2132 222 1475 3329 4212 1025 4683 302 4345 4896 1161 1342 3106 492 537 365 2077 14 4142 3574 76 3656 3497 2608 2350 4981 1030 4339 281 4183 2845 3075 4077 4808 2837 3547 2147 1669 3721 3564 3839 482 4801 932 4584 2834 2601 3455 2582 751 3508 242 1832 2003 677 2827 1902 2938 1349 735 3362 2470 4668 762 988 3095 2403 2908 2496 3460 1864 1668 217 1819 3042 684 3657 4843 4349 2712 917 3921 2030 1133 302 3438 1005 4384 4411 4422 22 740 4193 1006 3114 1458 2540 2690
3106 4970 2237 4153 2093 2073 2894 1638 2641 4140 2250 1765 3263 1185 584 3399 3401 163 2272 3303 1568 563 2963 1709 4545 1554 1874 3102 736 194 4930 948 360 2091 106 167 2223 2659 3540 1545 339 4687 1495 4053 34 345 1295 1983 4655 1867 3141 1541 4317 901 4008 2892 1097 2030 1636 2775 1677 922 2707 920 2248 922 2817 111 3436 3084 2521 1533 2160 3864 1509 684 4038 3548 4318 1655 260 4421 3013 2214 1854 3846 3173 4860 3334 3324 24 682 1378 3496 1700 3647 4887 4724 4561 540 2283 1248 2869 318 1133 3842 3169 2117 4621 3158 4201 4986 1512 1437 1359 175 2038 4269 3320 3588
2183 3213 3339 618 143 3951 2671 4875 56 4175 4354 1988 1050 18 1117 2817 1124 718 1463 88 724 70 1238 28 1520 4326 105 4822 3193 2660 3756 1113 2910 2717 120 3760 4018 3196 4285 3854 2746 1805 4996 1498 808 3553 1096 3800 611 4885 2367 3787 3822 3071 4781 2948 480 502 2900 4697 2123 276 596 1614 3295 391 1886 2577 4701 837 1751 1846 2154 531 4105 3406 3404 1850 947 3653 4206 703 2699 864 4618 2311 722 2518 862 3146 3683 3468 1758 842 1545 4155 32 2827 3826 456 4673 2431 4957 139 302 3169 21 2065 2721 2246 406 2615 4228 4003 1381 558 4498 3185 3793 4444
1019 4308 3773 2675 1895 542 4401 1141 2875 661 3750 525 4718 625 2692 4018 4068 4556 932 3708 2685 3328 2946 2953 4219 3268 3709 954 159 2804 2463 339 215 378 582 3065 2382 1696 4251 2575 265 1208 4340 506 3812 1912 3898 2397 2829 3796 4392 3911 60 3712 2047 3608 1162 4338 3387 4393 689 4021 4671 486 3882 4209 1425 3515 398 3723 203 2263 2623 4022 4341 3588 730 3928 692 4263 3720 1608 4518 4654 3754 1770 1529 2005 2251 3679 2954 2623 1302 566 1402 3003 2043 3123 4964 614 484 633 1488 3985 3438 2117 2065 3841 117 4075 3272 4638 4911 2513 4704 1318 3721 1400 1545 147
397 817 2264 4316 2042 4127 429 1158 3697 2343 1938 3034 1503 2177 2293 3560 460 2445 4769 3837 4370 3376 156 4771 4267 2553 1183 2610 2681 1819 3580 1847 1904 1073 734 1124 66 1280 3181 940 3170 1749 2980 890 2715 2376 3407 2305 2750 1449 2337 1784 856 2010 560 442 3159 4926 1441 2840 1918 4589 484 2764 2574 964 3422 3506 135 2658 2714 854 3086 2028 3773 946 495 4995 2667 3631 4423 4231 4953 4733 1524 2955 1190 2190 4471 371 4236 3194 2154 668 3804 4592 2639 4743 3916 2253 4430 4968 4662 1491 1005 4621 2721 117 1457 3003 1795 3161 3265 1426 2093 1866 2769 4119 4265 1334
3073 4821 2286 1223 4539 3651 4476 3484 711 4279 3337 968 1303 2908 3305 4500 4508 3406 1499 2639 4823 2611 3140 3205 756 67 202 23 1533 3159 4607 4186 208 2310 3670 4884 2188 205 2222 2830 1057 1752 4068 79 1622 2119 4399 3330 1587 444 3854 4375 1277 2775 3001 3239 1126 845 1146 3973 118 4341 4731 3841 4633 2545 97 4051 668 1884 4357 2297 1894 3000 2153 2188 329 2061 1718 1896 4564 4317 654 4537 1509 767 4500 2610 2760 4838 725 1498 2232 3381 1724 4419 4517 3606 4528 3589 1098 2761 4867 1704 4384 3158 2246 4075 3003 103 2557 2269 388 2307 3093 869 3061 1337 1607 2284
3193 2718 2857 1484 2456 2499 4457 1342 1486 1370 1665 4516 2659 1731 1333 3411 3288 3327 4881 1347 620 214 4298 1961 1544 1446 564 2456 3493 1538 722 3480 3214 490 1699 3831 1196 748 2693 387 4267 3071 2759 4948 4476 2973 4653 257 4887 1837 3796 249 655 239 998 1275 4954 465 2540 4181 1974 180 4429 1912 3328 2740 1415 527 4234 4236 4286 4719 2557 708 1133 352 4787 4638 2666 3758 2847 2140 4117 4776 1462 1461 1583 344 2790 1016 659 118 867 4573 4578 3682 2359 1285 3300 1497 1327 2118 1897 1364 4411 4201 406 3272 1795 2557 33 3964 4646 1269 2233 4459 442 1440 3907 783
715 3820 3528 3640 251 617 1123 2536 2303 3580 445 239 3755 548 4209 1308 3126 2198 2696 4884 2848 1666 375 3904 156 1496 819 1630 1831 3972 1562 556 2518 1355 4245 4843 3386 3550 1703 3883 3668 4334 135 4808 4541 2625 4004 907 2407 960 2529 2415 2566 2580 758 3801 3272 2387 720 1188 863 1230 3527 645 1407 3643 166 493 1494 3696 3924 2028 3775 4851 897 4509 1240 2800 1387 2253 101 3896 2335 227 3327 1895 1538 3062 3533 3570 4578 4303 2259 2173 2723 4845 1581 1859 3647 3341 3022 4289 3348 3520 4422 4986 2615 4638 3161 2269 3964 4518 3955 2617 4070 4882 359 1383 2902 4091
722 3279 3612 387 3184 4384 3000 1623 1171 4133 1714 4590 3504 4883 4288 3798 1651 145 1543 380 2527 446 1936 1325 2673 2867 3924 626 1436 3375 2021 2756 4709 4997 350 1540 1956 730 3052 472 2110 3268 1041 4859 4669 4529 718 2767 1697 3007 3008 1380 4439 1697 4931 1756 4640 4399 1572 1110 3399 4664 1263 3403 3869 1257 1018 1819 2350 191 1819 4856 4471 3466 1820 1274 1520 998 1653 3673 3619 1020 3984 949 3125 2430 2660 2601 338 1850 2661 3824 493 4792 1064 896 651 201 293 3499 1717 2685 2774 2338 22 1512 4228 4911 3265 388 4646 3955 3810 3201 3644 3958 1108 1505 3558 3406
2187 268 3928 4256 2934 3077 4361 1008 920 3221 2660 4389 2450 1773 2206 622 4833 1503 3567 570 1056 2111 773 3142 4899 968 4780 1232 2588 1667 4684 3209 735 3605 3824 3748 342 4274 469 1000 14 3153 1101 2646 4821 4555 4137 961 4854 2720 201 3922 1520 2391 4655 2680 3313 3796 4469 182 4610 3586 1856 4499 2092 1955 4929 4507 4822 4993 3420 1378 3557 502 1988 1079 3533 2053 2392 4125 4265 3454 3484 654 3691 2660 756 2270 4833 959 912 1573 4222 91 4255 33 3714 4013 4134 4908 4511 3816 52 2178 740 1437 4003 2513 1426 2307 1269 2617 3201 2973 4188 1065 3904 2873 2868 2286
1468 4961 4448 340 2776 2152 1515 4239 20 3143 2316 4369 84 2660 2647 3059 1435 3500 754 1097 1621 1613 3484 2700 2118 1261 34 92 563 3954 399 4705 2017 2127 4156 4491 640 1688 2118 293 110 3982 4846 724 3535 203 4256 1848 1245 3932 121 3531 2875 2238 3048 4221 1424 1183 2363 2366 1195 1737 1457 3942 4093 2663 1543 409 309 3773 4558 4684 1590 3660 1024 3159 2980 2636 1508 4825 1534 4517 4502 219 1065 695 4372 2096 2887 2298 1944 1919 2619 691 1902 1409 342 1117 3307 1849 4844 1738 3411 3697 4193 1359 1381 4704 2093 3093 2233 4070 3644 4188 4049 4398 2857 1630 4037 1901
582 4282 2442 1331 270 4772 1888 649 4365 1995 1287 2830 3709 1053 2330 848 4529 1070 2568 1843 3864 1057 2638 2957 4446 2316 724 1736 1760 4499 918 4691 2513 3605 4691 3364 4476 4130 765 3403 4597 4804 4302 1650 1558 4096 3241 1338 4857 4452 3340 303 3660 4111 4479 3374 2586 608 279 749 3637 3447 1980 445 3472 3548 1398 4163 1648 1164 207 1235 1653 2451 4287 3602 1646 3562 2497 4616 4704 4170 2628 919 4296 1492 4957 461 4294 2963 2989 4416 2060 1562 496 431 1460 2863 4401 1872 3603 2622 3001 1903 1006 175 558 1318 1866 869 4459 4882 3958 1065 4398 468 2141 1773 2280 3603
1823 1127 4210 3460 2682 109 392 2003 4006 3744 366 488 3547 3844 2065 3889 3015 4978 3524 1512 2837 3647 3816 4513 2703 2758 947 3994 2985 4418 160 4125 832 4122 1880 1979 3876 1548 888 979 3753 4678 873 3235 2705 3518 2828 754 809 2729 3439 978 1576 2389 4576 2000 415 3877 1109 4351 1748 498 4154 103 347 2492 2296 2014 1081 1556 3696 1890 4300 4755 922 1285 1373 193 694 4082 3734 38 2531 79 596 193 4727 2334 2955 3497 3697 4428 4376 3736 2985 4643 3782 2387 3485 3443 1142 3397 331 2709 3114 2038 4498 3721 2769 3061 442 359 1108 3904 2857 2141 1094 4784 772 4480
3612 2557 4776 2206 937 3665 3235 916 4933 1524 3552 241 3378 1786 886 1367 3742 3436 980 3934 1262 4075 1443 2984 675 3219 1224 4483 2030 2910 4479 2020 2374 1705 2112 174 4602 746 4559 2054 3496 1316 1823 1788 3834 4269 1276 4292 872 4068 3840 1945 1727 4189 720 844 1505 1890 1475 2241 2733 3087 613 399 894 3772 169 3412 2026 2641 4969 2550 2145 4019 1597 3710 1529 3649 388 2020 2859 424 1707 3910 1254 1298 3499 622 2385 88 1933 3502 3085 2678 795 1349 4219 2314 42 914 2576 1981 2022 2216 1458 4269 3185 1400 4119 1337 1440 1383 1505 2873 1630 1773 4784 1786 3152 2564
4213 2750 2273 3269 3752 3693 52 2543 2984 48 3439 3401 1598 3028 2609 940 3105 1487 1889 383 4739 2755 2966 4515 3617 3219 4334 2019 2270 445 4225 2895 1435 739 4211 2649 2285 3246 3145 601 4193 354 2552 4546 3465 3959 917 369 2200 876 3409 397 2694 3633 3300 4933 909 4676 3858 4968 1237 1151 3844 4029 1161 4282 2951 4924 3229 666 1003 1521 3148 3433 612 3963 2791 978 3795 4682 4115 232 290 3183 2044 2921 2968 3201 4463 4347 4866 2274 3599 781 4665 1027 88 1933 4199 2013 1482 1771 4541 2662 2540 3320 3793 1545 4265 1607 3907 2902 3558 2868 4037 2280 772 3152 1551 367
2883 2568 2973 712 3856 1397 2250 4320 1694 1746 896 1931 4446 2140 3254 2898 4895 3427 4474 3154 428 1827 3649 1231 857 3149 1518 1175 1435 2218 3608 1271 2857 1310 103 3746 3333 4969 197 3574 1668 4690 387 129 4620 3747 2655 2942 1570 3375 1828 4495 3034 558 1480 4028 2733 1230 595 3753 157 835 3907 3138 417 661 3614 4960 1135 252 4906 4465 2726 794 995 4130 1909 3499 1175 317 1969 3605 2248 437 499 3097 2937 3989 4093 3107 2454 625 2900 3831 3403 3444 3533 2497 1283 921 3440 2517 1623 2992 2690 3588 4444 147 1334 2284 783 4091 3406 2286 1901 3603 4480 2564 367 731
