N: 120
M: 24
Symmetric: true
Triangle: false
4 107 28 73 37
3 90 29 13
4 14 44 35 30
6 22 92 111 48 54 38
5 100 21 61 3 8
5 2 93 117 79 12
6 34 76 86 46 64 55
4 16 45 83 89
4 59 62 119 71
4 40 63 17 51
6 109 47 120 110 69 56
5 113 116 118 43 49
8 84 75 72 91 39 50 27 103
3 18 82 106
9 74 101 78 114 77 70 7 42 23
5 4 66 32 98 67
6 11 57 52 80 24 88
8 97 68 26 65 60 99 58 115
2 9 112
6 94 96 15 95 41 31
3 20 19 81
5 105 10 108 1 102
5 104 53 25 33 36
4 85 5 87 6
3247 208 4578 4386 510 1561 1950 2655 4866 3296 1102 4604 1677 4388 2854 1809 3402 2932 1434 2570 4189 1659 1357 2301 3216 391 635 1964 54 2921 2724 1970 3558 3857 1973 1490 3955 143 1790 4247 512 4938 4597 1304 4312 4336 1048 4084 1801 3493 2306 4487 2216 2505 3781 3279 1851 2092 916 3275 221 4288 2570 853 3355 954 844 782 1892 298 4158 2603 3802 2948 4356 4956 4527 2926 4063 1599 3785 284 1304 225 2431 2350 1576 2435 4617 2807 3684 3453 1384 3595 1552 1962 3801 4379 3368 1666 1774 1197 4074 4989 2937 3809 3267 2744 2330 2976 3262 248 1299 1029 3388 2072 1142 932 4745 3149
208 4626 2795 4781 3482 4755 1181 2734 658 3112 3144 543 2729 91 2178 2028 2320 3776 2792 4750 2290 3530 2016 2791 2064 3272 3453 2215 2755 1798 2822 1240 993 3483 4542 4504 1262 836 3429 659 672 422 219 4849 3313 3551 2165 2543 100 4249 4209 1019 3675 1923 891 1186 131 1887 3803 1093 3424 575 577 2112 2093 180 2165 2873 1484 3617 920 3574 4942 4260 3365 746 1177 2926 1408 71 4498 3166 1343 1046 740 2938 3069 678 243 125 3911 3804 2263 1833 67 4509 1877 3571 542 4281 243 43 1407 4648 1974 1550 2159 3327 3821 2837 3119 2404 4961 591 371 4298 3670 3171 506 2364
4578 2795 3138 1663 1439 220 1268 4981 1344 117 1032 2453 4718 4439 2366 4266 4412 526 4621 4609 2446 2624 4408 4487 1228 2737 2845 4499 226 2866 3474 4393 873 4601 1150 3516 885 1819 1148 1791 271 4422 3388 2075 4944 4986 2148 3724 3007 3549 4867 1665 3067 4235 3051 431 326 607 2428 2812 2042 3801 1742 2131 4803 1862 745 4956 4010 274 136 4039 1790 16 478 3393 2479 281 529 923 3861 2874 3936 3755 4826 1782 67 4755 1775 4465 3979 2590 1535 3712 2641 4304 1892 1970 1280 3746 3193 3087 3612 839 3386 1782 136 1504 2255 3903 498 728 4002 4404 4351 1707 4151 3746 4660 4325
4386 4781 1663 1909 1934 3088 1961 1499 2873 3563 1390 3532 1282 1013 3364 993 800 122 2902 4797 4927 2210 3666 3578 962 3827 4349 1592 1634 1161 3206 4287 110 4949 3381 2407 1431 762 2646 1170 2983 1035 3711 1770 4306 4128 3015 4022 689 2389 2501 2859 2856 2600 1845 2598 2876 2593 2041 34 1197 3337 3569 4103 427 3103 116 1090 3063 1150 1897 376 499 685 3486 4542 800 4630 3425 751 4905 2059 4572 4206 1240 2576 2659 1548 4454 2393 2631 4544 3827 1009 3441 3997 4779 1258 2557 2884 3043 4828 2301 1261 610 2872 4537 1913 4671 1656 1740 4377 3641 3218 1992 1547 596 3179 4142 2075
510 3482 1439 1934 843 2307 2951 1609 3573 74 3223 207 151 954 150 3358 3236 4423 3697 636 102 4425 3759 3415 4135 1586 1195 1635 1143 3835 4636 587 4742 1652 956 1406 4720 1937 3724 537 3086 4249 973 1631 2505 4344 239 3922 2794 2905 452 2327 4156 4904 400 4396 2354 2835 4794 2088 43 1276 2585 610 1798 4409 180 3408 2185 563 1799 2761 4746 2561 928 1667 2242 4765 1690 1920 1410 4688 3600 3529 3595 681 1456 3049 3995 744 1417 2389 725 3317 1367 877 1577 494 4084 3462 3868 4492 4897 1431 3847 2084 4129 442 564 3117 709 4114 4368 3520 3958 2581 3046 3873 511 631
1561 4755 220 3088 2307 153 2240 1509 2544 3544 2248 2115 1694 1559 3681 1218 1348 1439 1011 1947 719 3859 1397 340 2471 2696 4872 1304 2799 311 3154 684 527 1854 2445 845 53 1172 2790 4624 2888 3087 3695 33 1007 3267 2427 4726 399 1595 555 3633 942 342 3388 1135 3232 4363 1616 632 476 4975 408 4286 2941 2058 567 2194 2920 1560 199 2495 3312 606 2268 2996 3956 2615 3009 2792 946 4632 24 3529 3225 1747 795 177 1078 4255 2862 2538 1363 2820 2788 2040 1127 868 3816 2701 2270 854 537 2832 66 685 4192 1538 2196 11 3401 3136 1829 895 4482 4639 209 2021 2659 394
1950 1181 1268 1961 2951 2240 2928 4987 307 3816 3005 1797 1656 2135 1955 1630 1549 4466 3220 2814 2767 1010 2964 4363 687 4012 1607 3836 4960 1659 3059 1959 482 4396 3299 991 4071 407 4360 1784 2477 4162 259 2384 2090 4931 1827 559 1171 751 2900 4673 1064 4642 2939 4858 4441 3247 448 24 600 4217 2178 3001 3496 4861 995 345 675 400 4202 64 2551 357 4002 2372 129 2073 296 3595 4892 2061 3078 2631 3689 12 1131 3900 4678 3336 1352 1016 1777 3637 1644 3217 452 4265 2334 4486 893 3765 1214 3301 679 1374 2814 3836 960 3264 3852 4112 673 1895 3821 4669 2453 2933 4033 4294
2655 2734 4981 1499 1609 1509 4987 3119 2839 707 704 1355 3488 4529 183 700 3396 1824 310 757 4186 947 1603 3240 2904 4511 4221 360 454 2466 1116 450 4430 4111 3695 719 1849 3369 585 968 2309 3795 3637 3517 3929 3080 3649 4945 2907 3830 3855 2457 3971 1836 281 3109 615 1376 1419 1531 3605 3481 4545 4629 4211 1293 1490 109 4622 286 4539 803 2191 1688 110 1445 4589 3809 3437 3063 4253 2025 812 3181 2306 2956 430 4985 1787 3137 4718 928 4029 1019 1722 955 4485 3848 444 4070 4591 2541 3749 1060 3363 1983 1306 3823 4562 1675 3534 4460 3197 4007 4840 3739 855 2674 3112 2626
4866 658 1344 2873 3573 2544 307 2839 4047 3151 1629 3744 2358 904 744 4766 4659 601 4375 4266 3037 3703 4385 1642 397 4686 880 4849 3974 2933 2292 2446 1291 3155 470 3169 903 1722 2673 4519 3309 4793 3458 3107 4798 1233 4349 4826 1654 4453 601 3847 286 1834 3099 2421 948 3101 2195 3701 4306 2860 4272 4961 3220 4254 19 1075 1922 2662 4411 652 1169 2876 1156 1852 1171 1763 3557 1665 3235 39 2784 2279 1358 542 2659 3989 1504 3508 3316 2117 3500 4089 311 1356 1990 2870 613 3487 3474 1396 2554 1314 1388 4976 3923 4761 2607 1201 237 3304 1188 1043 1038 4689 3798 3141 1986 2368
3296 3112 117 3563 74 3544 3816 707 3151 4791 969 3156 201 4204 1091 4889 4949 1966 935 2471 3996 874 2967 3573 2174 2266 3930 2040 3973 936 1646 4725 3778 883 3035 873 2906 3547 2951 3501 2004 877 2116 1393 4019 2812 780 3044 2199 1288 4210 432 1147 1985 4417 1055 1102 3660 1213 4099 2851 1934 4324 2984 2545 1019 1157 3252 4815 580 2192 294 2622 3377 382 1268 903 2584 3965 2401 2768 440 583 3198 12 2131 1900 2354 2134 803 501 3622 4560 2741 4865 1630 1929 4797 4839 1236 2641 628 3543 379 518 4996 1276 1335 2612 632 4779 4344 4002 1709 3048 796 816 1574 4920 1987
1102 3144 1032 1390 3223 2248 3005 704 1629 969 1344 1776 1346 4613 3407 2755 1231 3577 2950 2299 561 1162 3363 3378 2548 1571 4182 4054 1284 887 954 451 135 4483 2660 580 2918 488 4368 1618 140 3024 163 1804 4831 4925 2610 2072 1665 2716 2436 2076 3093 4998 1494 1148 2881 4511 4503 1619 2189 2254 4344 4113 2274 2269 3774 3491 2096 4538 4749 4806 2765 3607 2238 4921 2437 677 485 96 3768 571 2323 3473 3659 4902 3983 2603 4263 4158 277 1711 4460 3933 4036 3669 4114 1727 581 76 2929 2840 323 508 4658 4121 2921 1713 1617 4732 2323 2162 1381 1429 1681 4957 4339 1646 90 1688
4604 543 2453 3532 207 2115 1797 1355 3744 3156 1776 570 3879 4374 576 2808 1684 1593 4429 1773 1356 4430 1001 4132 431 725 3793 234 3759 921 2676 2787 3169 118 4300 1848 2892 1861 794 3016 4351 209 2495 604 2806 3339 4824 4941 2890 3941 4120 936 1137 2490 1451 1757 1500 2301 107 4451 748 3940 3163 3887 2554 2619 2947 752 2171 1702 551 4517 1637 2762 3627 4832 2218 124 3495 299 1338 4897 160 1225 2843 1936 2968 950 2003 1370 2452 3702 2625 810 2644 3526 3967 3444 2430 818 915 1440 307 4682 3677 653 221 279 3148 4146 1453 4912 1902 843 4595 3999 4234 1488 2676 3370
1677 2729 4718 1282 151 1694 1656 3488 2358 201 1346 3879 981 1370 911 4708 3513 1323 3070 187 2014 3895 3176 225 553 4844 566 4459 4830 3507 2459 643 3150 1324 4164 4720 3662 1798 489 1083 1061 1426 726 1624 4163 4805 4127 2182 3709 4781 2088 1770 673 4831 4964 1923 4503 1615 1774 3426 1170 4744 999 48 2170 2568 700 3002 4889 492 2833 4389 3993 4534 1273 3762 1581 2563 1477 1968 4520 1226 2045 3382 3682 1288 4026 1124 3152 971 966 1224 3034 4675 3350 931 49 1945 3761 3262 411 4484 3839 2538 2172 2335 411 4882 30 2106 2743 3614 932 198 903 4655 148 2254 3826 3242
4388 91 4439 1013 954 1559 2135 4529 904 4204 4613 4374 1370 3306 4945 2320 4422 3181 922 810 1751 3121 4313 4949 2144 3591 3276 3794 897 788 1520 552 2382 2083 815 4608 3915 1363 1567 493 493 4883 559 4152 1656 1630 3046 4096 4472 2238 2450 2718 4447 2639 2901 3059 2829 782 278 4147 3405 3311 1089 2835 4052 2605 3225 1254 4485 495 517 2049 3123 1549 1959 2175 578 1598 3741 3643 1392 2140 11 1714 2582 674 3992 3971 1240 943 1179 1474 4131 791 2132 2168 3216 1274 4976 4677 318 1724 4804 31 3129 618 3082 3816 2792 4858 3058 4939 3325 537 1035 2452 1021 1264 391 748
2854 2178 2366 3364 150 3681 1955 183 744 1091 3407 576 911 4945 1874 4079 1106 3593 400 2385 3436 914 3451 493 2573 4722 4216 3250 530 1175 4682 1254 2933 2750 1315 4435 467 3318 4890 4633 2737 2158 854 752 3629 4098 1824 3908 3128 4445 4270 848 1021 3874 3645 2442 1230 4612 4075 3970 3022 213 3464 941 4389 933 3574 2708 4598 2337 2481 2785 3588 4985 4608 339 3784 51 1459 2783 3916 4929 209 4086 813 1044 4012 2721 2301 287 4303 3938 1315 1581 2770 3104 4868 1820 4609 4745 817 1757 569 455 2006 4699 4222 2460 1547 836 393 2306 28 188 2805 3152 415 2226 1284 1025
1809 2028 4266 993 3358 1218 1630 700 4766 4889 2755 2808 4708 2320 4079 3477 3308 4896 3775 738 1014 4667 2935 4374 2170 3752 3956 2048 3784 2993 1198 828 578 1545 4150 1568 1580 4666 970 1277 1931 3977 128 3486 625 2739 3408 1280 1476 4971 4992 1393 1080 416 1543 297 2105 4046 277 1795 426 4741 2245 2642 1235 3028 4638 196 1529 3150 2259 4597 3922 1036 2424 1679 2880 3780 4797 1287 3162 360 1003 1024 4920 2023 4411 4401 4324 2056 3785 2819 3291 581 433 3701 1019 1770 1588 2410 558 4792 3494 3290 4854 4081 1717 3127 3419 2667 2355 716 1705 2128 4970 3108 4671 3416 3890 2400
3402 2320 4412 800 3236 1348 1549 3396 4659 4949 1231 1684 3513 4422 1106 3308 949 1013 2404 281 3062 1143 2606 1949 3493 1721 1513 2496 3735 1222 4638 3373 1884 493 232 3677 4164 3706 2496 1660 4514 2341 4305 1037 4694 883 4861 4274 518 4038 4523 974 4829 799 3799 1547 3387 855 3494 2397 2658 175 4265 4850 1874 1514 1454 1513 686 3036 3517 1182 3923 2314 4830 4101 1936 1158 1185 1836 4706 2220 2824 2314 3890 3852 4973 935 4931 4300 289 3805 4343 561 2239 4227 1348 1742 1777 608 2243 1828 3127 3301 3595 1604 3953 4844 1566 3497 4723 945 3638 4336 4808 4098 571 1773 3490 3176
2932 3776 526 122 4423 1439 4466 1824 601 1966 3577 1593 1323 3181 3593 4896 1013 2782 2336 3205 4868 723 2744 1525 1163 4582 2985 3333 2360 3254 3291 2192 3672 3730 3006 876 4506 3781 911 2059 4484 4618 607 2189 296 878 4577 1880 195 191 1984 2946 1334 3095 838 790 4324 1305 2657 1408 96 3429 2535 3018 4628 2998 2510 4539 2641 477 930 2689 3884 2423 3686 4852 247 2859 3015 3954 1532 4703 329 368 1336 2409 1093 543 144 328 162 4760 4865 317 2630 4564 4125 2584 4479 388 3682 362 3142 2688 4911 1462 3046 1900 1695 622 892 1289 1084 3892 4536 3854 2994 2001 1757 77
1434 2792 4621 2902 3697 1011 3220 310 4375 935 2950 4429 3070 922 400 3775 2404 2336 629 3907 3980 3848 1617 4559 1681 315 4547 2678 2472 4734 3730 3560 413 4852 3799 740 4820 2826 4450 1222 2809 4485 2727 2507 1498 3443 4629 3627 4355 4039 4305 724 142 2827 1612 4882 3269 3101 847 4370 2394 3251 549 1092 2560 4339 3924 3217 3413 3149 3892 3757 4397 2502 715 2574 2790 1932 2315 4254 1763 3583 2501 3077 850 370 4930 1744 2298 1706 2727 3271 2958 811 3752 287 1585 4258 368 3240 1339 1020 2359 313 965 347 4544 3180 3456 848 1392 2130 1538 1699 927 4238 1242 1494 3527 4047
2570 4750 4609 4797 636 1947 2814 757 4266 2471 2299 1773 187 810 2385 738 281 3205 3907 3575 1784 3156 926 3024 419 1597 2944 2646 1147 4786 4670 2385 2614 444 3589 4316 632 2327 3999 170 20 580 4229 265 1996 1345 2023 1750 4290 4678 2034 4620 512 4907 2070 4928 4525 3834 4135 1039 2404 2267 3074 1885 1934 2581 1948 601 391 4134 4712 4271 3908 3232 2078 2425 3435 3058 4343 4351 1844 3516 763 4064 3831 4910 2300 1384 2166 4930 4954 3019 4015 669 2691 1864 451 388 4919 3039 2412 145 1790 587 4598 92 2022 3071 108 4544 3208 435 4464 4209 2485 4824 4347 3703 2466 3869
4189 2290 2446 4927 102 719 2767 4186 3037 3996 561 1356 2014 1751 3436 1014 3062 4868 3980 1784 847 2696 633 3976 4503 3173 2235 3643 3687 3332 1116 2139 3215 800 2570 3121 1359 2960 430 4682 4573 14 1127 2104 2726 3381 2104 1342 2095 3679 1936 2845 1234 519 1226 1076 570 413 1840 796 926 2814 3891 100 1977 1179 4317 55 2303 2168 4164 3607 2511 591 4868 3885 2280 4924 75 1435 2503 3936 4277 4117 4575 178 4513 3967 691 3659 2446 270 2310 336 4387 3607 2703 3622 2938 2028 277 3699 1772 1156 1080 266 2962 4701 15 3636 848 3329 2225 1658 3677 3046 3130 3550 4397 1420
1659 3530 2624 2210 4425 3859 1010 947 3703 874 1162 4430 3895 3121 914 4667 1143 723 3848 3156 2696 2599 268 1765 2443 4591 266 1492 1162 1273 2732 4832 2329 466 1365 4475 2082 1873 3356 1857 4799 270 1284 4642 4190 438 2922 2482 2092 1694 534 847 601 3751 2310 1823 4670 1992 3221 2034 1657 1836 621 4973 2142 2499 701 3866 3716 3301 1787 572 3234 1391 3902 602 2046 3740 30 4754 3850 4966 3913 217 3202 257 3726 1027 2738 1103 4635 4692 1272 4694 825 4305 1036 4395 3213 2077 1970 2044 3647 1398 3482 2836 4352 2107 2409 986 2250 3988 4355 3715 2970 4486 526 2776 138 2193
1357 2016 4408 3666 3759 1397 2964 1603 4385 2967 3363 1001 3176 4313 3451 2935 2606 2744 1617 926 633 268 4153 475 2294 2722 1277 3580 4632 4911 627 650 4501 4651 3299 1147 1677 4121 92 1937 2383 278 1916 1041 703 2158 2143 3184 2678 908 2834 604 741 1297 650 4787 3536 4957 2490 3959 443 765 3694 1412 4329 2494 1252 1987 307 2619 183 407 939 761 3516 2919 3824 3475 1650 704 1655 147 2991 1472 4402 2653 1814 4599 3862 3175 4079 3616 3819 651 4740 3024 302 3422 4927 60 1428 4691 945 458 240 4877 3002 2409 1130 588 3308 1786 72 589 2259 3574 1954 3786 1396 2320
2301 2791 4487 3578 3415 340 4363 3240 1642 3573 3378 4132 225 4949 493 4374 1949 1525 4559 3024 3976 1765 475 4518 811 808 2833 1803 727 4624 847 4733 1197 1711 1349 1137 1150 3770 4808 1493 4256 2674 4279 1097 1500 2469 3724 739 4736 839 923 2557 1003 3664 4097 613 1076 1622 1673 3337 4413 4886 2352 1284 2897 3210 3986 4947 4726 1141 2309 1015 902 169 4202 618 3641 425 370 3029 4330 3949 2769 1154 409 4471 399 425 148 4319 4155 4443 3679 87 2886 592 3416 4410 2025 2495 1588 4337 2892 559 635 1923 698 1179 2008 1248 2122 3450 1082 4748 4435 431 3975 950 2525 3279
3216 2064 1228 962 4135 2471 687 2904 397 2174 2548 431 553 2144 2573 2170 3493 1163 1681 419 4503 2443 2294 811 108 866 4581 3326 2525 2167 286 1617 4410 3175 3325 3466 1953 4818 2872 1475 4008 2146 2298 728 1731 758 3432 3201 2619 1042 3957 2970 1078 1871 4951 4239 3714 4718 12 1726 3419 4895 555 2960 1501 2889 2294 3180 846 1036 3014 3891 2023 838 2323 4725 4921 3671 253 1019 3354 728 1058 1688 1929 3670 2004 683 3048 916 340 4468 3869 2211 330 1372 4351 361 3091 2625 2190 2326 2849 4182 490 3219 3876 4039 604 1058 1083 4793 2558 11 1482 2659 370 2211 2073 4573
391 3272 2737 3827 1586 2696 4012 4511 4686 2266 1571 725 4844 3591 4722 3752 1721 4582 315 1597 3173 4591 2722 808 866 2640 1289 204 4730 2779 3281 513 2206 4467 1820 1159 1874 1264 1382 1787 2564 4413 4573 835 3085 2785 3381 2204 1800 4755 4690 2279 4569 391 1223 3013 1449 328 3367 2569 1142 3444 3089 4389 158 3307 4611 3052 4406 4650 788 2831 1286 4368 1082 1473 687 1577 988 1351 4957 3635 2518 4603 4338 2274 3127 339 1939 2214 708 1028 4324 3832 3242 4077 3204 467 312 3444 1414 3939 1269 1985 2367 2172 404 4513 1752 2163 3446 3303 2609 2817 4124 2070 4357 23 3672 1393
635 3453 2845 4349 1195 4872 1607 4221 880 3930 4182 3793 566 3276 4216 3956 1513 2985 4547 2944 2235 266 1277 2833 4581 1289 4786 289 4586 1527 1757 1977 3540 803 2963 2618 3796 3310 621 3061 4920 450 1921 114 4780 1727 2300 4487 2364 2046 1016 887 2431 4117 1037 3070 1186 551 2445 3939 1975 4302 2004 3793 4530 1737 4784 540 79 1980 3925 2449 1514 4658 1832 3839 3958 2190 3499 3496 1038 1509 687 2997 4654 1079 2567 1658 4741 3257 1090 1891 1619 2286 2339 1256 3819 3336 3550 3590 3816 2692 3580 3247 2904 1399 3211 3957 4742 1557 392 3990 326 2231 356 2569 1251 466 605 4929
1964 2215 4499 1592 1635 1304 3836 360 4849 2040 4054 234 4459 3794 3250 2048 2496 3333 2678 2646 3643 1492 3580 1803 3326 204 289 3202 3984 1381 3383 4037 3453 4143 2839 2270 2388 4405 2342 1172 1819 1584 685 555 3301 1337 898 1431 1979 4109 745 3001 1075 4565 1233 3499 3998 4742 1860 51 2828 4126 3233 2723 990 3862 3262 799 2347 1132 3671 1892 3209 434 2226 3184 4736 2783 664 1565 3985 1127 2274 2360 3180 4044 32 1672 334 86 2925 2705 2885 3930 1112 218 2702 4261 2398 14 3063 2164 4100 857 850 3781 845 920 4648 3045 4392 1353 1994 1642 885 4043 4971 823 827 671
54 2755 226 1634 1143 2799 4960 454 3974 3973 1284 3759 4830 897 530 3784 3735 2360 2472 1147 3687 1162 4632 727 2525 4730 4586 3984 1518 54 4770 4340 2602 2243 1003 1612 2195 4199 4537 1608 1096 2476 4642 1849 2928 1087 2586 3601 2885 180 4782 382 1372 4518 1070 1369 3930 2428 3603 2363 2180 2847 1899 4048 1545 1912 4800 3215 3266 57 2876 1626 2224 325 1378 2347 2836 1424 3216 759 2467 4381 3660 3669 2026 3719 4116 1921 1751 1417 2078 3290 1012 3185 3055 4534 3174 972 2123 2823 4789 3041 3233 1444 3577 1290 269 992 3746 2065 1377 843 2508 1936 4992 1483 3772 2311 3305 1594
2921 1798 2866 1161 3835 311 1659 2466 2933 936 887 921 3507 788 1175 2993 1222 3254 4734 4786 3332 1273 4911 4624 2167 2779 1527 1381 54 3712 2042 4419 3385 4014 897 4142 4784 3596 3166 975 2760 2247 182 579 271 2134 1144 803 4666 4444 235 1126 3853 3023 109 4034 4884 3970 4797 3196 3952 2825 131 4444 1633 33 3515 2471 1553 1989 3978 4645 1876 3836 3245 2427 1157 1250 3259 794 2530 3391 1398 4266 3086 1571 4503 3354 4764 2660 3734 3084 3736 2569 121 1817 2216 32 3752 2775 27 125 3331 3793 122 3459 2976 4445 53 3131 618 750 3817 4169 3528 3878 3817 2319 1024 1671
2724 2822 3474 3206 4636 3154 3059 1116 2292 1646 954 2676 2459 1520 4682 1198 4638 3291 3730 4670 1116 2732 627 847 286 3281 1757 3383 4770 2042 3569 2698 3823 4338 2099 316 924 626 3542 4753 1293 1299 2828 3116 4256 1504 2439 2823 2162 3106 317 170 712 691 57 499 2517 1875 2357 2521 4830 1866 4265 1781 733 4083 2269 1199 4798 705 2687 2425 2432 2287 754 3029 3750 1731 270 73 2390 602 299 4840 4057 2171 3854 3245 4125 2421 1558 3100 1664 3021 4286 2119 661 1824 1850 4532 4240 1723 3924 592 2792 4427 3904 1151 166 4006 4051 4993 4740 4163 3339 2975 3150 2134 3130 4874
1970 1240 4393 4287 587 684 1959 450 2446 4725 451 2787 643 552 1254 828 3373 2192 3560 2385 2139 4832 650 4733 1617 513 1977 4037 4340 4419 2698 3064 3758 1122 3688 882 2934 4257 2872 3653 1513 4515 4880 2455 484 433 2317 2506 697 2246 1271 546 2833 4058 2177 656 4562 4032 3830 821 1872 3993 47 3279 4452 3204 2025 1546 2675 2505 4478 4057 1268 1123 4729 1157 4029 983 226 1105 1494 1342 2138 32 2424 2749 4205 2031 2583 1484 3695 341 1557 2879 360 4429 3033 1621 1261 2578 321 1629 4356 4614 823 3087 239 4008 3836 1899 833 3297 3514 2849 1314 4287 3645 1476 1597 169
3558 993 873 110 4742 527 482 4430 1291 3778 135 3169 3150 2382 2933 578 1884 3672 413 2614 3215 2329 4501 1197 4410 2206 3540 3453 2602 3385 3823 3758 313 4573 3785 4326 315 4704 2434 2709 3887 2036 1508 2031 1751 24 3360 3229 4558 4276 1578 4970 3262 650 2782 4072 1881 3847 368 1698 1857 3753 4673 152 1820 4604 3986 4021 1158 3997 217 4131 416 3137 4901 1690 15 3754 1880 2485 4687 3641 2016 1358 1810 2915 284 2709 3043 2951 4753 3504 3149 2861 4910 2545 779 4425 3633 1205 168 840 1028 936 4070 864 3964 977 1785 2805 2723 536 4939 859 43 3524 3876 1810 4391 283
3857 3483 4601 4949 1652 1854 4396 4111 3155 883 4483 118 1324 2083 2750 1545 493 3730 4852 444 800 466 4651 1711 3175 4467 803 4143 2243 4014 4338 1122 4573 2221 1075 4478 986 3764 4804 4746 3266 178 1020 4903 1237 3316 2470 4208 4785 2748 4666 4625 3345 3670 2228 4963 3786 2561 436 4480 3660 869 421 1299 2936 458 2107 1888 1516 3988 3000 3416 2172 4962 3159 4352 1233 4605 3868 3452 3337 946 3523 4772 3639 3357 3850 3735 2417 2601 756 2641 2662 626 3981 2748 1784 4590 1983 2745 2632 2505 3692 1280 3563 4843 1890 3211 3580 1279 3554 1408 762 3109 4814 3831 423 309 2795 3617
1973 4542 1150 3381 956 2445 3299 3695 470 3035 2660 4300 4164 815 1315 4150 232 3006 3799 3589 2570 1365 3299 1349 3325 1820 2963 2839 1003 897 2099 3688 3785 1075 2998 2084 4103 2731 1608 329 3601 574 1895 2403 454 1962 3544 2858 130 1591 3929 4331 3173 982 862 3874 1517 1439 2929 2439 3370 2367 1754 1460 906 1178 4523 631 4887 1663 3485 4749 4341 1273 3242 725 3071 4486 2785 707 3759 1717 855 1140 768 1671 1878 50 333 4183 3738 301 4724 892 3255 4656 2396 4938 1419 2427 77 4024 4002 2264 3953 564 1425 4487 3711 1418 945 3562 440 3656 1512 2271 2586 1956 2737 2157
1490 4504 3516 2407 1406 845 991 719 3169 873 580 1848 4720 4608 4435 1568 3677 876 740 4316 3121 4475 1147 1137 3466 1159 2618 2270 1612 4142 316 882 4326 4478 2084 1684 4015 444 4761 3826 3059 736 3053 3662 287 4412 4672 4764 3857 1086 4821 2374 1182 2858 310 3357 2390 1445 3649 4883 4390 569 4862 4497 4149 3788 4373 2969 3481 2855 1637 2925 2689 3755 4723 746 1421 1875 1544 3687 2443 4765 841 1698 574 1233 2449 2086 961 1329 3925 236 39 1463 4124 102 3487 616 4777 56 3991 1004 1627 2756 2333 785 531 1940 4592 4802 2197 570 3594 1971 1938 1307 1598 4905 1514 3608
3955 1262 885 1431 4720 53 4071 1849 903 2906 2918 2892 3662 3915 467 1580 4164 4506 4820 632 1359 2082 1677 1150 1953 1874 3796 2388 2195 4784 924 2934 315 986 4103 4015 2355 1815 2646 4197 1064 1723 1654 3895 726 3622 131 2503 2158 2997 910 2048 592 1145 755 4035 2553 2916 3663 1140 2954 37 1460 525 2532 1602 3035 795 1468 1515 856 2604 3211 3033 1327 3510 372 3941 4448 407 4414 1628 1913 226 2217 2641 3256 280 3459 4587 4929 3278 4484 2159 490 2035 4982 370 4911 3002 4968 4797 1937 4504 2509 3067 3653 4270 685 1006 2242 4166 4128 538 4560 4513 4665 1793 2546 450
143 836 1819 762 1937 1172 407 3369 1722 3547 488 1861 1798 1363 3318 4666 3706 3781 2826 2327 2960 1873 4121 3770 4818 1264 3310 4405 4199 3596 626 4257 4704 3764 2731 444 1815 1914 4282 2944 2770 3917 1582 3879 4630 3556 1187 2088 2542 2726 2555 4333 1203 4084 3337 3303 2984 2378 4932 645 4170 252 1360 1644 1778 2530 43 4597 1219 1931 1685 854 3594 1483 129 2270 3551 2480 2075 4853 3371 4161 2306 1696 3097 2920 2350 1402 3146 1385 2670 3409 2520 2752 545 4253 2075 259 1115 1581 3863 253 1531 1161 3377 61 3481 2062 2366 1034 1838 130 2659 3507 1357 1056 2782 2659 1485 574
1790 3429 1148 2646 3724 2790 4360 585 2673 2951 4368 794 489 1567 4890 970 2496 911 4450 3999 430 3356 92 4808 2872 1382 621 2342 4537 3166 3542 2872 2434 4804 1608 4761 2646 4282 2357 1295 1645 4538 4509 1163 1170 1860 3707 345 1763 2664 3132 3719 3275 200 4115 3894 2673 355 607 2754 3988 1666 2177 4841 4261 4438 859 4875 225 3420 2586 1349 4154 1873 204 1697 3063 2106 3248 2706 1988 2236 620 2353 189 2783 2084 4981 1191 3448 104 2595 2371 1850 3457 4821 3046 4660 3805 49 838 4547 1441 428 4183 4665 4719 2568 4288 3952 3073 2301 1432 3002 1998 734 382 3393 1076 2230
4247 659 1791 1170 537 4624 1784 968 4519 3501 1618 3016 1083 493 4633 1277 1660 2059 1222 170 4682 1857 1937 1493 1475 1787 3061 1172 1608 975 4753 3653 2709 4746 329 3826 4197 2944 1295 443 2089 1076 4570 383 2071 258 741 277 3164 694 3674 2184 4459 3556 2194 3316 1975 3985 383 1329 4885 2765 3752 1769 2016 3588 407 27 1142 4869 3489 813 1015 3674 1236 2973 4018 1769 336 1105 4705 1650 2382 3007 1420 2182 4904 2821 1979 2252 3151 1589 1143 1308 488 4678 1162 4083 565 2244 2838 147 2543 3617 832 105 2671 1261 2202 4516 1002 2241 3703 1399 4086 1451 1696 796 3471 2498
512 672 271 2983 3086 2888 2477 2309 3309 2004 140 4351 1061 493 2737 1931 4514 4484 2809 20 4573 4799 2383 4256 4008 2564 4920 1819 1096 2760 1293 1513 3887 3266 3601 3059 1064 2770 1645 2089 2721 4806 4845 2034 34 3249 2459 1938 3149 985 1596 3171 2800 3244 2534 3077 2265 4085 1444 4134 3851 1545 350 3429 3812 4126 405 2106 2026 4497 3696 135 2896 1569 3460 106 379 509 3203 2693 526 3547 3033 956 4795 4460 4050 1159 4067 756 4748 1740 4191 4730 1051 2143 1743 3028 1061 105 3629 4216 4521 1778 22 653 1879 4161 2012 2682 4240 4753 353 4638 3309 2746 628 4403 417 3201
4938 422 4422 1035 4249 3087 4162 3795 4793 877 3024 209 1426 4883 2158 3977 2341 4618 4485 580 14 270 278 2674 2146 4413 450 1584 2476 2247 1299 4515 2036 178 574 736 1723 3917 4538 1076 4806 3122 559 609 186 1313 4575 1703 2029 1696 4282 1663 2080 4074 3666 2390 2714 4388 3947 249 3584 4780 4351 2537 3559 3117 3761 1985 121 2794 1262 1169 4492 3531 3309 2405 271 1609 3393 1500 4695 2970 243 4919 3060 1442 2667 1029 3915 821 2174 47 4979 4466 453 4733 4698 4593 295 1608 2124 2880 1889 814 4047 3251 1483 928 4822 3748 4639 1495 4321 1628 4092 3445 1521 1910 1954 1805
4597 219 3388 3711 973 3695 259 3637 3458 2116 163 2495 726 559 854 128 4305 607 2727 4229 1127 1284 1916 4279 2298 4573 1921 685 4642 182 2828 4880 1508 1020 1895 3053 1654 1582 4509 4570 4845 559 4967 4272 4323 2156 1096 3530 4033 3120 153 216 2122 4126 1546 4017 2344 552 196 4569 451 3116 2546 1151 2143 2968 3433 3154 487 4216 1013 493 1621 2496 2952 4244 2874 2593 4506 3497 3503 3304 2936 3587 2295 369 1684 4505 4109 1295 2907 3639 4091 1043 1947 4672 1063 1845 3591 1220 3142 905 2060 2707 551 1319 3059 2011 765 4970 4529 1595 2320 4863 1091 852 1894 1022 3241 3199
1304 4849 2075 1770 1631 33 2384 3517 3107 1393 1804 604 1624 4152 752 3486 1037 2189 2507 265 2104 4642 1041 1097 728 835 114 555 1849 579 3116 2455 2031 4903 2403 3662 3895 3879 1163 383 2034 609 4272 2928 286 1757 1602 3825 1128 2931 1504 2481 3976 3188 4198 483 4263 4256 3409 2922 3104 2963 1784 4250 4270 1906 4623 179 3162 4618 4140 2383 568 1677 3392 1387 1569 2675 1696 614 3269 4231 1769 4134 1866 858 338 3647 4818 2851 2463 3449 2675 4258 1529 918 3058 965 2738 2337 2750 3001 4159 2625 867 181 351 858 3299 157 177 381 4332 275 214 692 116 1155 432 2231
4312 3313 4944 4306 2505 1007 2090 3929 4798 4019 4831 2806 4163 1656 3629 625 4694 296 1498 1996 2726 4190 703 1500 1731 3085 4780 3301 2928 271 4256 484 1751 1237 454 287 726 4630 1170 2071 34 186 4323 286 2497 956 2373 4678 2597 1810 389 2082 1648 4461 1327 2997 2963 3390 2893 3317 3782 360 1775 2120 4552 47 749 3966 4549 1649 4917 4845 4955 342 3027 1055 1920 1924 1013 887 3944 456 2887 3746 1722 4806 4120 1545 4751 2704 4873 1979 3446 2382 2457 3529 4878 3573 534 378 2932 285 623 2438 2258 3428 989 3731 864 2932 1890 2329 2985 16 1385 3106 4208 3828 1970 4297
4336 3551 4986 4128 4344 3267 4931 3080 1233 2812 4925 3339 4805 1630 4098 2739 883 878 3443 1345 3381 438 2158 2469 758 2785 1727 1337 1087 2134 1504 433 24 3316 1962 4412 3622 3556 1860 258 3249 1313 2156 1757 956 1086 346 3114 677 639 1826 1084 4702 1996 4305 2472 2385 3260 2349 593 3414 970 3974 1923 3981 4407 4480 3689 3458 3434 535 3804 3598 2222 3732 1503 811 1239 3570 3866 1999 3102 3669 1103 2836 3233 928 4925 1516 101 11 4725 3592 3745 2228 3533 216 4739 2856 1500 1738 2775 3908 3674 2150 2473 3590 3645 4920 4855 3850 4392 2367 857 185 1024 2400 4114 2236 3088
1048 2165 2148 3015 239 2427 1827 3649 4349 780 2610 4824 4127 3046 1824 3408 4861 4577 4629 2023 2104 2922 2143 3724 3432 3381 2300 898 2586 1144 2439 2317 3360 2470 3544 4672 131 1187 3707 741 2459 4575 1096 1602 2373 346 3476 515 1454 4588 4623 326 4766 784 274 4873 3012 1708 2634 3685 3613 907 933 3919 1912 3782 884 1920 2299 2096 240 3834 561 2798 2640 2215 1258 1751 641 4602 210 2317 364 774 148 4981 1491 4168 2148 4423 4667 2189 2859 3449 1226 329 839 564 2645 2597 1995 878 3667 3702 1116 4562 275 3800 1700 4052 2079 119 30 1349 38 3699 1811 1255 3075 3228
4084 2543 3724 4022 3922 4726 559 4945 4826 3044 2072 4941 2182 4096 3908 1280 4274 1880 3627 1750 1342 2482 3184 739 3201 2204 4487 1431 3601 803 2823 2506 3229 4208 2858 4764 2503 2088 345 277 1938 1703 3530 3825 4678 3114 515 2623 1494 2984 3807 3752 3459 989 2022 2992 47 1014 4344 1046 4517 3928 2490 2097 4936 90 3775 1061 148 3333 2057 3498 1696 2930 75 1917 3495 71 1365 2920 2387 4770 1164 4925 4498 4711 2727 2810 4488 748 402 2411 3301 1003 2809 38 1113 1026 613 2681 1428 4334 335 1010 456 4664 1546 4194 2337 1895 412 3683 409 3119 4177 2795 813 1904 3360 450
1801 100 3007 689 2794 399 1171 2907 1654 2199 1665 2890 3709 4472 3128 1476 518 195 4355 4290 2095 2092 2678 4736 2619 1800 2364 1979 2885 4666 2162 697 4558 4785 130 3857 2158 2542 1763 3164 3149 2029 4033 1128 2597 677 1454 1494 3022 2315 4282 1096 3151 3009 2051 374 3558 2096 2102 2119 1488 412 4130 1607 2362 4949 2291 4546 3019 1420 131 2559 3756 4273 1597 4656 1239 919 2691 3599 2320 1608 123 2935 759 4851 688 371 3952 2424 1447 272 460 656 1570 4211 3215 2585 4689 2955 3465 4117 3975 4549 2162 3684 4813 4043 1025 472 4663 300 780 3853 3636 4549 3199 717 3382 3925
3493 4249 3549 2389 2905 1595 751 3830 4453 1288 2716 3941 4781 2238 4445 4971 4038 191 4039 4678 3679 1694 908 839 1042 4755 2046 4109 180 4444 3106 2246 4276 2748 1591 1086 2997 2726 2664 694 985 1696 3120 2931 1810 639 4588 2984 2315 326 3123 1047 4262 3884 2642 1287 4369 3786 2285 567 4754 1023 601 339 1913 1313 4508 1241 1580 1958 2732 2910 2205 2612 397 4032 869 4693 431 4859 3193 3851 2443 227 2682 3575 2457 857 3382 1629 3107 1161 951 199 2890 3257 3737 3501 23 554 3340 3933 4944 4733 3845 1364 1454 643 2340 49 3255 2191 3933 3627 1170 2350 3208 2764 628 4360
2306 4209 4867 2501 452 555 2900 3855 601 4210 2436 4120 2088 2450 4270 4992 4523 1984 4305 2034 1936 534 2834 923 3957 4690 1016 745 4782 235 317 1271 1578 4666 3929 4821 910 2555 3132 3674 1596 4282 153 1504 389 1826 4623 3807 4282 3123 2830 4159 1883 198 4646 3956 2123 499 1450 2055 1144 2796 764 291 4010 2793 4905 4094 72 398 3693 3976 3310 1443 2395 4309 536 2547 3684 134 3586 1728 3017 4995 1971 4510 3690 4025 786 487 3173 1885 4458 3983 2170 3404 614 1399 4060 866 2739 3690 480 3857 752 1803 3017 2295 3841 4108 3507 2239 3828 4239 4221 522 4889 4303 4099 1717
4487 1019 1665 2859 2327 3633 4673 2457 3847 432 2076 936 1770 2718 848 1393 974 2946 724 4620 2845 847 604 2557 2970 2279 887 3001 382 1126 170 546 4970 4625 4331 2374 2048 4333 3719 2184 3171 1663 216 2481 2082 1084 326 3752 1096 1047 4159 867 2904 1335 1395 1981 459 4730 1491 3710 778 4399 2459 1818 4234 485 4037 1558 667 2148 3915 3011 2914 2604 4061 3628 529 3254 4105 2830 93 39 1715 4711 1970 3364 4269 3793 2963 1193 1384 301 519 4260 2296 1336 4873 3803 3037 4561 1788 1481 1709 4403 407 3274 4240 3460 1326 483 3861 1568 3269 4209 369 2592 2108 3692 1007 4880
2216 3675 3067 2856 4156 942 1064 3971 286 1147 3093 1137 673 4447 1021 1080 4829 1334 142 512 1234 601 741 1003 1078 4569 2431 1075 1372 3853 712 2833 3262 3345 3173 1182 592 1203 3275 4459 2800 2080 2122 3976 1648 4702 4766 3459 3151 4262 1883 2904 599 2083 4109 843 341 3303 2876 75 485 2965 2044 91 3816 2869 3740 1764 3771 1228 3336 2877 2218 2484 1526 664 1811 2985 2299 1378 1054 2557 1031 3054 3386 4245 4207 4206 2550 661 600 781 3330 451 85 691 2028 628 4881 4767 2324 4324 1137 741 3201 3679 4244 3995 4449 1851 1876 3154 4906 221 2813 1494 4940 3340 2290 3492
2505 1923 4235 2600 4904 342 4642 1836 1834 1985 4998 2490 4831 2639 3874 416 799 3095 2827 4907 519 3751 1297 3664 1871 391 4117 4565 4518 3023 691 4058 650 3670 982 2858 1145 4084 200 3556 3244 4074 4126 3188 4461 1996 784 989 3009 3884 198 1335 2083 1426 4309 160 1204 1784 2577 3179 2176 4917 1332 3834 2998 3076 4818 2828 292 3072 3600 3783 4695 3599 2069 1520 1769 82 1755 2949 1226 2528 3046 3690 1257 435 4624 526 2806 3822 4978 2367 392 4064 375 753 3825 4851 4568 1187 718 4763 3273 3817 2190 40 487 327 2911 711 340 2071 3066 552 732 2624 118 3934 4245 353
3781 891 3051 1845 400 3388 2939 281 3099 4417 1494 1451 4964 2901 3645 1543 3799 838 1612 2070 1226 2310 650 4097 4951 1223 1037 1233 1070 109 57 2177 2782 2228 862 310 755 3337 4115 2194 2534 3666 1546 4198 1327 4305 274 2022 2051 2642 4646 1395 4109 4309 4165 4812 221 4954 4310 3484 2642 4002 1355 3887 4021 3998 2460 2334 1930 2267 3344 1231 2384 4218 3480 4810 1342 83 866 2134 3087 3760 470 3483 2558 2620 2289 16 442 285 736 4980 264 1943 1627 3129 3552 1892 4181 190 856 4359 2061 3530 2272 4773 4787 1066 1851 668 1498 4956 3036 4045 4681 4596 4973 4949 2510 2377
3279 1186 431 2598 4396 1135 4858 3109 2421 1055 1148 1757 1923 3059 2442 297 1547 790 4882 4928 1076 1823 4787 613 4239 3013 3070 3499 1369 4034 499 656 4072 4963 3874 3357 4035 3303 3894 3316 3077 2390 4017 483 2997 2472 4873 2992 374 1287 3956 1981 843 160 4812 1780 1615 1065 2682 4262 449 1888 2382 811 2803 4922 3197 1198 1617 294 883 980 632 1299 422 3869 3409 2459 2687 3512 4983 1451 2296 838 4549 4439 706 2010 1724 3186 50 247 1555 902 1140 3942 4177 3765 1813 1864 3191 1220 1835 1915 4234 75 2426 3042 152 760 181 758 390 378 4773 3859 1199 3225 99 2231
1851 131 326 2876 2354 3232 4441 615 948 1102 2881 1500 4503 2829 1230 2105 3387 4324 3269 4525 570 4670 3536 1076 3714 1449 1186 3998 3930 4884 2517 4562 1881 3786 1517 2390 2553 2984 2673 1975 2265 2714 2344 4263 2963 2385 3012 47 3558 4369 2123 459 341 1204 221 1615 1349 4611 3983 3168 977 978 3384 2729 2835 3138 2728 2309 3984 3830 169 1455 30 3670 3654 3998 2219 1597 2572 4384 2054 2353 1961 1657 4839 337 3985 1436 4287 4187 2102 1979 3661 1846 551 3658 2418 1370 2281 1485 1418 943 1650 3980 3257 2073 2784 3996 3229 4543 2365 352 2380 4160 189 3849 3504 4895 4212 371
2092 1887 607 2593 2835 4363 3247 1376 3101 3660 4511 2301 1615 782 4612 4046 855 1305 3101 3834 413 1992 4957 1622 4718 328 551 4742 2428 3970 1875 4032 3847 2561 1439 1445 2916 2378 355 3985 4085 4388 552 4256 3390 3260 1708 1014 2096 3786 499 4730 3303 1784 4954 1065 4611 3897 553 1371 1095 4274 2706 4100 4040 4830 1276 1518 2537 3806 1818 2834 3227 2287 3790 2783 1624 2678 160 2150 800 4290 511 3148 4783 4236 3483 1473 2051 779 1393 3252 2095 4071 3350 3021 1098 2049 723 2583 578 4688 1987 1729 3938 4371 467 3074 1484 1925 3151 3339 4950 3530 1459 429 2262 1472 308 1113
916 3803 2428 2041 4794 1616 448 1419 2195 1213 4503 107 1774 278 4075 277 3494 2657 847 4135 1840 3221 2490 1673 12 3367 2445 1860 3603 4797 2357 3830 368 436 2929 3649 3663 4932 607 383 1444 3947 196 3409 2893 2349 2634 4344 2102 2285 1450 1491 2876 2577 4310 2682 3983 553 3685 1520 909 3459 3385 3604 4937 3589 2142 3641 1114 464 572 2872 3776 874 4772 810 4307 1431 1696 1303 3067 2161 1723 478 1501 4514 3923 3981 3463 105 3561 3452 1725 2767 3850 3698 884 2778 4883 4417 2491 4814 3321 4010 4698 845 991 2219 3719 924 3709 3186 4416 2543 3977 3929 2229 4566 4918 3193
3275 1093 2812 34 2088 632 24 1531 3701 4099 1619 4451 3426 4147 3970 1795 2397 1408 4370 1039 796 2034 3959 3337 1726 2569 3939 51 2363 3196 2521 821 1698 4480 2439 4883 1140 645 2754 1329 4134 249 4569 2922 3317 593 3685 1046 2119 567 2055 3710 75 3179 3484 4262 3168 1371 1520 3379 3075 588 3791 3776 1226 2705 851 1995 115 724 1104 2778 1271 2331 1885 1135 2660 2613 884 3020 831 1645 3099 1887 2610 4746 3603 2195 1556 4309 726 4621 4256 481 362 4634 2821 3604 3386 4534 3664 1182 4693 796 4113 1466 1046 866 694 3424 1313 4634 4393 55 1594 2899 2810 3063 511 1911
221 3424 2042 1197 43 476 600 3605 4306 2851 2189 748 1170 3405 3022 426 2658 96 2394 2404 926 1657 443 4413 3419 1142 1975 2828 2180 3952 4830 1872 1857 3660 3370 4390 2954 4170 3988 4885 3851 3584 451 3104 3782 3414 3613 4517 1488 4754 1144 778 485 2176 2642 449 977 1095 909 3075 4064 3694 1154 903 16 2398 1815 2958 3477 3916 3204 33 415 3213 3067 1752 3344 2151 1590 2828 48 3400 278 2192 1051 4289 2259 2230 4587 1718 179 2126 1901 2716 2515 4420 4141 720 93 265 3451 1496 1608 4235 4946 1987 4320 3929 358 2684 4970 3674 2725 1778 1961 3874 290 2063 953 1600
4288 575 3801 3337 1276 4975 4217 3481 2860 1934 2254 3940 4744 3311 213 4741 175 3429 3251 2267 2814 1836 765 4886 4895 3444 4302 4126 2847 2825 1866 3993 3753 869 2367 569 37 252 1666 2765 1545 4780 3116 2963 360 970 907 3928 412 1023 2796 4399 2965 4917 4002 1888 978 4274 3459 588 3694 4270 1758 207 3173 2295 1797 794 2805 2105 4353 1579 812 1682 3876 772 346 3348 1932 203 1757 4865 3798 2259 2012 715 3806 1712 3463 904 1626 531 4087 3360 1338 2511 611 3559 3960 2189 3460 4895 3084 155 2145 1431 2726 3351 3249 4224 4371 83 1771 4927 2287 954 3100 4959 4374 4411
2570 577 1742 3569 2585 408 2178 4545 4272 4324 4344 3163 999 1089 3464 2245 4265 2535 549 3074 3891 621 3694 2352 555 3089 2004 3233 1899 131 4265 47 4673 421 1754 4862 1460 1360 2177 3752 350 4351 2546 1784 1775 3974 933 2490 4130 601 764 2459 2044 1332 1355 2382 3384 2706 3385 3791 1154 1758 3420 773 552 3598 3771 4870 3411 401 3301 817 3759 3949 1040 3042 869 3255 705 2575 2564 1506 3351 680 3214 1050 4021 2440 3384 968 2391 352 2607 4850 4834 2575 4319 4821 3159 380 4797 2680 1336 3054 3480 3799 1688 1441 3430 1410 2292 4684 2188 553 1855 2025 1447 4369 4474 2416
853 2112 2131 4103 610 4286 3001 4629 4961 2984 4113 3887 48 2835 941 2642 4850 3018 1092 1885 100 4973 1412 1284 2960 4389 3793 2723 4048 4444 1781 3279 152 1299 1460 4497 525 1644 4841 1769 3429 2537 1151 4250 2120 1923 3919 2097 1607 339 291 1818 91 3834 3887 811 2729 4100 3604 3776 903 207 773 166 134 3631 4939 2994 80 4203 4898 3887 3514 795 1401 384 4845 4319 4508 1243 4298 3273 4727 1401 3376 4092 3378 3181 3686 1487 2998 4925 3234 1013 3993 736 4888 717 3218 3661 4321 399 281 1588 1075 1280 2563 4918 2466 1172 2667 4718 1647 1072 1246 3469 1943 1771 4201 3343
3355 2093 4803 427 1798 2941 3496 4211 3220 2545 2274 2554 2170 4052 4389 1235 1874 4628 2560 1934 1977 2142 4329 2897 1501 158 4530 990 1545 1633 733 4452 1820 2936 906 4149 2532 1778 4261 2016 3812 3559 2143 4270 4552 3981 1912 4936 2362 1913 4010 4234 3816 2998 4021 2803 2835 4040 4937 1226 16 3173 552 134 2310 1916 1006 2794 4086 4579 3206 2970 2540 1935 230 2608 872 2616 1706 2639 4265 1963 284 4459 1043 2051 2480 3369 2813 2242 4546 107 3893 763 3111 4390 3941 3670 3176 2332 2007 1376 3656 1225 2418 3693 2430 1904 4144 2883 196 2874 2804 3222 2229 2058 94 3225 4860 3451
954 180 1862 3103 4409 2058 4861 1293 4254 1019 2269 2619 2568 2605 933 3028 1514 2998 4339 2581 1179 2499 2494 3210 2889 3307 1737 3862 1912 33 4083 3204 4604 458 1178 3788 1602 2530 4438 3588 4126 3117 2968 1906 47 4407 3782 90 4949 1313 2793 485 2869 3076 3998 4922 3138 4830 3589 2705 2398 2295 3598 3631 1916 1732 1255 3801 3704 1586 3541 2760 1221 4671 3495 2458 3128 1065 404 1090 2810 2021 3565 4759 1816 4675 1014 92 497 4998 3094 78 2295 4664 715 1453 2582 2703 2043 3467 3243 4846 91 963 4715 1052 597 1248 1457 2015 2933 3247 3933 636 3544 1825 4960 2840 2336 2839
844 2165 745 116 180 567 995 1490 19 1157 3774 2947 700 3225 3574 4638 1454 2510 3924 1948 4317 701 1252 3986 2294 4611 4784 3262 4800 3515 2269 2025 3986 2107 4523 4373 3035 43 859 407 405 3761 3433 4623 749 4480 884 3775 2291 4508 4905 4037 3740 4818 2460 3197 2728 1276 2142 851 1815 1797 3771 4939 1006 1255 3610 4006 4399 3735 3482 3455 3338 1097 4994 3352 295 3803 4733 151 1172 2183 3651 4049 1557 3862 634 3669 4389 678 1800 3557 4620 4732 3349 3143 3489 1094 2721 934 3641 2741 3649 345 2798 2354 1233 219 4811 4726 1339 2463 4125 3258 1857 4183 1478 1195 4646 2850
782 2873 4956 1090 3408 2194 345 109 1075 3252 3491 752 3002 1254 2708 196 1513 4539 3217 601 55 3866 1987 4947 3180 3052 540 799 3215 2471 1199 1546 4021 1888 631 2969 795 4597 4875 27 2106 1985 3154 179 3966 3689 1920 1061 4546 1241 4094 1558 1764 2828 2334 1198 2309 1518 3641 1995 2958 794 4870 2994 2794 3801 4006 2403 3005 775 1355 1841 2123 2201 704 2048 4699 2139 4641 4979 4770 2367 3593 771 4900 1286 4695 4110 4695 91 1702 3142 2673 2731 779 1973 1556 1049 591 2090 753 4017 217 3217 3146 4405 603 1892 952 1978 228 1119 1912 813 3963 2018 4826 1965 3016 3184
1892 1484 4010 3063 2185 2920 675 4622 1922 4815 2096 2171 4889 4485 4598 1529 686 2641 3413 391 2303 3716 307 4726 846 4406 79 2347 3266 1553 4798 2675 1158 1516 4887 3481 1468 1219 225 1142 2026 121 487 3162 4549 3458 2299 148 3019 1580 72 667 3771 292 1930 1617 3984 2537 1114 115 3477 2805 3411 80 4086 3704 4399 3005 822 2658 4018 2778 3681 3945 3169 199 888 4669 4497 4748 4090 3801 710 777 2316 606 4520 1062 1659 4287 1983 698 4933 1780 2016 4320 2643 2961 3640 2014 4965 1453 1297 3964 4897 4757 2312 577 137 4605 1635 3657 2482 4729 4701 3803 3467 2980 2543 4049
298 3617 274 1150 563 1560 400 286 2662 580 4538 1702 492 495 2337 3150 3036 477 3149 4134 2168 3301 2619 1141 1036 4650 1980 1132 57 1989 705 2505 3997 3988 1663 2855 1515 1931 3420 4869 4497 2794 4216 4618 1649 3434 2096 3333 1420 1958 398 2148 1228 3072 2267 294 3830 3806 464 724 3916 2105 401 4203 4579 1586 3735 775 2658 3972 1877 2115 183 3119 1664 3284 2548 4158 745 4210 3124 1686 1902 3435 1356 244 698 3134 3567 4073 178 1911 2755 214 1624 4572 1834 2307 3086 532 1356 4649 2855 384 1734 2647 306 4175 846 794 4141 1358 621 1903 2265 3843 4742 3338 3227 1313
4158 920 136 1897 1799 199 4202 4539 4411 2192 4749 551 2833 517 2481 2259 3517 930 3892 4712 4164 1787 183 2309 3014 788 3925 3671 2876 3978 2687 4478 217 3000 3485 1637 856 1685 2586 3489 3696 1262 1013 4140 4917 535 240 2057 131 2732 3693 3915 3336 3600 3344 883 169 1818 572 1104 3204 4353 3301 4898 3206 3541 3482 1355 4018 1877 3875 4708 4495 2556 2852 4743 2973 2963 2243 4141 2601 2429 43 2688 2408 442 4095 2296 4519 2933 1023 487 1901 2010 3808 2276 693 1803 1412 3905 288 2952 1147 3938 168 4278 4373 679 4120 250 3581 317 4274 3279 147 495 2573 1333 181 1786
2603 3574 4039 376 2761 2495 64 803 652 294 4806 4517 4389 2049 2785 4597 1182 2689 3757 4271 3607 572 407 1015 3891 2831 2449 1892 1626 4645 2425 4057 4131 3416 4749 2925 2604 854 1349 813 135 1169 493 2383 4845 3804 3834 3498 2559 2910 3976 3011 2877 3783 1231 980 1455 2834 2872 2778 33 1579 817 3887 2970 2760 3455 1841 2778 2115 4708 557 2528 3580 2361 2555 988 3453 2219 1176 2235 193 2855 4069 716 2589 152 4534 4150 2946 1127 3835 1211 14 4714 4397 2363 643 4454 4179 3008 2589 2758 1513 1274 172 1470 1312 122 1820 998 2794 3537 420 3160 3883 1902 248 1908 3951
3802 4942 1790 499 4746 3312 2551 2191 1169 2622 2765 1637 3993 3123 3588 3922 3923 3884 4397 3908 2511 3234 939 902 2023 1286 1514 3209 2224 1876 2432 1268 416 2172 4341 2689 3211 3594 4154 1015 2896 4492 1621 568 4955 3598 561 1696 3756 2205 3310 2914 2218 4695 2384 632 30 3227 3776 1271 415 812 3759 3514 2540 1221 3338 2123 3681 183 4495 2528 1897 3803 4536 4698 1575 778 283 2561 993 733 1226 4631 3108 424 2233 4606 4946 2770 1331 4933 415 2346 1353 4300 4399 195 113 4746 647 1577 2160 1936 2763 842 3497 4163 3972 3181 1948 1134 4276 1853 1158 4500 220 4011 2815 3856
2948 4260 16 685 2561 606 357 1688 2876 3377 3607 2762 4534 1549 4985 1036 2314 2423 2502 3232 591 1391 761 169 838 4368 4658 434 325 3836 2287 1123 3137 4962 1273 3755 3033 1483 1873 3674 1569 3531 2496 1677 342 2222 2798 2930 4273 2612 1443 2604 2484 3599 4218 1299 3670 2287 874 2331 3213 1682 3949 795 1935 4671 1097 2201 3945 3119 2556 3580 3803 3571 4410 241 3031 117 1376 4598 2105 968 2522 2978 4048 1644 4532 2554 2824 4139 2641 3445 1571 4384 1183 3027 4717 310 2914 3214 3400 1616 2597 1752 3891 4220 3033 551 2173 4685 3200 1628 671 1130 1167 2108 3840 828 979 200
4356 3365 478 3486 928 2268 4002 110 1156 382 2238 3627 1273 1959 4608 2424 4830 3686 715 2078 4868 3902 3516 4202 2323 1082 1832 2226 1378 3245 754 4729 4901 3159 3242 4723 1327 129 204 1236 3460 3309 2952 3392 3027 3732 2640 75 1597 397 2395 4061 1526 2069 3480 422 3654 3790 4772 1885 3067 3876 1040 1401 230 3495 4994 704 3169 1664 2852 2361 4536 4410 1512 1068 2606 738 1133 1719 3106 4383 4724 2998 2302 4644 2066 2750 1928 4319 1987 4851 2064 4694 3333 1489 4413 2714 4815 3363 2988 3109 4453 408 2560 403 2441 517 1159 858 2459 558 4607 3588 1559 4211 760 2125 3229 4624
4956 746 3393 4542 1667 2996 2372 1445 1852 1268 4921 4832 3762 2175 339 1679 4101 4852 2574 2425 3885 602 2919 618 4725 1473 3839 3184 2347 2427 3029 1157 1690 4352 725 746 3510 2270 1697 2973 106 2405 4244 1387 1055 1503 2215 1917 4656 4032 4309 3628 664 1520 4810 3869 3998 2783 810 1135 1752 772 3042 384 2608 2458 3352 2048 199 3284 4743 2555 4698 241 1068 858 4217 3815 2575 315 4331 629 1956 798 2291 1326 4327 4496 3419 3837 2041 1908 1340 3796 2602 3569 4523 4252 1216 1865 586 2641 4132 3451 2852 3125 3016 2289 1912 2208 3608 1255 4382 914 4658 316 4871 1007 388 3808
4527 1177 2479 800 2242 3956 129 4589 1171 903 2437 2218 1581 578 3784 2880 1936 247 2790 3435 2280 2046 3824 3641 4921 687 3958 4736 2836 1157 3750 4029 15 1233 3071 1421 372 3551 3063 4018 379 271 2874 1569 1920 811 1258 3495 1239 869 536 529 1811 1769 1342 3409 2219 1624 4307 2660 3344 346 869 4845 872 3128 295 4699 888 2548 2973 988 1575 3031 2606 4217 2528 4045 700 1643 2440 2612 4501 910 1616 4824 1310 1983 4852 3436 28 2656 1069 1402 4767 1937 2739 4125 1380 3997 4021 2908 3217 3599 2945 3748 63 3145 2960 1774 1434 255 1152 4749 2687 3656 377 2209 780 2139
2926 2926 281 4630 4765 2615 2073 3809 1763 2584 677 124 2563 1598 51 3780 1158 2859 1932 3058 4924 3740 3475 425 3671 1577 2190 2783 1424 1250 1731 983 3754 4605 4486 1875 3941 2480 2106 1769 509 1609 2593 2675 1924 1239 1751 71 919 4693 2547 3254 2985 82 83 2459 1597 2678 1431 2613 2151 3348 3255 4319 2616 1065 3803 2139 4669 4158 2963 3453 778 117 738 3815 4045 829 4135 742 3306 4663 4979 778 66 3279 745 2276 1404 3806 3374 3858 3493 119 1075 1524 1913 3657 1206 2574 520 1541 4244 304 228 4219 3535 2172 1854 2420 373 2218 1203 2881 3649 976 1271 331 1209 2726
4063 1408 529 3425 1690 3009 296 3437 3557 3965 485 3495 1477 3741 1459 4797 1185 3015 2315 4343 75 30 1650 370 253 988 3499 664 3216 3259 270 226 1880 3868 2785 1544 4448 2075 3248 336 3203 3393 4506 1696 1013 3570 641 1365 2691 431 3684 4105 2299 1755 866 2687 2572 160 1696 884 1590 1932 705 4508 1706 404 4733 4641 4497 745 2243 2219 283 1376 1133 2575 700 4135 735 2475 4293 3413 4499 183 3915 1990 4441 1614 3087 1039 4344 4014 3530 4809 4460 1367 3444 810 1487 1019 2677 4286 1716 3866 3986 4632 616 1604 4149 2427 3731 130 4519 3405 233 1625 2893 3981 2089 753
1599 71 923 751 1920 2792 3595 3063 1665 2401 96 299 1968 3643 2783 1287 1836 3954 4254 4351 1435 4754 704 3029 1019 1351 3496 1565 759 794 73 1105 2485 3452 707 3687 407 4853 2706 1105 2693 1500 3497 614 887 3866 4602 2920 3599 4859 134 2830 1378 2949 2134 3512 4384 2150 1303 3020 2828 203 2575 1243 2639 1090 151 4979 4748 4210 4141 1176 2561 4598 1719 315 1643 742 2475 2951 4638 2846 203 3821 2833 952 4693 2415 1658 4848 3010 4387 914 1823 2916 2586 1910 3839 87 2912 274 581 4684 3028 1865 2381 3598 3231 4003 4132 4410 4916 509 2619 2347 2165 1830 1031 4693 2841
3785 4498 3861 4905 1410 946 4892 4253 3235 2768 3768 1338 4520 1392 3916 3162 4706 1532 1763 1844 2503 3850 1655 4330 3354 4957 1038 3985 2467 2530 2390 1494 4687 3337 3759 2443 4414 3371 1988 4705 526 4695 3503 3269 3944 1999 210 2387 2320 3193 3586 93 1054 1226 3087 4983 2054 800 3067 831 48 1757 2564 4298 4265 2810 1172 4770 4090 3124 2601 2235 993 2105 3106 4331 2440 3306 4293 4638 4164 483 1348 3991 2270 4353 381 2662 2883 2440 2531 3292 1561 3578 3979 3652 545 583 2977 387 2009 2744 3657 470 3827 4095 1123 791 1136 4977 4186 1777 1178 4517 1342 3119 2075 1786 4382 735
284 3166 2874 2059 4688 4632 2061 2025 39 440 571 4897 1226 2140 4929 360 2220 4703 3583 3516 3936 4966 147 3949 728 3635 1509 1127 4381 3391 602 1342 3641 946 1717 4765 1628 4161 2236 1650 3547 2970 3304 4231 456 3102 2317 4770 1608 3851 1728 39 2557 2528 3760 1451 2353 4290 2161 1645 3400 4865 1506 3273 1963 2021 2183 2367 3801 1686 2429 193 733 968 4383 629 2612 4663 3413 2846 483 4447 3095 2352 2548 1625 1937 3077 2094 2779 277 2558 4905 105 4520 841 4833 1007 3038 2688 363 4023 3575 895 4806 727 797 1258 3894 1926 1268 1245 3983 1358 4576 1720 435 3717 1469 4561
1304 1343 3936 4572 3600 24 3078 812 2784 583 2323 160 2045 11 209 1003 2824 329 2501 763 4277 3913 2991 2769 1058 2518 687 2274 3660 1398 299 2138 2016 3523 855 841 1913 2306 620 2382 3033 243 2936 1769 2887 3669 364 1164 123 2443 3017 1715 1031 3046 470 2296 1961 511 1723 3099 278 3798 3351 4727 284 3565 3651 3593 710 1902 43 2855 1226 2522 4724 1956 4501 4979 4499 203 1348 3095 2781 4091 4819 2602 3553 1172 2856 3536 2603 4891 391 4976 169 2712 2151 1176 3132 4468 1415 4609 4805 3109 1402 2535 2950 1068 4864 481 4830 951 1833 4516 3849 490 693 4670 461 1667
225 1046 3755 4206 3529 3529 2631 3181 2279 3198 3473 1225 3382 1714 4086 1024 2314 368 3077 4064 4117 217 1472 1154 1688 4603 2997 2360 3669 4266 4840 32 1358 4772 1140 1698 226 1696 2353 3007 956 4919 3587 4134 3746 1103 774 4925 2935 227 4995 4711 3054 3690 3483 838 1657 3148 478 1887 2192 2259 680 1401 4459 4759 4049 771 777 3435 2688 4069 4631 2978 2998 798 910 778 183 3821 3991 2352 4091 4019 3306 3148 4942 2639 4079 1227 2431 279 4901 4338 3104 3810 4321 1799 3037 285 496 2971 3994 21 4171 4213 4155 3436 2832 4980 2586 4257 753 3312 3086 2862 4158 1381 1822 4068
2431 740 4826 1240 3595 3225 3689 2306 1358 12 3659 2843 3682 2582 813 4920 3890 1336 850 3831 4575 3202 4402 409 1929 4338 4654 3180 2026 3086 4057 2424 1810 3639 768 574 2217 3097 189 1420 4795 3060 2295 1866 1722 2836 148 4498 759 2682 1971 1970 3386 1257 2558 4549 4839 4783 1501 2610 1051 2012 3214 3376 1043 1816 1557 4900 2316 1356 2408 716 3108 4048 2302 2291 1616 66 3915 2833 2270 2548 4819 3306 725 3224 126 1852 791 3238 1626 3515 1599 1391 4015 2410 209 1447 4638 2428 2704 3858 3251 2781 4107 1310 4010 1578 256 54 3567 2508 1719 946 828 3237 3206 4879 2198 1908
2350 2938 1782 2576 681 1747 12 2956 542 2131 4902 1936 1288 674 1044 2023 3852 2409 370 4910 178 257 2653 4471 3670 2274 1079 4044 3719 1571 2171 2749 2915 3357 1671 1233 2641 2920 2783 2182 4460 1442 369 858 4806 3233 4981 4711 4851 3575 4510 3364 4245 435 2620 4439 337 4236 4514 4746 4289 715 1050 4092 2051 4675 3862 1286 606 244 442 2589 424 1644 4644 1326 4824 3279 1990 952 4353 1625 2602 3148 3224 1197 420 838 4599 2206 1184 3615 1939 1595 1252 2919 445 1753 2340 389 3234 2741 1691 2378 3820 3416 2191 2421 4024 4862 421 967 3659 1058 2511 4687 1038 4944 4111 4041
1576 3069 67 2659 1456 795 1131 430 2659 1900 3983 2968 4026 3992 4012 4411 4973 1093 4930 2300 4513 3726 1814 399 2004 3127 2567 32 4116 4503 3854 4205 284 3850 1878 2449 3256 2350 2084 4904 4050 2667 1684 338 4120 928 1491 2727 688 2457 3690 4269 4207 4624 2289 706 3985 3483 3923 3603 2259 3806 4021 3378 2480 1014 634 4695 4520 698 4095 152 2233 4532 2066 4327 1310 745 4441 4693 381 1937 3553 4942 126 420 1769 2240 2190 872 2390 1108 3892 3661 1395 765 2473 2745 4393 2545 4046 3612 1383 1988 3765 779 1870 2760 2627 2863 1423 2376 1545 4538 4034 3089 3400 2606 4056 2083
2435 678 4755 1548 3049 177 3900 4985 3989 2354 2603 950 1124 3971 2721 4401 935 543 1744 1384 3967 1027 4599 425 683 339 1658 1672 1921 3354 3245 2031 2709 3735 50 2086 280 1402 4981 2821 1159 1029 4505 3647 1545 4925 4168 2810 371 857 4025 3793 4206 526 16 2010 1436 1473 3981 2195 2230 1712 2440 3181 3369 92 3669 4110 1062 3134 2296 4534 4606 2554 2750 4496 1983 2276 1614 2415 2662 3077 1172 2639 1852 838 2240 2961 2324 4577 4180 2377 4069 4685 1399 671 1314 4576 2540 541 2195 3896 4100 314 4451 4704 426 863 2428 170 1504 1651 1066 1508 2674 2387 4041 3744 356 2720
4617 243 1775 4454 3995 1078 4678 1787 1504 2134 4263 2003 3152 1240 2301 4324 4931 144 2298 2166 691 2738 3862 148 3048 1939 4741 334 1751 4764 4125 2583 3043 2417 333 961 3459 3146 1191 1979 4067 3915 4109 4818 4751 1516 2148 4488 3952 3382 786 2963 2550 2806 442 1724 4287 2051 3463 1556 4587 3463 3384 3686 2813 497 4389 4695 1659 3567 4519 4150 4946 2824 1928 3419 4852 1404 3087 1658 2883 2094 2856 4079 791 4599 2190 2324 3077 543 191 1737 2454 3617 2332 4311 3500 2645 2358 1127 241 1988 1979 1260 1796 2170 637 912 1384 2495 1771 1509 1449 1498 3513 226 1899 4254 4731 3709
2807 125 4465 2393 744 4255 3336 3137 3508 803 4158 1370 971 943 287 2056 4300 328 1706 4930 3659 1103 3175 4319 916 2214 3257 86 1417 2660 2421 1484 2951 2601 4183 1329 4587 1385 3448 2252 756 821 1295 2851 2704 101 4423 748 2424 1629 487 1193 661 3822 285 3186 4187 779 105 4309 1718 904 968 1487 2242 4998 678 91 4287 4073 2933 2946 2770 4139 4319 3837 3436 3806 1039 4848 2440 2779 3536 1227 3238 2206 872 4577 543 2138 2137 1045 2689 4287 4010 2304 4673 1579 3506 4423 1268 2376 4204 3575 1842 409 2779 4896 4467 2822 3156 1569 82 2965 771 2616 4368 1856 1390 615
3684 3911 3979 2631 1417 2862 1352 4718 3316 501 277 2452 966 1179 4303 3785 289 162 2727 4954 2446 4635 4079 4155 340 708 1090 2925 2078 3734 1558 3695 4753 756 3738 3925 4929 2670 104 3151 4748 2174 2907 2463 4873 11 4667 402 1447 3107 3173 1384 600 4978 736 50 2102 1393 3561 726 179 1626 2391 2998 4546 3094 1800 1702 1983 178 1023 1127 1331 2641 1987 2041 28 3374 4344 3010 2531 277 2603 2431 1626 1184 2390 4180 191 2137 4404 200 4256 291 2463 1998 1968 4184 2121 457 4630 825 2139 860 3354 2387 3384 691 1657 441 2792 427 4900 1022 1157 4500 1757 1675 4767 1251
3453 3804 2590 4544 2389 2538 1016 928 2117 3622 1711 3702 1224 1474 3938 2819 3805 4760 3271 3019 270 4692 3616 4443 4468 1028 1891 2705 3290 3084 3100 341 3504 2641 301 236 3278 3409 2595 1589 1740 47 3639 3449 1979 4725 2189 2411 272 1161 1885 301 781 2367 4980 247 1979 3252 3452 4621 2126 531 352 4925 107 78 3557 3142 698 1911 487 3835 4933 3445 4851 1908 2656 3858 4014 4387 3292 2558 4891 279 3515 3615 1108 2377 1737 1045 200 218 886 1262 2317 4568 1836 2656 3013 4396 3083 3956 1270 352 3818 4086 192 742 4773 900 2549 655 1533 4671 4808 4701 3800 3008 1757 596
1384 2263 1535 3827 725 1363 1777 4029 3500 4560 4460 2625 3034 4131 1315 3291 4343 4865 2958 4015 2310 1272 3819 3679 3869 4324 1619 2885 1012 3736 1664 1557 3149 2662 4724 39 4484 2520 2371 1143 4191 4979 4091 2675 3446 3592 2859 3301 460 951 4458 519 3330 392 264 1555 3661 2095 1725 4256 1901 4087 2607 3234 3893 2295 4620 2673 4933 2755 1901 1211 415 1571 2064 1340 1069 3493 3530 914 1561 4905 391 4901 1599 1939 3892 4069 2454 2689 4256 886 2129 1055 3255 2050 2983 4838 2795 1893 428 2102 3646 2587 1694 2730 719 3800 2362 2315 4731 1770 2922 2533 2409 1484 3674 2766 4431 643
3595 1833 3712 1009 3317 2820 3637 1019 4089 2741 3933 810 4675 791 1581 581 561 317 811 669 336 4694 651 87 2211 3832 2286 3930 3185 2569 3021 2879 2861 626 892 1463 2159 2752 1850 1308 4730 4466 1043 4258 2382 3745 3449 1003 656 199 3983 4260 451 4064 1943 902 1846 4071 2767 481 2716 3360 4850 1013 763 4664 4732 2731 1780 214 2010 14 2346 4384 4694 3796 1402 119 4809 1823 3578 105 4976 4338 1391 1595 3661 4685 3617 4287 291 1262 1055 1266 3834 4768 3737 2480 3759 688 1234 2230 4286 72 1925 1886 4318 676 959 4298 4086 2038 3054 2293 2084 2501 1880 3086 4601 2119
1552 67 2641 3441 1367 2788 1644 1722 311 4865 4036 2644 3350 2132 2770 433 2239 2630 3752 2691 4387 825 4740 2886 330 3242 2339 1112 3055 121 4286 360 4910 3981 3255 4124 490 545 3457 488 1051 453 1947 1529 2457 2228 1226 2809 1570 2890 2170 2296 85 375 1627 1140 551 3350 3850 362 2515 1338 4834 3993 3111 715 3349 779 2016 1624 3808 4714 1353 1183 3333 2602 4767 1075 4460 2916 3979 4520 169 3104 4015 1252 1395 1399 2332 4010 2463 2317 3255 3834 2038 1605 1636 2926 936 1527 3417 4082 2483 3316 2005 4310 4941 3992 3266 2024 4138 2539 997 4419 1623 1569 4031 3158 1775 3820
1962 4509 4304 3997 877 2040 3217 955 1356 1630 3669 3526 931 2168 3104 3701 4227 4564 287 1864 3607 4305 3024 592 1372 4077 1256 218 4534 1817 2119 4429 2545 2748 4656 102 2035 4253 4821 4678 2143 4733 4672 918 3529 3533 329 38 4211 3257 3404 1336 691 753 3129 3942 3658 3021 3698 4634 4420 2511 2575 736 4390 1453 3143 1973 4320 4572 2276 4397 4300 3027 1489 3569 1937 1524 1367 2586 3652 841 2712 3810 2410 2919 765 671 4311 2304 1998 4568 2050 4768 1605 2878 1918 4650 987 718 1178 1115 2672 3519 2810 4233 135 4720 3766 502 53 3610 379 3526 392 2879 3097 1663 488 4158
3801 1877 1892 4779 1577 1127 452 4485 1990 1929 4114 3967 49 3216 4868 1019 1348 4125 1585 451 2703 1036 302 3416 4351 3204 3819 2702 3174 2216 661 3033 779 1784 2396 3487 4982 2075 3046 1162 1743 4698 1063 3058 4878 216 839 1113 3215 3737 614 4873 2028 3825 3552 4177 2418 1098 884 2821 4141 611 4319 4888 3941 2582 3489 1556 2643 1834 693 2363 4399 4717 4413 4523 2739 1913 3444 1910 545 4833 2151 4321 209 445 2473 1314 3500 4673 1968 1836 2983 3737 1636 1918 1541 4446 2279 4238 1697 4991 332 76 2285 1000 4380 4839 3142 238 1077 1649 3727 3748 2278 2424 235 2012 957 4100
4379 3571 1970 1258 494 868 4265 3848 2870 4797 1727 3444 1945 1274 1820 1770 1742 2584 4258 388 3622 4395 3422 4410 361 467 3336 4261 972 32 1824 1621 4425 4590 4938 616 370 259 4660 4083 3028 4593 1845 965 3573 4739 564 1026 2585 3501 1399 3803 628 4851 1892 3765 1370 2049 2778 3604 720 3559 4821 717 3670 2703 1094 1049 2961 2307 1803 643 195 310 2714 4252 4125 3657 810 3839 583 1007 1176 1799 1447 1753 2745 4576 2645 1579 4184 2656 4838 2480 2926 4650 4446 1335 925 951 2292 4477 2568 4300 3295 4142 4503 4837 2701 1368 3938 516 3426 4548 592 380 279 3564 78 139
3368 542 1280 2557 4084 3816 2334 444 613 4839 581 2430 3761 4976 4609 1588 1777 4479 368 4919 2938 3213 4927 2025 3091 312 3550 2398 2123 3752 1850 1261 3633 1983 1419 4777 4911 1115 3805 565 1061 295 3591 2738 534 2856 2645 613 4689 23 4060 3037 4881 4568 4181 1813 2281 723 4883 3386 93 3960 3159 3218 3176 2043 2721 591 3640 3086 1412 4454 113 2914 4815 1216 1380 1206 1487 87 2977 3038 3132 3037 4638 2340 4393 2540 2358 3506 2121 3013 2795 3759 936 987 2279 925 3874 2174 108 3927 117 631 325 1736 4711 4579 198 2781 2476 4299 4274 2304 4378 361 2258 1081 1238 241
1666 4281 3746 2884 3462 2701 4486 4070 3487 1236 76 818 3262 4677 4745 2410 608 388 3240 3039 2028 2077 60 2495 2625 3444 3590 14 2823 2775 4532 2578 1205 2745 2427 56 3002 1581 49 2244 105 1608 1220 2337 378 1500 2597 2681 2955 554 866 4561 4767 1187 190 1864 1485 2583 4417 4534 265 2189 380 3661 2332 3467 934 2090 2014 532 3905 4179 4746 3214 3363 1865 3997 2574 1019 2912 387 2688 4468 285 2428 389 2545 541 1127 4423 457 4396 1893 688 1527 718 4238 951 2174 32 2771 3568 4860 2057 1693 2134 4865 498 401 3066 2488 3569 4662 2664 2921 4826 3629 2807 3642 2792
1774 243 3193 3043 3868 2270 893 4591 3474 2641 2929 915 411 318 817 558 2243 3682 1339 2412 277 1970 1428 1588 2190 1414 3816 3063 4789 27 4240 321 168 2632 77 3991 4968 3863 838 2838 3629 2124 3142 2750 2932 1738 1995 1428 3465 3340 2739 1788 2324 718 856 3191 1418 578 2491 3664 3451 3460 4797 4321 2007 3243 3641 753 4965 1356 288 3008 647 3400 2988 586 4021 520 2677 274 2009 363 1415 496 2704 3234 4046 2195 241 1268 4630 3083 428 1234 3417 1178 1697 2292 108 2771 1155 3093 4270 4699 838 3791 694 4378 2038 341 4244 3297 1975 2707 1872 1923 1365 2921 2479 4960
1197 43 3087 4828 4492 854 3765 2541 1396 628 2840 1440 4484 1724 1757 4792 1828 362 1020 145 3699 2044 4691 4337 2326 3939 2692 2164 3041 125 1723 1629 840 2505 4024 1004 4797 253 4547 147 4216 2880 905 3001 285 2775 878 4334 4117 3933 3690 1481 4324 4763 4359 1220 943 4688 4814 1182 1496 4895 2680 399 1376 4846 2741 4017 1453 4649 2952 2589 1577 1616 3109 2641 2908 1541 4286 581 2744 4023 4609 2971 3858 2741 3612 3896 1988 2376 825 3956 2102 2230 4082 1115 4991 4477 3927 3568 3093 4940 141 3462 94 643 1969 4497 20 2340 3790 2136 3073 4381 3012 2338 190 2038 3135 4468
4074 1407 3612 2301 4897 537 1214 3749 2554 3543 323 307 3839 4804 569 3494 3127 3142 2359 1790 1772 3647 945 2892 2849 1269 3580 4100 3233 3331 3924 4356 1028 3692 4002 1627 1937 1531 1441 2543 4521 1889 2060 4159 623 3908 3667 335 3975 4944 480 1709 1137 3273 2061 1835 1650 1987 3321 4693 1608 3084 1336 281 3656 91 3649 217 1297 2855 1147 2758 2160 2597 4453 4132 3217 4244 1716 4684 3657 3575 4805 3994 3251 1691 1383 4100 1979 4204 2139 1270 3646 4286 2483 2672 332 2568 117 4860 4270 141 2736 4397 4423 3139 3924 1499 4079 808 3244 2915 3368 3313 3161 4709 2363 2781 4841 1513
4989 4648 839 1261 1431 2832 3301 1060 1314 379 508 4682 2538 31 455 3290 3301 2688 313 587 1156 1398 458 559 4182 1985 3247 857 1444 3793 592 4614 936 1280 2264 2756 4504 1161 428 3617 1778 814 2707 2625 2438 3674 3702 1010 4549 4733 3857 4403 741 3817 3530 1915 3980 1729 4010 796 4235 155 3054 1588 1225 963 345 3217 3964 384 3938 1513 1936 1752 408 3451 3599 304 3866 3028 470 895 3109 21 2781 2378 1988 314 1260 3575 860 352 2587 72 3316 3519 76 4300 631 2057 4699 3462 4397 4380 3405 1037 1262 2861 837 4525 186 2208 2657 502 390 3492 4998 4086 1178 3348
2937 1974 3386 610 3847 66 679 3363 1388 518 4658 3677 2172 3129 2006 4854 3595 4911 965 4598 1080 3482 240 635 490 2367 2904 850 3577 122 2792 823 4070 3563 3953 2333 2509 3377 4183 832 22 4047 551 867 2258 2150 1116 456 2162 3845 752 407 3201 2190 2272 4234 3257 3938 4698 4113 4946 2145 3480 1075 2418 4715 2798 3146 4897 1734 168 1274 2763 3891 2560 2852 2945 228 3986 1865 3827 4806 1402 4171 4107 3820 3765 4451 1796 1842 3354 3818 1694 1925 2005 2810 2285 3295 325 1693 838 94 4423 3405 746 3624 2809 33 3972 2718 792 533 416 962 925 4878 4901 95 4706 2305
3809 1550 1782 2872 2084 685 1374 1983 4976 4996 4121 653 2335 618 4699 4081 1604 1462 347 92 266 2836 4877 1923 3219 2172 1399 3781 1290 3459 4427 3087 864 4843 564 785 3067 61 4665 105 653 3251 1319 181 3428 2473 4562 4664 3684 1364 1803 3274 3679 40 4773 75 2073 4371 845 1466 1987 1431 3799 1280 3693 1052 2354 4405 4757 2647 4278 172 842 4220 403 3125 3748 4219 4632 2381 4095 727 2535 4213 1310 3416 779 4704 2170 409 2387 4086 2730 1886 4310 4233 1000 4142 1736 2134 3791 643 3139 1037 3624 4025 681 3976 4354 3326 2386 4038 911 1859 723 422 487 1118 325 1204
3267 2159 136 4537 4129 4192 2814 1306 3923 1276 2921 221 411 3082 4222 1717 3953 3046 4544 2022 2962 4352 3002 698 3876 404 3211 845 269 2976 3904 239 3964 1890 1425 531 3653 3481 4719 2671 1879 1483 3059 351 989 3590 275 1546 4813 1454 3017 4240 4244 487 4787 2426 2784 467 991 1046 4320 2726 1688 2563 2430 597 1233 603 2312 306 4373 1470 3497 3033 2441 3016 63 3535 616 3598 1123 797 2950 4155 4010 2191 1870 426 637 2779 3384 192 719 4318 4941 135 4380 4503 4711 4865 694 1969 3924 1262 2809 681 2803 347 602 790 26 2914 1814 930 1651 2842 661 2909 4841 3359
2744 3327 1504 1913 442 1538 3836 3823 4761 1335 1713 279 4882 3816 2460 3127 4844 1900 3180 3071 4701 2107 2409 1179 4039 4513 3957 920 992 4445 1151 4008 977 3211 4487 1940 4270 2062 2568 1261 4161 928 2011 858 3731 3645 3800 4194 4043 643 2295 3460 3995 327 1066 3042 3996 3074 2219 866 3929 3351 1441 4918 1904 1248 219 1892 577 4175 679 1312 4163 551 517 2289 3145 2172 1604 3231 791 1258 1068 3436 1578 2421 2760 863 912 4896 691 742 3800 676 3992 4720 4839 4837 4579 498 4378 4497 1499 2861 33 3976 347 365 4720 2766 3614 988 3480 4681 1981 3243 1255 2272 4764 2579
2330 3821 2255 4671 564 2196 960 4562 2607 2612 1617 3148 30 2792 1547 3419 1566 1695 3456 108 15 2409 1130 2008 604 1752 4742 4648 3746 53 166 3836 1785 3580 3711 4592 685 2366 4288 2202 2012 4822 765 3299 864 4920 1700 2337 1025 2340 3841 1326 4449 2911 1851 152 3229 1484 3719 694 358 3249 3430 2466 4144 1457 4811 952 137 846 4120 122 3972 2173 1159 1912 2960 1854 4149 4003 1136 3894 4864 2832 256 4024 2627 2428 1384 4467 1657 4773 2362 959 3266 3766 3142 2701 198 401 2038 20 4079 837 3972 4354 602 4720 2043 1381 2558 3602 469 4469 876 1883 3552 226 426 1222
2976 2837 3903 1656 3117 11 3264 1675 1201 632 4732 4146 2106 4858 836 2667 3497 622 848 4544 3636 986 588 1248 1058 2163 1557 3045 2065 3131 4006 1899 2805 1279 1418 4802 1006 1034 3952 4516 2682 3748 4970 157 2932 4855 4052 1895 472 49 4108 483 1851 711 668 760 4543 1925 924 3424 2684 4224 1410 1172 2883 2015 4726 1978 4605 794 250 1820 3181 4685 858 2208 1774 2420 2427 4132 4977 1926 481 4980 54 4862 2863 170 2495 2822 441 900 2315 4298 2024 502 238 1368 2781 3066 341 2340 808 4525 2718 3326 790 2766 1381 2950 1735 4080 4725 2401 964 1793 1307 942 571 557
3262 3119 498 1740 709 3401 3852 3534 237 4779 2323 1453 2743 3058 393 2355 4723 892 1392 3208 848 2250 3308 2122 1083 3446 392 4392 1377 618 4051 833 2723 3554 945 2197 2242 1838 3073 1002 4240 4639 4529 177 1890 3850 2079 412 4663 3255 3507 3861 1876 340 1498 181 2365 3151 3709 1313 4970 4371 2292 2667 196 2933 1339 228 1635 4141 3581 998 1948 3200 2459 3608 1434 373 3731 4410 4186 1268 4830 2586 3567 421 1423 1504 1771 3156 2792 2549 4731 4086 4138 53 1077 3938 2476 2488 4244 3790 3244 186 792 2386 26 3614 2558 1735 47 2789 3637 4525 1654 2023 4166 2902 1933 4324
248 2404 728 4377 4114 3136 4112 4460 3304 4344 2162 4912 3614 4939 2306 716 945 1289 2130 435 3329 3988 1786 3450 4793 3303 3990 1353 843 750 4993 3297 536 1408 3562 570 4166 130 2301 2241 4753 1495 1595 381 2329 4392 119 3683 300 2191 2239 1568 3154 2071 4956 758 352 3339 3186 4634 3674 83 4684 4718 2874 3247 2463 1119 3657 1358 317 2794 1134 1628 558 1255 255 2218 130 4916 1777 1245 951 4257 2508 967 2376 1651 1509 1569 427 655 1770 2038 2539 3610 1649 516 4299 3569 3297 2136 2915 2208 533 4038 2914 988 3602 4080 2789 3256 276 4701 2756 4121 2926 2772 2424 3100
1299 4961 4002 3641 4368 1829 673 3197 1188 4002 1381 1902 932 3325 28 1705 3638 1084 1538 4464 2225 4355 72 1082 2558 2609 326 1994 2508 3817 4740 3514 4939 762 440 3594 4128 2659 1432 3703 353 4321 2320 4332 2985 2367 30 409 780 3933 3828 3269 4906 3066 3036 390 2380 4950 4416 4393 2725 1771 2188 1647 2804 3933 4125 1912 2482 621 4274 3537 4276 671 4607 4382 1152 1203 4519 509 1178 3983 1833 753 1719 3659 1545 1066 1449 82 4900 1533 2922 3054 997 379 3727 3426 4274 4662 1975 3073 3368 2657 416 911 1814 3480 469 4725 3637 276 1882 4046 4840 1140 3356 3691 1000 4552
1029 591 4404 3218 3520 895 1895 4007 1043 1709 1429 843 198 537 188 2128 4336 3892 1699 4209 1658 3715 589 4748 11 2817 2231 1642 1936 4169 4163 2849 859 3109 3656 1971 538 3507 3002 1399 4638 1628 4863 275 16 857 1349 3119 3853 3627 4239 4209 221 552 4045 378 4160 3530 2543 55 1778 4927 553 1072 3222 636 3258 813 4729 1903 3279 420 1853 1130 3588 914 4749 2881 3405 2619 4517 1358 4516 3312 946 1058 4538 1508 1498 2965 1022 4671 2533 2293 4419 3526 3748 4548 2304 2664 2707 4381 3313 502 962 1859 930 4681 4469 2401 4525 4701 4046 4191 3685 3795 3535 50 4819 2765
3388 371 4351 1992 3958 4482 3821 4840 1038 3048 1681 4595 903 1035 2805 4970 4808 4536 927 2485 3677 2970 2259 4435 1482 4124 356 885 4992 3528 3339 1314 43 4814 1512 1938 4560 1357 1998 4086 3309 4092 1091 214 1385 185 38 4177 3636 1170 4221 369 2813 732 4681 4773 189 1459 3977 1594 1961 2287 1855 1246 2229 3544 1857 3963 4701 2265 147 3160 1158 1167 1559 4658 2687 3649 233 2347 1342 4576 3849 3086 828 2511 4034 2674 3513 771 1157 4808 2409 2084 1623 392 2278 592 4378 2921 1872 3012 3161 390 925 723 1651 1981 876 964 1654 2756 4840 3685 2038 289 2342 184 2029 3897
2072 4298 1707 1547 2581 4639 4669 3739 4689 796 4957 3999 4655 2452 3152 3108 4098 3854 4238 4824 3046 4486 3574 431 2659 2070 2569 4043 1483 3878 2975 4287 3524 3831 2271 1307 4513 1056 734 1451 2746 3445 852 692 3106 1024 3699 2795 4549 2350 522 2592 1494 2624 4596 3859 3849 429 3929 2899 3874 954 2025 3469 2058 1825 4183 2018 3803 3843 495 3883 4500 2108 4211 316 3656 976 1625 2165 3119 1720 490 2862 3237 4687 3089 2387 226 2616 4500 4701 1484 2501 1569 2879 2424 380 361 4826 1923 2338 4709 3492 4878 422 2842 3243 1883 1793 2023 4121 1140 3795 289 1810 2608 3822 94 3867
1142 3670 4151 596 3046 209 2453 855 3798 816 4339 4234 148 1021 415 4671 571 2994 1242 4347 3130 526 1954 3975 370 4357 1251 4971 3772 3817 3150 3645 3876 423 2586 1598 4665 2782 382 1696 628 1521 1894 116 4208 2400 1811 813 3199 3208 4889 2108 4940 118 4973 1199 3504 2262 2229 2810 290 3100 1447 1943 94 4960 1478 4826 3467 4742 2573 1902 220 3840 760 4871 377 1271 2893 1830 2075 435 693 4158 3206 1038 3400 4041 1899 4368 1757 3800 3674 1880 4031 3097 235 279 2258 3629 1365 190 2363 4998 4901 487 661 1255 3552 1307 4166 2926 3356 3535 2342 2608 1803 39 4801 2784
932 3171 3746 3179 3873 2021 2933 2674 3141 1574 1646 1488 2254 1264 2226 3416 1773 2001 1494 3703 3550 2776 3786 950 2211 23 466 823 2311 2319 2134 1476 1810 309 1956 4905 1793 2659 3393 796 4403 1910 1022 1155 3828 4114 1255 1904 717 2764 4303 3692 3340 3934 4949 3225 4895 1472 4566 3063 2063 4959 4369 1771 3225 2840 1195 1965 2980 3338 1333 248 4011 828 2125 1007 2209 331 3981 1031 1786 3717 4670 1381 4879 4944 2606 3744 4254 1856 1675 3008 2766 3086 3158 1663 2012 3564 1081 2807 2921 2038 2781 4086 95 1118 2909 2272 226 942 2902 2772 3691 50 184 3822 39 150 1652 3925
4745 506 4660 4142 511 2659 4033 3112 1986 4920 90 2676 3826 391 1284 3890 3490 1757 3527 2466 4397 138 1396 2525 2073 3672 605 827 3305 1024 3130 1597 4391 2795 2737 1514 2546 1485 1076 3471 417 1954 3241 432 1970 2236 3075 3360 3382 628 4099 1007 2290 4245 2510 99 4212 308 4918 511 953 4374 4474 4201 4860 2336 4646 3016 2543 3227 181 1908 2815 979 3229 388 780 1209 2089 4693 4382 1469 461 1822 2198 4111 4056 356 4731 1390 4767 1757 4431 4601 1775 488 957 78 1238 3642 2479 3135 4841 1178 4706 325 4841 4764 426 571 1933 2424 1000 4819 2029 94 4801 1652 3739 1340
3149 2364 4325 2075 631 394 4294 2626 2368 1987 1688 3370 3242 748 1025 2400 3176 77 4047 3869 1420 2193 2320 3279 4573 1393 4929 671 1594 1671 4874 169 283 3617 2157 3608 450 574 2230 2498 3201 1805 3199 2231 4297 3088 3228 450 3925 4360 1717 4880 3492 353 2377 2231 371 1113 3193 1911 1600 4411 2416 3343 3451 2839 2850 3184 4049 1313 1786 3951 3856 200 4624 3808 2139 2726 753 2841 735 4561 1667 4068 1908 4041 2083 2720 3709 615 1251 596 643 2119 3820 4158 4100 139 241 2792 4960 4468 1513 3348 2305 1204 3359 2579 1222 557 4324 3100 4552 2765 3897 3867 2784 3925 1340 34
