N: 120
M: 24
Symmetric: true
Triangle: false
5 74 76 5 11 38
3 62 83 27
8 72 101 117 59 29 50 80 19
6 84 40 45 82 34 92
5 71 91 111 120 79
4 46 41 69 55
3 37 68 25
4 77 13 110 61
6 4 65 6 33 60 47
4 63 89 32 7
4 18 85 36 14
5 67 115 39 81 8
5 109 116 70 35 112
4 49 86 28 75
2 44 102
10 57 113 108 104 103 21 51 95 31 99
2 15 43
5 56 16 94 20 54
6 90 24 88 9 98 58
7 107 1 119 106 23 53 66
2 22 2
7 100 52 42 87 12 64 118
5 30 93 73 10 96
8 105 97 48 17 3 114 78 26
2372 738 1300 321 3909 4462 3934 3084 330 284 4475 1988 4849 1461 4107 614 3621 489 1965 3557 314 594 681 4590 3798 4248 2526 4158 1563 480 2865 2507 468 4190 3714 2340 296 4537 4209 2492 3403 849 2644 1404 1038 2519 871 4518 4211 4213 1699 2750 3097 3793 4409 3797 4882 473 2898 4684 335 715 4987 1688 438 1208 3083 296 4394 903 3710 3762 1506 3455 4631 4308 2451 4879 286 4839 3146 1364 3600 980 2290 1308 3763 17 4831 3178 3647 3723 2711 1616 4896 92 1669 4685 2617 2053 4226 1575 2736 139 4177 811 2487 542 1948 1429 4032 2091 2685 3573 4759 3151 3410 2039 587 1022
738 1953 2765 4746 1155 3282 1912 2780 4485 3842 552 1227 896 4486 315 962 4666 3239 1252 3180 4406 3368 4221 3960 2816 1573 792 1084 1573 395 1992 4020 2507 1356 4522 3681 1205 4369 4704 2781 1826 4130 4072 862 4559 2977 822 3323 587 2957 756 1266 1909 2088 697 2254 411 1886 2491 3747 2012 3601 1830 2029 4543 3910 2237 3832 4858 3863 1525 714 4731 4311 1275 4155 3280 4249 4846 1317 3295 1825 3654 2660 1675 3239 4498 1382 212 1411 94 1373 1069 4973 568 255 3734 4430 2751 937 3059 4232 584 3070 2173 1627 2447 3352 2775 3520 1504 2945 4540 3706 2895 2526 186 2039 3221 3362
1300 2765 1188 1485 665 1703 2483 2030 4357 3021 720 4010 2102 22 277 4091 2849 4508 3524 4709 2781 2830 4425 2596 3367 1189 4223 2592 4610 2855 719 3631 3483 819 1778 3072 1858 99 3823 2349 2447 32 2287 3198 77 4976 1662 1050 4912 3328 1491 4508 3380 1888 1896 3575 3347 4642 3165 4546 1039 2674 869 4829 2024 3202 2501 243 809 3732 859 3530 496 3086 1473 210 1229 1445 999 3684 869 1133 2771 3006 258 1703 2873 407 4139 837 107 2958 4377 3843 4854 1539 1520 3878 1475 4803 4731 388 2539 295 4202 149 3673 2271 492 492 4793 4150 2889 1503 1812 2946 4354 4655 297 1779
321 4746 1485 2579 2479 2086 222 1614 1887 4965 1487 3931 3752 4466 682 4406 4928 4750 1744 1135 3800 436 667 3854 2953 3817 4837 3343 1069 474 1133 154 348 4779 2394 2813 3723 2634 3507 3692 3265 3596 4433 4524 555 308 1765 4347 3735 180 888 2840 1318 4577 4271 1005 1088 2765 1638 2964 3903 877 2676 38 3222 2789 1289 1207 3120 308 473 1433 3250 4190 2353 4784 1775 2589 3909 2940 358 2908 872 2805 3155 189 3251 283 3386 724 4910 4819 1537 2675 1493 2456 4315 2315 3217 3336 2731 2938 3793 1338 1122 3623 4344 2487 1805 2918 3959 1240 648 1942 2192 829 2529 4479 3732 2753
3909 1155 665 2479 3319 4508 1689 4790 233 2721 4264 3927 3743 4827 1383 2837 3432 1265 1959 861 4401 2057 4671 3920 4321 3039 2688 2900 4014 2911 4554 368 4999 2492 2648 4718 2414 604 4084 1411 3878 4363 4577 2752 4036 3642 4607 2494 3216 573 2119 3331 628 422 3720 1191 3803 1629 4039 4713 3493 2856 3426 391 113 3431 3665 4840 4632 2591 2290 3312 4454 4336 607 4931 3577 3999 23 3505 333 991 4287 1750 1444 3368 4490 87 428 3954 1717 1300 808 914 3051 2517 29 1467 611 2675 682 4531 2553 1616 1605 2331 1071 935 2146 3862 2188 2558 2151 1214 661 3520 3370 3389 470 4911
4462 3282 1703 2086 4508 91 2645 1413 3775 4415 1462 2652 3429 2534 3961 4846 2789 4621 2152 1029 989 1110 2121 1146 4556 1378 2493 1993 1581 1465 3223 2882 3820 2631 3023 3750 3236 1028 3462 140 965 1317 3550 1821 3645 3476 669 4176 4718 597 3552 1713 1894 4117 2192 37 996 2870 2210 1163 1623 3811 3949 3942 3996 892 735 2756 2225 3489 4337 140 2716 511 419 3974 2407 2643 3812 3550 2779 2140 3489 3551 291 4440 2690 4485 2839 2731 4746 4531 64 4082 1709 4841 2291 3505 1225 4144 4946 1566 4511 4728 1116 326 1327 2424 1823 2705 4040 298 609 4237 4719 4142 4730 2036 717 3509
3934 1912 2483 222 1689 2645 2985 1195 3349 1259 3497 4711 28 4188 403 789 3502 3103 573 846 647 4626 3133 1705 1430 3129 4026 4763 3660 3338 4941 1072 3637 1818 3892 2790 723 708 4340 4666 3756 763 4317 2228 2608 153 4696 3643 3381 1650 4780 1923 3744 1213 3538 400 2768 4699 2294 4337 3809 3318 2297 179 1673 594 3229 373 612 1608 489 2799 1903 3013 4176 2923 1430 2415 3480 2028 846 490 3499 107 1189 358 4133 3275 2808 3735 4316 1825 2489 1785 537 175 604 2816 2601 3234 737 4311 2929 1525 3014 3936 2808 765 1614 2943 3412 1312 1510 2891 1875 3367 3831 4134 4788 779
3084 2780 2030 1614 4790 1413 1195 787 4752 4370 1587 3329 3453 4012 2910 1097 3030 3708 4378 13 1745 3826 4924 2147 4101 1854 2797 1560 4631 26 3308 3254 624 4927 37 1029 3414 2892 2402 4357 248 214 3428 251 4998 1153 1549 1731 2736 2917 1314 556 671 3902 1469 4698 3130 84 2504 3229 2256 513 2454 1471 2147 4183 2459 1617 3860 1456 1358 927 4482 1093 3588 4536 1483 1442 1723 3090 1530 3990 61 4941 4947 4891 3184 3040 4201 1054 2258 3021 1665 4368 80 3608 3495 423 2227 3663 805 4171 722 4307 2810 4775 3486 1840 1027 4048 1564 4233 1225 548 3196 2000 2893 428 1306 2576
330 4485 4357 1887 233 3775 3349 4752 3626 391 4489 4834 1477 3952 3976 3806 3802 1025 1948 3868 2101 3088 2361 1246 1036 2697 3439 1367 866 2253 3224 125 3709 3436 3164 1805 4590 537 2835 3097 793 711 534 178 519 4167 3049 2071 3873 106 1998 1059 226 2925 167 2468 1699 1603 4154 1060 4110 2837 3457 4152 506 3454 2760 3141 1585 4742 4484 4212 1384 1786 1997 766 4479 4204 2534 1824 1793 3461 3954 1228 1379 4312 321 3791 3744 868 4340 4060 4799 1723 2796 2227 600 2288 2699 2448 3301 910 1225 181 300 3963 2793 3978 2402 4529 1936 1638 817 3455 2292 4886 1562 3859 3846 3589
284 3842 3021 4965 2721 4415 1259 4370 391 2529 4814 274 3095 3842 1361 735 4271 1409 1266 924 3110 4104 2786 2213 3443 919 4585 3143 1413 4172 400 3769 340 696 4868 2388 55 1104 2751 4083 2700 1815 1509 280 263 1317 4165 2440 3764 228 3751 405 968 1144 428 106 1040 4602 3751 2856 1833 1421 4062 2222 2245 4158 3647 3802 1072 279 2439 3449 785 3189 4347 688 3441 1885 3379 1110 3053 1399 120 3913 2099 2463 2113 2140 1441 145 3047 426 997 1209 4749 3497 403 3952 2873 1888 3774 4173 2957 1010 4955 717 1271 4037 194 3164 4337 3182 4548 3739 4185 3611 4154 1135 4831 729
4475 552 720 1487 4264 1462 3497 1587 4489 4814 2514 1520 2981 2579 1851 2949 1087 546 4589 411 70 3606 4609 3743 2257 4460 16 4959 498 2281 4099 3519 4991 1856 4977 1909 2204 473 2979 926 1335 4716 2866 1156 3700 1580 2523 1544 4465 3676 2275 555 1950 4206 860 298 4362 2360 2645 502 3493 1253 3332 1084 1715 3691 2521 18 4016 3336 3416 455 326 3014 2796 1657 4428 3680 1066 1033 17 4058 4954 24 2907 4016 4084 3186 315 1529 1803 696 687 4266 3778 4142 1189 992 4864 4134 161 1982 3565 4910 98 4832 663 781 68 1511 2103 441 896 2979 1728 3215 1354 445 245 117
1988 1227 4010 3931 3927 2652 4711 3329 4834 274 1520 327 641 1087 2224 2079 4199 4763 2325 1411 1193 2975 331 3180 393 714 3034 4328 3199 2952 843 1858 4690 2777 1730 2941 4751 4730 2464 4217 80 742 3750 4533 3875 1190 3562 1100 2380 4620 3708 465 3109 4568 2852 982 2658 2566 4352 2341 796 1127 2163 1590 3329 3391 1235 4626 1356 4685 3327 519 4554 2098 3578 127 2341 3968 4491 1075 3262 3071 4353 432 1504 763 3573 3522 1350 777 4692 217 4773 4232 4399 1398 2445 1759 321 3193 4030 2054 2891 4204 4263 2723 3616 3752 223 3608 4509 1008 2406 4413 1703 2457 342 36 1712 3151
4849 896 2102 3752 3743 3429 28 3453 1477 3095 2981 641 2980 4283 1402 4575 364 3290 276 2341 2074 2801 2010 535 4092 2506 4330 2400 1824 3677 633 3513 4040 2114 2616 584 3464 1634 1628 2308 494 1684 2579 4687 887 3195 4826 4787 4832 4477 4213 681 1698 308 4968 4939 1427 4051 225 268 916 3835 2884 1711 3661 4953 1686 4489 535 3783 1191 3308 4496 1575 3206 727 4611 3390 4112 1429 610 3592 2604 1004 1820 4843 1527 3884 735 1364 1350 3129 3992 727 1641 3080 2513 2881 2110 2061 3655 1436 4570 400 4008 2348 962 1511 1741 4162 4614 2135 333 2811 4113 240 3318 4607 2982 506
1461 4486 22 4466 4827 2534 4188 4012 3952 3842 2579 1087 4283 963 3022 3524 2256 2588 3261 3368 3684 349 3094 117 4461 3229 4085 4782 1217 1123 3718 1038 1089 82 3230 518 2971 1380 1689 1317 4105 2270 2785 553 1261 1824 3000 2383 3128 4269 858 1271 4396 640 3070 1881 2433 3257 1155 2497 219 2579 3232 4877 4867 3452 1551 3445 1721 3501 4599 4883 2170 4444 4067 2667 497 2986 12 4767 4774 4421 2252 4804 1730 1500 3625 4874 1940 2905 74 2719 1247 508 1342 1438 1238 890 1352 4527 3845 4186 3862 3559 337 62 410 973 3770 744 76 4432 1150 2773 1181 1708 4868 2124 4476 386
4107 315 277 682 1383 3961 403 2910 3976 1361 1851 2224 1402 3022 4188 3721 1022 3683 2629 61 2460 3739 2662 590 649 4685 2918 315 3859 808 1121 4485 754 148 346 551 4452 2282 2885 4725 3554 437 4079 3138 2554 3886 4647 4841 582 4685 1062 4645 1596 213 3913 198 1796 4378 2701 1810 2833 1094 3377 505 3912 4312 4664 57 3429 3707 739 377 2786 2086 366 1627 1996 1772 1373 3706 2863 3317 3500 1829 1376 3702 176 2527 2709 2336 3613 1886 4320 2172 1071 1910 995 2840 1773 1776 2350 513 4941 4880 4662 1707 31 3303 1749 3501 981 3187 4455 3562 3999 4596 2106 2977 3279 4135
614 962 4091 4406 2837 4846 789 1097 3806 735 2949 2079 4575 3524 3721 3733 4348 4177 3272 923 4203 4650 3743 321 3370 1782 1718 137 4888 4193 2012 2281 2526 2742 3455 2583 3717 1097 4669 63 671 4645 2725 2166 1910 4940 3255 2006 1659 1524 611 3933 4358 3721 3288 2440 465 670 3121 1591 2624 4399 3045 2563 3922 3167 4771 3894 1461 2927 1053 774 732 1259 1949 1279 2118 2299 2928 2242 2556 3272 2289 4508 830 4104 806 4299 370 4198 2396 4146 3932 1158 3441 1127 3068 2220 1601 1812 1975 3715 4959 2551 2376 2617 4166 4369 3755 2698 3595 1607 2847 1027 413 1638 2581 3830 4566 4266
3621 4666 2849 4928 3432 2789 3502 3030 3802 4271 1087 4199 364 2256 1022 4348 4241 1190 4927 3628 4550 4630 3843 3689 1750 2842 2682 3177 4566 1264 1645 2794 1444 1422 2784 3065 2243 2855 2064 3381 4419 1102 4166 2994 689 1748 4224 3460 4365 1359 3839 1987 3193 1056 4199 164 4158 3844 2524 526 2875 4708 2589 583 3822 566 1912 4210 3525 3229 1491 2803 1046 1922 536 594 1572 4925 2759 286 3121 4839 998 2104 2525 67 3949 3425 2152 498 4579 2828 3220 3516 4794 1417 1617 2801 2679 4795 2195 819 3058 3543 1410 4014 1441 3242 2991 4245 349 836 2389 4482 635 255 1290 3460 3423 2594
489 3239 4508 4750 1265 4621 3103 3708 1025 1409 546 4763 3290 2588 3683 4177 1190 1132 2592 4369 4061 4046 2747 3455 2227 836 308 3000 3241 3139 1862 2224 4980 2818 4857 3456 3373 2368 2598 4144 1475 3632 2882 4073 3179 4510 999 2756 3333 1634 2290 1777 3909 4954 15 3206 1274 2877 1236 3319 2901 2194 1077 3723 3466 1535 933 2111 3097 3173 3323 4447 987 1749 52 3178 2901 1564 2042 4422 3356 1620 2955 94 4754 3307 3519 644 811 173 2749 4896 3680 680 4443 3130 1862 1944 1386 4827 3867 710 2501 414 3338 1373 1456 108 3135 3564 4465 2780 4439 2071 3058 1437 3781 4296 32 2849
1965 1252 3524 1744 1959 2152 573 4378 1948 1266 4589 2325 276 3261 2629 3272 4927 2592 1231 2920 4918 3501 3415 1498 1407 3520 1370 4524 4000 2570 2538 250 765 4258 4914 4130 1052 148 1076 4865 2568 1781 1553 1493 4054 1419 4416 273 3003 1464 3935 3704 2569 3877 4569 3084 2476 2651 255 2709 4360 1802 1458 2355 912 4894 3164 4831 1186 3341 3586 152 1042 1891 2361 1733 3382 89 3899 3860 2702 1196 4518 2479 4671 4364 3793 845 1849 118 391 3970 3492 3854 3645 752 291 3353 1998 2135 4453 4484 1303 4576 2242 2441 2410 1266 1955 374 4899 204 337 4813 280 2683 2601 4786 1342 780
3557 3180 4709 1135 861 1029 846 13 3868 924 411 1411 2341 3368 61 923 3628 4369 2920 4741 1415 3774 251 2076 2214 959 1540 4605 2643 2603 1905 4108 2231 2892 1844 2219 2994 3606 2067 4449 4966 4552 1870 4733 395 3004 675 1137 734 3753 4453 4917 461 677 3386 1729 4531 2039 2522 2202 3587 4843 3287 3136 2222 795 4471 4313 3064 1611 1115 4721 613 1671 4266 586 1941 2312 4536 2103 2985 2165 1807 4408 3688 4767 2917 57 736 1373 4536 3824 2784 4343 4537 2796 1673 475 87 1150 2475 2270 4948 1665 2924 4981 4533 635 2431 1461 3084 3928 2694 4665 1580 3202 2901 314 1711 3700
314 4406 2781 3800 4401 989 647 1745 2101 3110 70 1193 2074 3684 2460 4203 4550 4061 4918 1415 4664 2878 436 1429 817 541 1672 227 1762 2567 2288 1213 3151 2259 4869 1545 4202 4564 2420 2086 1195 2132 352 1937 2587 3891 4677 3747 1057 4364 3599 45 171 2052 652 4977 2338 2357 3361 3594 3455 460 1167 4067 1209 119 885 872 3846 2513 1662 4659 1868 3409 3120 980 2498 2614 821 2664 484 4588 3639 379 977 2586 894 4888 2701 2881 3016 2096 4534 360 2089 801 4812 1442 4990 699 1282 3204 2362 4385 4167 836 1616 2165 3578 3760 2296 4276 4838 2396 3895 2637 4855 3829 3788 2616
594 3368 2830 436 2057 1110 4626 3826 3088 4104 3606 2975 2801 349 3739 4650 4630 4046 3501 3774 2878 1857 1787 82 4397 447 2246 4476 3906 4837 3352 1695 1716 1878 1825 4455 2107 3610 1961 4031 4774 1436 2981 4822 460 3682 1450 3940 966 2400 4658 1893 3122 2696 2997 1585 3044 180 721 4949 2692 4946 3441 1117 1144 751 3122 2746 1311 4776 4275 2593 4342 2303 974 1483 2592 638 1857 2564 709 3380 1204 709 4594 1835 124 2417 3703 1844 4368 4992 2387 3009 2874 691 534 1430 4088 999 2335 3013 2670 3206 314 3364 4448 1683 4360 1847 2168 2220 1396 2616 1197 2687 3045 4730 978 3850
681 4221 4425 667 4671 2121 3133 4924 2361 2786 4609 331 2010 3094 2662 3743 3843 2747 3415 251 436 1787 1497 2527 4581 1855 257 897 1792 921 3795 2661 1860 1582 3007 1067 2156 3051 1547 1841 4603 3813 2105 3206 897 1068 1212 4215 4467 1514 4513 3556 1200 929 3764 2667 4249 2642 4648 3047 1202 2711 2731 109 1362 1039 2235 271 4273 1770 3181 2400 1123 2890 2615 2530 4420 1515 2472 4280 2189 1766 3122 427 530 3617 4720 4092 956 387 1150 3298 3090 2068 4945 2584 129 4873 2253 3782 2240 3097 1417 2135 3645 4221 2821 558 4406 4667 1867 2574 1101 3770 1954 4999 543 2874 2734 4432
4590 3960 2596 3854 3920 1146 1705 2147 1246 2213 3743 3180 535 117 590 321 3689 3455 1498 2076 1429 82 2527 3286 3503 4563 3513 4691 4204 778 4405 409 3796 671 4749 4778 4983 4160 3090 2690 1265 3600 607 2268 4812 549 3837 4706 1671 754 1564 2856 35 953 261 3583 1280 3740 3334 3378 4524 3517 2167 3347 3801 3138 1651 599 2709 2998 4032 2734 4624 4533 4105 4300 4486 130 62 3676 2410 4029 4143 544 2947 3147 3848 396 2115 4569 1123 4482 152 3847 656 2641 1741 741 2114 2409 4129 1111 1699 1204 1730 1374 1910 3291 4867 2825 883 2399 1407 712 2059 1905 4860 1865 228 4773
3798 2816 3367 2953 4321 4556 1430 4101 1036 3443 2257 393 4092 4461 649 3370 1750 2227 1407 2214 817 4397 4581 3503 3685 3487 2776 4022 3393 3545 3845 4845 3325 3328 4962 3165 4073 2666 1310 64 3796 2122 2147 1603 1301 3414 941 4015 4945 1263 1142 3919 2959 4931 3559 4494 4720 4844 4559 1162 4496 4502 893 3622 4427 4349 4986 4346 4287 901 3361 1597 1700 1702 1224 2541 2678 3412 4816 3438 2154 136 3369 3114 1971 2758 1987 4524 4357 1760 2119 4540 3046 4893 2565 4693 2561 2136 237 526 4531 2521 2239 3214 431 3233 1997 337 1224 3662 565 4696 4474 1420 875 4416 1382 186 4927 4773
4248 1573 1189 3817 3039 1378 3129 1854 2697 919 4460 714 2506 3229 4685 1782 2842 836 3520 959 541 447 1855 4563 3487 1700 4964 2591 3171 1525 3516 1845 1369 1646 843 4146 4267 4099 4510 1977 4642 3434 1296 1154 3507 3330 4240 4834 312 2632 3298 3364 1883 531 3810 3634 1326 4864 2745 1564 2233 1566 697 642 1055 3241 3533 3378 3177 3133 1958 1120 926 248 3215 122 3107 2782 427 1865 3627 683 2815 4370 3949 3034 4406 3521 1977 1533 1307 1983 2440 4567 1481 29 3368 1265 1798 2588 3157 4009 4892 1372 1395 1667 2985 3389 4779 3463 2180 3472 2900 1759 3939 2606 227 4030 3675 2337
2526 792 4223 4837 2688 2493 4026 2797 3439 4585 16 3034 4330 4085 2918 1718 2682 308 1370 1540 1672 2246 257 3513 2776 4964 2092 2219 2771 3973 4145 3679 4839 4385 3168 3131 3937 4530 2450 4728 905 2903 1203 1691 729 386 1288 1894 2971 938 3521 347 4848 3390 4888 1904 4779 4069 4687 2019 4696 4935 1054 2343 4021 2998 4245 4034 3079 4006 4016 4197 3297 1886 1257 2663 2847 2664 3020 1631 1664 2704 3877 1241 4576 2029 1603 3861 4564 2132 939 830 2835 256 4757 879 4757 1681 4393 1947 2985 3309 4857 798 2805 3354 4820 182 1214 4691 4760 874 242 2058 884 505 3826 2029 3102 35
4158 1084 2592 3343 2900 1993 4763 1560 1367 3143 4959 4328 2400 4782 315 137 3177 3000 4524 4605 227 4476 897 4691 4022 2591 2219 3346 2755 1305 1053 1730 4206 628 2295 4476 1217 1651 2905 1254 4890 4083 4912 4774 4742 1393 642 4200 1117 1434 4867 4758 2783 242 4031 2590 2082 3042 2509 954 1348 1571 4954 22 3826 3282 3419 2013 1590 1542 3710 4524 1151 4064 217 3239 1178 2207 2585 728 2606 2633 1679 1779 1207 4896 2996 3275 3404 2259 3040 1254 806 3369 3440 3619 3682 1280 3411 3156 4895 2993 3809 3747 1008 834 3190 2879 1066 2852 4164 2806 3438 3732 824 4485 242 538 3903 1786
1563 1573 4610 1069 4014 1581 3660 4631 866 1413 498 3199 1824 1217 3859 4888 4566 3241 4000 2643 1762 3906 1792 4204 3393 3171 2771 2755 3642 4506 2979 4184 521 395 734 2369 2563 2649 3188 2912 711 1039 824 4095 247 3612 3073 4150 2938 3926 3167 1313 3678 4796 3599 1394 3055 4240 130 480 4517 4692 4730 2984 3655 568 1020 3733 3609 4429 2713 56 1698 1304 4802 3710 561 4797 2084 433 1013 4498 442 2585 1002 4029 25 4710 575 156 208 250 269 942 2565 1040 3297 145 3105 497 4071 2287 1653 2546 541 3057 217 2543 3535 994 3467 1472 1635 3576 4173 3086 2436 1071 4704 2266
480 395 2855 474 2911 1465 3338 26 2253 4172 2281 2952 3677 1123 808 4193 1264 3139 2570 2603 2567 4837 921 778 3545 1525 3973 1305 4506 2999 1067 2166 1299 1252 644 952 159 3474 1162 3307 838 950 4279 896 4675 1057 495 4376 886 3197 3890 1293 4500 2208 1473 753 785 374 3838 2648 11 1234 2148 1334 2095 4353 4407 2179 1204 2136 971 4958 2526 852 1244 2125 555 251 4427 4921 110 3471 2020 3533 210 2301 1938 3057 3152 1677 4278 4618 3159 4207 840 2981 1130 4426 3056 3034 43 1478 1960 4302 3380 2374 4171 4470 4092 1174 4507 1513 4351 3377 2534 1224 2204 4342 4139 643
2865 1992 719 1133 4554 3223 4941 3308 3224 400 4099 843 633 3718 1121 2012 1645 1862 2538 1905 2288 3352 3795 4405 3845 3516 4145 1053 2979 1067 692 4849 4826 2088 863 3471 3783 3842 701 2157 1826 508 3381 1511 3258 3311 306 4127 1067 2255 1785 496 2762 1145 2794 262 4008 4515 2231 2869 1614 2258 716 3141 285 2536 1767 1841 1442 2850 3097 4732 4774 4750 690 427 1911 492 2868 366 4585 158 3852 940 1546 1412 2046 1588 1981 1832 1240 3496 2183 4512 1106 979 2257 4066 104 3645 4079 2253 3330 1545 4715 4897 4046 2606 764 4312 4539 2013 2645 147 1059 4751 1931 1182 4716 4015
2507 4020 3631 154 368 2882 1072 3254 125 3769 3519 1858 3513 1038 4485 2281 2794 2224 250 4108 1213 1695 2661 409 4845 1845 3679 1730 4184 2166 4849 2062 1839 1074 1064 4509 3691 4329 4749 850 4877 3729 2815 3898 4189 1452 1276 1351 646 813 1358 4432 1949 4799 546 3431 2446 2547 2743 2591 2637 2496 1592 3322 1296 250 993 250 2000 2713 1567 4531 4548 1585 2822 4687 2420 1881 315 239 4257 1537 982 1207 1529 4694 1356 1503 4426 3337 2601 428 302 4006 209 4752 1428 1096 3734 4994 4361 3674 3634 3374 2693 1507 2946 2076 942 3983 3967 4688 2296 3071 4561 3927 345 1067 3301 3196
468 2507 3483 348 4999 3820 3637 624 3709 340 4991 4690 4040 1089 754 2526 1444 4980 765 2231 3151 1716 1860 3796 3325 1369 4839 4206 521 1299 4826 1839 4373 2363 2121 4615 4736 72 51 4775 3875 2214 2322 2023 4627 4481 420 2561 4617 3277 1436 95 1294 2901 4644 2631 1970 4286 1272 2650 1980 2127 2018 4566 356 344 2592 2199 2112 2501 3657 3718 650 3466 3569 4316 4637 3874 4769 4508 1762 3216 3477 19 4538 3492 996 3571 1344 3676 3916 1509 705 860 101 4750 3278 182 454 3800 700 444 4516 377 3624 4990 2283 2764 2848 1522 772 3051 1981 2216 994 4224 1958 2713 3921 3080
4190 1356 819 4779 2492 2631 1818 4927 3436 696 1856 2777 2114 82 148 2742 1422 2818 4258 2892 2259 1878 1582 671 3328 1646 4385 628 395 1252 2088 1074 2363 4685 829 2320 1840 4465 4825 3263 1180 2648 4863 13 957 2115 4708 994 4515 4975 2309 2429 2013 3340 243 720 612 3305 498 3118 828 2267 4306 3098 3772 3220 887 3591 2400 1762 4466 3090 1751 3366 3579 4558 574 2184 2266 1309 3214 4295 2990 3930 3632 3719 3448 101 1340 773 2345 296 2047 3076 376 1647 2594 1800 1398 1783 3769 1895 4871 392 3629 3119 2357 4282 4776 3949 2461 2245 4570 771 1536 2640 1946 3793 2431 2067
3714 4522 1778 2394 2648 3023 3892 37 3164 4868 4977 1730 2616 3230 346 3455 2784 4857 4914 1844 4869 1825 3007 4749 4962 843 3168 2295 734 644 863 1064 2121 829 607 2994 3558 2439 3464 289 3334 4409 3495 3779 2921 4892 1203 3024 3765 3949 4438 3197 3850 1366 155 1284 505 4570 4250 4628 4093 856 347 4131 4012 1119 3781 1544 236 2727 3117 2597 3236 2075 1616 2018 428 4277 3433 2658 3875 803 348 1097 998 1571 68 4379 4006 110 1053 2559 3223 3210 2846 4645 97 4644 4134 590 4709 4040 1475 4694 3189 3198 683 1467 413 1172 4702 59 3949 3147 310 3073 4693 2133 4547 3274
2340 3681 3072 2813 4718 3750 2790 1029 1805 2388 1909 2941 584 518 551 2583 3065 3456 4130 2219 1545 4455 1067 4778 3165 4146 3131 4476 2369 952 3471 4509 4615 2320 2994 2551 2872 2735 2414 1954 145 4806 332 1824 812 3232 4422 4419 2285 2856 1096 3582 1004 95 1422 2330 179 2648 3295 3207 104 405 1380 3254 4747 3604 3491 2804 4471 1227 100 2831 4566 814 2175 4934 984 2504 1165 4251 802 508 2620 1058 766 4082 3924 3234 2857 1045 186 1003 4953 2345 1855 2273 4108 4611 1280 208 1553 2368 2453 1960 3894 1216 628 1591 1827 2611 3390 100 4480 2543 1433 1117 1531 2039 2908 1547
296 1205 1858 3723 2414 3236 723 3414 4590 55 2204 4751 3464 2971 4452 3717 2243 3373 1052 2994 4202 2107 2156 4983 4073 4267 3937 1217 2563 159 3783 3691 4736 1840 3558 2872 4039 1061 4467 1315 4474 4273 2096 2357 4424 3565 1959 1548 4378 3768 159 3341 944 3804 4053 2559 3550 1604 3506 2585 4083 3060 4866 2215 4560 2576 3333 4698 4608 809 3189 3917 4895 1603 3151 2011 4265 3720 3830 4750 3021 38 3555 2699 1693 891 4420 2180 4103 3319 4686 1562 2786 1160 879 3103 1552 110 2805 2597 210 307 253 1815 4441 2490 3694 1844 4547 3264 3368 68 1122 2307 3456 3597 2155 155 1346 4426
4537 4369 99 2634 604 1028 708 2892 537 1104 473 4730 1634 1380 2282 1097 2855 2368 148 3606 4564 3610 3051 4160 2666 4099 4530 1651 2649 3474 3842 4329 72 4465 2439 2735 1061 4794 1423 2292 3620 4878 82 467 2173 1959 4425 3515 3794 3903 4497 1409 3211 2129 3772 885 211 129 122 743 1358 1246 2518 3961 4210 1540 3210 326 4874 2753 4332 4980 1757 2867 1297 3217 2420 3545 167 3348 3472 927 2611 4895 1938 1069 1805 325 2975 2023 3822 2910 4762 295 100 2129 2507 1419 847 819 3711 1327 1720 1476 1504 1582 458 3433 4307 2334 1094 1633 4540 3371 4120 3148 3231 1130 1697 3191
4209 4704 3823 3507 4084 3462 4340 2402 2835 2751 2979 2464 1628 1689 2885 4669 2064 2598 1076 2067 2420 1961 1547 3090 1310 4510 2450 2905 3188 1162 701 4749 51 4825 3464 2414 4467 1423 3147 4782 4317 2598 1095 2193 2101 829 4803 1235 440 843 855 2637 4664 609 2912 3866 4985 2453 2993 850 966 4099 932 3970 4774 4028 4550 1818 4558 3954 3762 1815 1324 117 3629 3752 2172 3094 3699 701 3159 1905 2937 4727 384 3003 852 374 2195 3704 1438 2811 3727 1701 1149 2662 2416 1974 1479 291 3781 773 2190 4180 2566 4677 4431 109 1201 1408 3523 195 1087 1523 1187 4195 3510 3402 1101 3433
2492 2781 2349 3692 1411 140 4666 4357 3097 4083 926 4217 2308 1317 4725 63 3381 4144 4865 4449 2086 4031 1841 2690 64 1977 4728 1254 2912 3307 2157 850 4775 3263 289 1954 1315 2292 4782 4001 951 2866 3895 4898 4454 2398 4295 2922 4588 880 426 1833 3245 4728 69 1779 751 4231 1663 4357 1920 3526 1706 2708 4937 1502 2142 2302 2995 553 345 4779 4962 2820 3626 1143 4291 3962 2683 2793 3736 3196 3164 763 3319 798 3873 1471 4891 4809 3252 3058 4042 2121 2370 4960 2674 648 2798 4093 3185 4982 4049 1039 102 3736 808 4535 1721 3272 2759 3760 1446 1888 2135 2778 3437 2856 4628 585
3403 1826 2447 3265 3878 965 3756 248 793 2700 1335 80 494 4105 3554 671 4419 1475 2568 4966 1195 4774 4603 1265 3796 4642 905 4890 711 838 1826 4877 3875 1180 3334 145 4474 3620 4317 951 337 188 4212 4058 337 2065 3637 23 1385 268 374 3422 64 4290 2121 3860 3107 1719 3974 1674 1089 4608 4894 1144 2076 4296 4784 2288 171 2439 3901 3295 582 3579 1216 1443 1562 1352 4008 4602 2820 582 174 2628 2105 3066 3176 3840 860 4610 3608 2657 3719 2887 3042 2702 2389 3566 1275 376 4238 3137 805 4116 2348 1579 621 273 57 864 3917 2846 4865 1175 76 108 2987 4647 432 3311
849 4130 32 3596 4363 1317 763 214 711 1815 4716 742 1684 2270 437 4645 1102 3632 1781 4552 2132 1436 3813 3600 2122 3434 2903 4083 1039 950 508 3729 2214 2648 4409 4806 4273 4878 2598 2866 188 847 2732 2566 1493 144 1587 3968 2117 3466 1048 565 3769 292 3269 1876 2667 2543 4562 3381 2341 3645 4645 2216 245 2279 3386 1128 2083 1739 3010 1099 1518 1846 3102 2155 1742 1209 2215 1872 396 2084 290 1331 1088 42 1570 3669 584 1378 2114 1766 3941 2435 2586 13 934 3229 2573 3839 4239 108 3309 4630 2103 1386 4442 3591 857 808 2175 3978 2575 3072 2557 1178 4910 1911 4603 2384
2644 4072 2287 4433 4577 3550 4317 3428 534 1509 2866 3750 2579 2785 4079 2725 4166 2882 1553 1870 352 2981 2105 607 2147 1296 1203 4912 824 4279 3381 2815 2322 4863 3495 332 2096 82 1095 3895 4212 2732 4085 2080 1154 657 4973 3147 3470 10 3672 92 2848 2990 4336 835 3310 3834 1616 306 1379 2203 966 2768 338 2814 1314 2351 4518 3262 1889 2450 605 1192 1640 3169 4046 4663 2309 3562 623 4195 27 3227 3259 4616 2741 2069 3998 4606 4274 4536 1427 4399 671 4672 2974 2409 2733 4276 1616 4667 972 2024 1237 2933 2955 185 1043 17 4503 4281 518 1367 4871 4090 3672 4573 1017 3121
1404 862 3198 4524 2752 1821 2228 251 178 280 1156 4533 4687 553 3138 2166 2994 4073 1493 4733 1937 4822 3206 2268 1603 1154 1691 4774 4095 896 1511 3898 2023 13 3779 1824 2357 467 2193 4898 4058 2566 2080 167 3864 2542 2771 1895 2523 3933 251 1323 4061 769 3507 3264 1362 2523 1613 3080 4603 411 4361 897 1835 1423 116 4423 1926 4937 761 2675 739 2744 449 2568 3690 4371 478 4935 4545 1962 4249 2165 3688 2028 1076 1796 75 4873 2402 4769 723 3305 4914 2071 3065 1772 4791 3632 3793 73 787 4867 3676 4484 1453 4003 2437 4080 3175 1459 465 3517 2810 2153 2027 2279 498 2330
1038 4559 77 555 4036 3645 2608 4998 519 263 3700 3875 887 1261 2554 1910 689 3179 4054 395 2587 460 897 4812 1301 3507 729 4742 247 4675 3258 4189 4627 957 2921 812 4424 2173 2101 4454 337 1493 1154 3864 4157 117 2418 4730 3498 2839 2921 155 2481 3359 4303 4936 4565 247 375 1018 3886 79 3396 4390 2193 264 1514 2444 379 3489 1250 2676 2875 3874 1611 2734 1484 4666 2469 99 3360 2046 4064 4979 305 3776 1272 2336 2080 2163 1927 3294 1944 2395 3577 2911 1694 3316 4768 1946 1543 4850 172 4945 1261 810 550 1474 3956 4621 4255 1181 4658 188 325 3440 1377 3430 719 210
2519 2977 4976 308 3642 3476 153 1153 4167 1317 1580 1190 3195 1824 3886 4940 1748 4510 1419 3004 3891 3682 1068 549 3414 3330 386 1393 3612 1057 3311 1452 4481 2115 4892 3232 3565 1959 829 2398 2065 144 657 2542 117 3014 2656 3002 4351 1633 2883 963 2357 2327 4521 671 3303 2862 4538 62 3083 4723 4354 87 2521 489 1059 2217 4018 2456 4811 4626 2409 1738 1563 2086 178 3475 3245 3786 3274 64 1140 91 1813 1391 356 3311 3405 440 1714 3919 4737 972 945 2511 3199 2636 1071 3806 66 1126 110 2756 3994 1262 2613 4473 1207 2816 2201 2281 1531 4028 4407 1598 4475 4176 678 1899
871 822 1662 1765 4607 669 4696 1549 3049 4165 2523 3562 4826 3000 4647 3255 4224 999 4416 675 4677 1450 1212 3837 941 4240 1288 642 3073 495 306 1276 420 4708 1203 4422 1959 4425 4803 4295 3637 1587 4973 2771 2418 2656 2309 1793 1693 1186 3218 3219 548 43 1344 1853 984 1385 589 914 3014 36 2750 1649 4488 3521 642 4642 4392 3399 3814 1600 3019 4004 2086 910 3795 162 1818 644 2499 1102 3524 420 2467 4186 587 2186 2623 4638 3125 3745 3165 2437 4776 2342 3653 566 1664 424 2692 898 4335 425 918 1755 899 4443 1339 3283 2890 3541 4507 4611 786 1729 1474 4745 2271 408
4518 3323 1050 4347 2494 4176 3643 1731 2071 2440 1544 1100 4787 2383 4841 2006 3460 2756 273 1137 3747 3940 4215 4706 4015 4834 1894 4200 4150 4376 4127 1351 2561 994 3024 4419 1548 3515 1235 2922 23 3968 3147 1895 4730 3002 1793 214 4646 3661 1459 3976 2825 878 453 1930 4559 4073 4205 890 4581 2837 3586 1331 3065 1037 1692 4707 1215 2555 4153 1952 2532 1491 2403 3883 3855 3028 4640 2602 638 3859 1241 350 1026 4455 890 1478 1627 4337 572 688 3218 3254 1473 1208 3505 4288 4065 1393 3683 3068 2087 2668 2373 2403 4019 2256 3559 3993 2811 2225 2218 1477 2229 4390 4517 4820 2218 118
4211 587 4912 3735 3216 4718 3381 2736 3873 3764 4465 2380 4832 3128 582 1659 4365 3333 3003 734 1057 966 4467 1671 4945 312 2971 1117 2938 886 1067 646 4617 4515 3765 2285 4378 3794 440 4588 1385 2117 3470 2523 3498 4351 1693 4646 4011 2497 1929 2585 2799 3251 3176 930 4791 4737 1001 4744 707 3707 3020 3723 1830 3988 1711 4430 72 3322 482 1481 2894 992 4626 2851 284 1927 3766 1206 3746 3190 2697 2676 1635 573 1399 43 4810 1406 3199 1118 391 4784 110 2054 478 2387 3096 2477 2315 1619 103 1906 815 784 1944 4240 2127 4366 2243 1188 1926 2040 2620 1727 27 2977 4391 4810
4213 2957 3328 180 573 597 1650 2917 106 228 3676 4620 4477 4269 4685 1524 1359 1634 1464 3753 4364 2400 1514 754 1263 2632 938 1434 3926 3197 2255 813 3277 4975 3949 2856 3768 3903 843 880 268 3466 10 3933 2839 1633 1186 3661 2497 1055 1566 2679 4949 4801 4751 1336 2208 856 1351 3679 1276 2891 968 1153 333 1409 2556 3072 4206 3199 1056 2678 600 1192 1647 1251 1052 2370 2618 951 4814 866 379 1650 4351 4753 1487 3488 4596 2967 296 4132 4475 3902 1896 1640 3011 2854 309 38 123 2589 3625 1493 1647 664 4705 4754 2534 4434 2706 343 1877 1229 3523 2648 4946 4285 2768 3941
1699 756 1491 888 2119 3552 4780 1314 1998 3751 2275 3708 4213 858 1062 611 3839 2290 3935 4453 3599 4658 4513 1564 1142 3298 3521 4867 3167 3890 1785 1358 1436 2309 4438 1096 159 4497 855 426 374 1048 3672 251 2921 2883 3218 1459 1929 1566 4972 1052 2552 525 4020 2237 1579 2481 2261 4695 1318 1542 4742 2893 995 4867 559 991 3210 167 2004 2894 2828 4414 1420 2813 3728 1831 4297 3288 1533 1901 3066 3748 3328 440 492 1550 4079 2072 251 1578 3863 834 2731 3491 2235 1169 4113 2412 2411 3755 2051 2372 3646 4431 2881 2633 1576 3856 418 4442 2656 2520 4754 1414 4014 4724 4429 2584
2750 1266 4508 2840 3331 1713 1923 556 1059 405 555 465 681 1271 4645 3933 1987 1777 3704 4917 45 1893 3556 2856 3919 3364 347 4758 1313 1293 496 4432 95 2429 3197 3582 3341 1409 2637 1833 3422 565 92 1323 155 963 3219 3976 2585 2679 1052 949 1570 4943 790 4993 3572 4614 4630 1566 1603 4518 2909 4586 4020 3689 1284 1505 1305 836 1366 2355 3261 162 2473 3083 583 3036 2556 3591 2468 1309 820 986 293 3564 638 3332 923 562 2590 1982 3022 2167 690 537 3092 3983 558 1784 4177 4789 3861 2011 3503 560 3651 2239 4580 1006 3840 2922 3365 467 3434 1766 3728 140 574 494
3097 1909 3380 1318 628 1894 3744 671 226 968 1950 3109 1698 4396 1596 4358 3193 3909 2569 461 171 3122 1200 35 2959 1883 4848 2783 3678 4500 2762 1949 1294 2013 3850 1004 944 3211 4664 3245 64 3769 2848 4061 2481 2357 548 2825 2799 4949 2552 1570 4303 1771 304 4272 2142 1434 2709 286 4731 3472 3714 826 3868 1959 3179 3934 4332 3954 1355 658 4377 1306 4715 2950 2607 4183 4529 2697 4329 2714 1734 900 2070 2372 1107 3844 700 3701 4378 2050 2824 4936 1488 1445 671 3149 508 2008 2301 4720 3950 1273 3305 1658 3506 4438 1616 4678 541 2087 4361 3407 2669 441 2539 1536 4154 4056
3793 2088 1888 4577 422 4117 1213 3902 2925 1144 4206 4568 308 640 213 3721 1056 4954 3877 677 2052 2696 929 953 4931 531 3390 242 4796 2208 1145 4799 2901 3340 1366 95 3804 2129 609 4728 4290 292 2990 769 3359 2327 43 878 3251 4801 525 4943 1771 355 2378 2948 2737 50 2679 2320 2064 3512 1310 2024 2326 579 2829 1894 568 3718 1373 393 4080 572 4901 3920 360 1160 2555 1636 588 2729 3411 1456 2932 3693 3812 2878 4573 1848 2315 1832 3424 4928 612 120 1593 2724 4850 312 685 556 193 564 1657 3277 4124 734 4849 3602 3169 3932 2394 4265 2942 1411 465 322 3534 4831
4409 697 1896 4271 3720 2192 3538 1469 167 428 860 2852 4968 3070 3913 3288 4199 15 4569 3386 652 2997 3764 261 3559 3810 4888 4031 3599 1473 2794 546 4644 243 155 1422 4053 3772 2912 69 2121 3269 4336 3507 4303 4521 1344 453 3176 4751 4020 790 304 2378 4150 2415 2123 2493 3451 4352 590 2521 2547 749 4742 651 2312 2337 2545 2550 1719 580 1041 4934 482 2762 657 124 4526 2868 156 1125 2708 2514 4309 4426 3311 3307 762 4182 1907 2746 1942 4768 2849 4308 1360 1462 1207 4373 1270 50 3801 1678 1166 2905 1837 4069 199 796 326 3562 467 2655 4978 2781 555 1296 1020 3815
3797 2254 3575 1005 1191 37 400 4698 2468 106 298 982 4939 1881 198 2440 164 3206 3084 1729 4977 1585 2667 3583 4494 3634 1904 2590 1394 753 262 3431 2631 720 1284 2330 2559 885 3866 1779 3860 1876 835 3264 4936 671 1853 1930 930 1336 2237 4993 4272 2948 2415 2248 1328 4396 1457 1581 4510 498 2875 3520 3602 2937 3318 1132 2297 3975 4765 122 82 2705 1518 2326 605 2384 1469 617 4206 3790 3044 1885 2223 4849 968 1892 1614 1205 4095 4024 3538 3897 2206 2273 59 4991 2465 543 3444 3216 1417 2615 389 4016 2748 3200 131 2598 1374 4792 314 3864 3708 178 4143 1751 354 4406
4882 411 3347 1088 3803 996 2768 3130 1699 1040 4362 2658 1427 2433 1796 465 4158 1274 2476 4531 2338 3044 4249 1280 4720 1326 4779 2082 3055 785 4008 2446 1970 612 505 179 3550 211 4985 751 3107 2667 3310 1362 4565 3303 984 4559 4791 2208 1579 3572 2142 2737 2123 1328 592 2104 519 1958 2342 3116 1910 155 3148 463 852 1659 2473 1494 3544 3456 4230 862 4782 668 4926 1332 4560 4164 1268 2950 4202 3478 2932 407 1643 2678 4950 1165 3891 1726 2314 172 2234 3097 3544 1122 998 790 1162 2002 554 3335 4950 4787 2549 3006 3672 3736 1936 1987 2460 2071 4489 4495 3329 395 3247 775
473 1886 4642 2765 1629 2870 4699 84 1603 4602 2360 2566 4051 3257 4378 670 3844 2877 2651 2039 2357 180 2642 3740 4844 4864 4069 3042 4240 374 4515 2547 4286 3305 4570 2648 1604 129 2453 4231 1719 2543 3834 2523 247 2862 1385 4073 4737 856 2481 4614 1434 50 2493 4396 2104 375 2812 121 763 4014 3958 554 2489 3482 3460 2483 4906 2774 4643 2220 754 1896 4504 265 4686 4245 3347 4457 1148 4695 4548 2089 759 4066 131 256 4768 4543 869 4151 4694 1165 4469 2690 3367 2228 1116 2872 3925 3614 4023 208 1045 2302 2543 965 2679 386 1918 1852 2686 290 882 2617 282 3412 3211 417
2898 2491 3165 1638 4039 2210 2294 2504 4154 3751 2645 4352 225 1155 2701 3121 2524 1236 255 2522 3361 721 4648 3334 4559 2745 4687 2509 130 3838 2231 2743 1272 498 4250 3295 3506 122 2993 1663 3974 4562 1616 1613 375 4538 589 4205 1001 1351 2261 4630 2709 2679 3451 1457 519 2812 1258 2112 337 824 1664 1605 1395 2108 3436 4322 363 3784 2207 2205 525 339 4344 2948 54 403 2734 4095 532 1703 843 2694 3020 327 1383 4824 34 1011 2055 1404 1355 3106 4430 1794 1530 2024 2326 4808 4414 1409 1599 754 4066 96 4973 1508 884 4487 4022 1406 2500 1960 1347 2988 3182 1844 2642 2240
4684 3747 4546 2964 4713 1163 4337 3229 1060 2856 502 2341 268 2497 1810 1591 526 3319 2709 2202 3594 4949 3047 3378 1162 1564 2019 954 480 2648 2869 2591 2650 3118 4628 3207 2585 743 850 4357 1674 3381 306 3080 1018 62 914 890 4744 3679 4695 1566 286 2320 4352 1581 1958 121 2112 2696 551 1715 1789 2838 3596 2264 739 4848 1199 750 3430 1459 4066 53 2313 3498 4955 2913 1572 2779 445 856 703 1805 4638 1703 2792 411 3165 1263 3488 3428 3070 3998 1140 4947 1911 3951 2097 2188 686 2830 52 3892 4505 3629 2269 962 2152 4226 4825 2795 3458 1219 2591 600 3731 741 4213 2474
335 2012 1039 3903 3493 1623 3809 2256 4110 1833 3493 796 916 219 2833 2624 2875 2901 4360 3587 3455 2692 1202 4524 4496 2233 4696 1348 4517 11 1614 2637 1980 828 4093 104 4083 1358 966 1920 1089 2341 1379 4603 3886 3083 3014 4581 707 1276 1318 1603 4731 2064 590 4510 2342 763 337 551 3318 2959 660 1742 1684 4511 978 311 2036 1733 59 439 2650 1413 3884 2783 659 2974 3996 3070 4209 1453 3459 2013 2155 3023 3838 4602 1233 3871 4949 697 4390 1260 2217 1043 612 3530 3445 3434 4125 2465 4446 4005 2248 4171 4301 2010 4210 4742 741 437 1800 1096 2129 2153 862 912 3582 3768
715 3601 2674 877 2856 3811 3318 513 2837 1421 1253 1127 3835 2579 1094 4399 4708 2194 1802 4843 460 4946 2711 3517 4502 1566 4935 1571 4692 1234 2258 2496 2127 2267 856 405 3060 1246 4099 3526 4608 3645 2203 411 79 4723 36 2837 3707 2891 1542 4518 3472 3512 2521 498 3116 4014 824 1715 2959 25 62 1870 2890 3269 1736 3197 3314 3070 2839 1444 1736 2789 2463 2545 4001 4660 4523 3344 4264 4542 4153 247 4957 3072 2360 1710 1353 508 3357 3730 4515 4264 3072 1829 2485 1508 1238 1350 767 1083 2955 2141 4646 2547 3028 1014 1580 1826 1341 3766 3782 1319 3010 3535 1266 4274 3037 4327
4987 1830 869 2676 3426 3949 2297 2454 3457 4062 3332 2163 2884 3232 3377 3045 2589 1077 1458 3287 1167 3441 2731 2167 893 697 1054 4954 4730 2148 716 1592 2018 4306 347 1380 4866 2518 932 1706 4894 4645 966 4361 3396 4354 2750 3586 3020 968 4742 2909 3714 1310 2547 2875 1910 3958 1664 1789 660 62 1085 3542 4765 3728 3235 768 1633 2447 1646 2715 4345 534 3988 4600 477 4735 4128 2031 3132 514 2549 2962 1115 727 3977 3308 948 3151 3185 2814 533 4193 2631 772 704 3101 1550 1990 4320 3129 3101 1074 3367 4111 1364 4858 2129 3811 2625 4000 2572 86 3442 663 2954 3739 4939 2414
1688 2029 4829 38 391 3942 179 1471 4152 2222 1084 1590 1711 4877 505 2563 583 3723 2355 3136 4067 1117 109 3347 3622 642 2343 22 2984 1334 3141 3322 4566 3098 4131 3254 2215 3961 3970 2708 1144 2216 2768 897 4390 87 1649 1331 3723 1153 2893 4586 826 2024 749 3520 155 554 1605 2838 1742 1870 3542 1411 587 3347 2344 687 2588 1210 2796 3027 3207 4026 2826 3260 1726 4412 47 2494 1074 3367 2822 3115 4297 3937 1280 3257 3046 2724 2875 2794 201 1866 535 2821 2817 1476 3843 2864 4110 3997 2041 165 4034 1937 231 2884 3167 4013 926 3024 3213 3402 3272 1053 2429 3878 2416 709
438 4543 2024 3222 113 3996 1673 2147 506 2245 1715 3329 3661 4867 3912 3922 3822 3466 912 2222 1209 1144 1362 3801 4427 1055 4021 3826 3655 2095 285 1296 356 3772 4012 4747 4560 4210 4774 4937 2076 245 338 1835 2193 2521 4488 3065 1830 333 995 4020 3868 2326 4742 3602 3148 2489 1395 3596 1684 2890 4765 587 3447 2451 1304 1637 4610 4265 2804 2276 4865 1554 670 2305 282 723 4389 3636 1449 4186 4410 1021 190 1803 2782 3774 4475 3219 957 2300 2132 878 4649 4774 2371 1058 4842 2324 1041 3684 3212 2606 2024 2241 506 4710 3843 4182 1920 904 860 403 1313 1169 2069 1507 3352 3012
1208 3910 3202 2789 3431 892 594 4183 3454 4158 3691 3391 4953 3452 4312 3167 566 1535 4894 795 119 751 1039 3138 4349 3241 2998 3282 568 4353 2536 250 344 3220 1119 3604 2576 1540 4028 1502 4296 2279 2814 1423 264 489 3521 1037 3988 1409 4867 3689 1959 579 651 2937 463 3482 2108 2264 4511 3269 3728 3347 2451 607 2820 2605 93 1541 4967 1342 1084 1836 1340 3232 3068 4885 1501 2607 4719 1832 1326 2219 2362 3496 284 4348 4926 2503 937 2799 4179 2114 1672 2435 1996 4980 1923 2433 1183 3336 1524 604 4232 3478 110 3795 3327 2435 1736 1482 1776 4520 4365 331 4618 1260 1550 4306
3083 2237 2501 1289 3665 735 3229 2459 2760 3647 2521 1235 1686 1551 4664 4771 1912 933 3164 4471 885 3122 2235 1651 4986 3533 4245 3419 1020 4407 1767 993 2592 887 3781 3491 3333 3210 4550 2142 4784 3386 1314 116 1514 1059 642 1692 1711 2556 559 1284 3179 2829 2312 3318 852 3460 3436 739 978 1736 3235 2344 1304 2820 4364 1566 3625 3148 1033 3672 2101 4860 2811 1203 4261 2719 1414 2443 3732 2288 4376 1863 4158 3278 1755 4154 143 59 4564 2138 2571 4692 4350 4097 3364 4836 2153 2479 896 124 849 1945 4236 1309 1652 628 4162 4130 3904 1230 2629 33 2677 2044 1853 4089 2249 4198
296 3832 243 1207 4840 2756 373 1617 3141 3802 18 4626 4489 3445 57 3894 4210 2111 4831 4313 872 2746 271 599 4346 3378 4034 2013 3733 2179 1841 250 2199 3591 1544 2804 4698 326 1818 2302 2288 1128 2351 4423 2444 2217 4642 4707 4430 3072 991 1505 3934 1894 2337 1132 1659 2483 4322 4848 311 3197 768 687 1637 2605 1566 2915 1149 1791 2518 2852 4947 3516 2723 1239 118 3547 1663 251 2053 3420 365 3560 1029 3756 701 923 2286 851 2615 4045 4470 1488 3761 23 925 300 4830 1821 1733 326 3765 741 1595 2545 3335 1323 1820 2045 3661 4168 1040 4936 1828 3222 3073 4013 632 4034
4394 4858 809 3120 4632 2225 612 3860 1585 1072 4016 1356 535 1721 3429 1461 3525 3097 1186 3064 3846 1311 4273 2709 4287 3177 3079 1590 3609 1204 1442 2000 2112 2400 236 4471 4608 4874 4558 2995 171 2083 4518 1926 379 4018 4392 1215 72 4206 3210 1305 4332 568 2545 2297 2473 4906 363 1199 2036 3314 1633 2588 4610 93 3625 1149 4174 2305 1702 927 1039 2051 1317 1322 2861 637 3496 394 2421 2475 788 950 1218 4110 637 4592 1031 2688 4600 656 2663 3010 4137 3692 494 2368 3767 1750 3370 2102 2403 2162 2022 2813 1675 2470 919 1379 2111 1075 150 4676 3384 1189 2759 4573 595 3555
903 3863 3732 308 2591 3489 1608 1456 4742 279 3336 4685 3783 3501 3707 2927 3229 3173 3341 1611 2513 4776 1770 2998 901 3133 4006 1542 4429 2136 2850 2713 2501 1762 2727 1227 809 2753 3954 553 2439 1739 3262 4937 3489 2456 3399 2555 3322 3199 167 836 3954 3718 2550 3975 1494 2774 3784 750 1733 3070 2447 1210 4265 1541 3148 1791 2305 531 4306 3063 1311 1063 370 3955 4084 3968 4385 1974 1017 476 796 1147 2324 1893 1196 3693 3497 1777 543 2164 4181 3993 4743 2922 3469 217 4078 3263 3701 3174 764 368 3973 1428 2499 2854 2812 3070 486 2347 1389 3598 2795 4565 4186 3319 3024 2066
3710 1525 859 473 2290 4337 489 1358 4484 2439 3416 3327 1191 4599 739 1053 1491 3323 3586 1115 1662 4275 3181 4032 3361 1958 4016 3710 2713 971 3097 1567 3657 4466 3117 100 3189 4332 3762 345 3901 3010 1889 761 1250 4811 3814 4153 482 1056 2004 1366 1355 1373 1719 4765 3544 4643 2207 3430 59 2839 1646 2796 2804 4967 1033 2518 1702 4306 3402 3470 1773 3178 1147 2279 1508 820 454 4463 1487 2672 1073 4329 3300 739 2107 2589 4403 4348 4614 1578 4367 158 166 2552 1107 3469 2831 2141 497 3789 616 1445 4815 1779 470 2184 838 4416 4639 1670 2303 2867 4909 995 2642 702 2963 650
3762 714 3530 1433 3312 140 2799 927 4212 3449 455 519 3308 4883 377 774 2803 4447 152 4721 4659 2593 2400 2734 1597 1120 4197 4524 56 4958 4732 4531 3718 3090 2597 2831 3917 4980 1815 4779 3295 1099 2450 2675 2676 4626 1600 1952 1481 2678 2894 2355 658 393 580 122 3456 2220 2205 1459 439 1444 2715 3027 2276 1342 3672 2852 927 3063 3470 3106 4515 3405 3414 857 4070 2234 2665 2609 3462 4280 1165 262 4752 4654 4481 127 4445 477 1232 3609 3844 3350 2108 2855 1438 2253 1221 1408 1101 2635 1013 159 2598 1088 414 4027 4946 1048 4029 3812 2925 3554 4787 2069 2329 2730 2510 4108
1506 4731 496 3250 4454 2716 1903 4482 1384 785 326 4554 4496 2170 2786 732 1046 987 1042 613 1868 4342 1123 4624 1700 926 3297 1151 1698 2526 4774 4548 650 1751 3236 4566 4895 1757 1324 4962 582 1518 605 739 2875 2409 3019 2532 2894 600 2828 3261 4377 4080 1041 82 4230 754 525 4066 2650 1736 4345 3207 4865 1084 2101 4947 1039 1311 1773 4515 4889 2196 4413 2985 4490 225 3224 3625 3472 2120 2910 3129 4439 3463 4355 4014 3463 4231 1962 2637 3451 224 3618 3333 3281 2469 1461 4149 4148 1821 3331 3451 3693 769 2901 3900 2175 1502 135 3651 1992 2152 561 3291 4660 1371 2630 2406
3455 4311 3086 4190 4336 511 3013 1093 1786 3189 3014 2098 1575 4444 2086 1259 1922 1749 1891 1671 3409 2303 2890 4533 1702 248 1886 4064 1304 852 4750 1585 3466 3366 2075 814 1603 2867 117 2820 3579 1846 1192 2744 3874 1738 4004 1491 992 1192 4414 162 1306 572 4934 2705 862 1896 339 53 1413 2789 534 4026 1554 1836 4860 3516 2051 1063 3178 3405 2196 4695 1087 1263 4000 3694 1136 4377 2712 4646 4983 1333 1751 444 3107 2216 2481 582 4906 1464 491 245 2697 4150 3763 240 3785 2721 86 2598 415 2388 1779 4607 2461 246 946 1859 1234 3120 3776 1512 4497 2730 4297 3837 2181 4100
4631 1275 1473 2353 607 419 4176 3588 1997 4347 2796 3578 3206 4067 366 1949 536 52 2361 4266 3120 974 2615 4105 1224 3215 1257 217 4802 1244 690 2822 3569 3579 1616 2175 3151 1297 3629 3626 1216 3102 1640 449 1611 1563 2086 2403 4626 1647 1420 2473 4715 4901 482 1518 4782 4504 4344 2313 3884 2463 3988 2826 670 1340 2811 2723 1317 370 1147 3414 4413 1087 2910 1645 3252 549 4757 1521 3336 4040 3159 4652 980 3014 2950 556 4566 4244 98 3926 4478 2163 3023 4197 3576 1179 1400 4472 2756 1910 1283 3310 1117 4273 2563 1451 3883 1183 529 4493 613 296 4144 2504 4803 3392 3976 1998
4308 4155 210 4784 4931 3974 2923 4536 766 688 1657 127 727 2667 1627 1279 594 3178 1733 586 980 1483 2530 4300 2541 122 2663 3239 3710 2125 427 4687 4316 4558 2018 4934 2011 3217 3752 1143 1443 2155 3169 2568 2734 2086 910 3883 2851 1251 2813 3083 2950 3920 2762 2326 668 265 2948 3498 2783 2545 4600 3260 2305 3232 1203 1239 1322 3955 2279 857 2985 1263 1645 661 592 553 3650 1874 2700 514 3780 3318 203 2754 1799 4192 4598 3898 2501 431 1370 3078 656 122 1476 116 3505 2680 1510 2273 1824 4270 3791 1505 2282 160 1303 3475 1956 76 2897 4478 662 3031 1172 4656 3925 3274
2451 3280 1229 1775 3577 2407 1430 1483 4479 3441 4428 2341 4611 497 1996 2118 1572 2901 3382 1941 2498 2592 4420 4486 2678 3107 2847 1178 561 555 1911 2420 4637 574 428 984 4265 2420 2172 4291 1562 1742 4046 3690 1484 178 3795 3855 284 1052 3728 583 2607 360 657 605 4926 4686 54 4955 659 4001 477 1726 282 3068 4261 118 2861 4084 1508 4070 4490 4000 3252 592 1374 2406 3199 4577 3179 4883 1268 570 4933 2399 78 881 3629 3837 595 2033 529 357 3912 1166 4112 3171 2939 883 355 4056 1958 1511 405 4453 4732 1904 1892 2855 2870 4140 3302 1709 2573 1107 4060 2796 1263 4457
4879 4249 1445 2589 3999 2643 2415 1442 4204 1885 3680 3968 3390 2986 1772 2299 4925 1564 89 2312 2614 638 1515 130 3412 2782 2664 2207 4797 251 492 1881 3874 2184 4277 2504 3720 3545 3094 3962 1352 1209 4663 4371 4666 3475 162 3028 1927 2370 1831 3036 4183 1160 124 2384 1332 4245 403 2913 2974 4660 4735 4412 723 4885 2719 3547 637 3968 820 2234 225 3694 549 553 2406 3607 1079 2422 3468 922 4513 2809 3990 4363 1353 3531 2618 3830 1024 3959 4441 1273 1118 739 4300 933 2747 2987 109 4765 3031 1726 3805 4783 670 1270 3681 3417 1937 516 4141 1595 1763 307 4844 1233 812 3905
286 4846 999 3909 23 3812 3480 1723 2534 3379 1066 4491 4112 12 1373 2928 2759 2042 3899 4536 821 1857 2472 62 4816 427 3020 2585 2084 4427 2868 315 4769 2266 3433 1165 3830 167 3699 2683 4008 2215 2309 478 2469 3245 1818 4640 3766 2618 4297 2556 4529 2555 4526 1469 4560 3347 2734 1572 3996 4523 4128 47 4389 1501 1414 1663 3496 4385 454 2665 3224 1136 4757 3650 3199 1079 4696 1117 4001 4800 1147 1810 1618 4336 4063 4838 2763 3895 3675 2234 1496 2056 1677 798 4316 1745 3506 4604 513 573 4028 3602 571 3555 1797 3030 3267 1193 1801 1561 984 814 2237 1696 1938 1229 727 3745
4839 1317 3684 2940 3505 3550 2028 3090 1824 1110 1033 1075 1429 4767 3706 2242 286 4422 3860 2103 2664 2564 4280 3676 3438 1865 1631 728 433 4921 366 239 4508 1309 2658 4251 4750 3348 701 2793 4602 1872 3562 4935 99 3786 644 2602 1206 951 3288 3591 2697 1636 2868 617 4164 4457 4095 2779 3070 3344 2031 2494 3636 2607 2443 251 394 1974 4463 2609 3625 4377 1521 1874 4577 2422 1117 739 697 2095 3639 3946 643 146 2862 1705 1419 306 4580 2557 2094 4719 3568 2249 2800 2171 2766 2292 4328 1380 3188 4054 839 3931 1266 2832 3936 1674 3612 1392 3610 638 255 4052 1522 1242 974 1680
3146 3295 869 358 333 2779 846 1530 1793 3053 17 3262 610 4774 2863 2556 3121 3356 2702 2985 484 709 2189 2410 2154 3627 1664 2606 1013 110 4585 4257 1762 3214 3875 802 3021 3472 3159 3736 2820 396 623 4545 3360 3274 2499 638 3746 4814 1533 2468 4329 588 156 4206 1268 1148 532 445 4209 4264 3132 1074 1449 4719 3732 2053 2421 1017 1487 3462 3472 2712 3336 2700 3179 3468 4001 697 2711 2218 1339 1247 4657 2112 620 4964 4351 3144 2335 1660 2005 59 1072 4407 2132 1097 2555 2684 3989 1505 2515 2594 1891 2203 4533 2206 533 1820 1220 1509 3750 3108 4091 1815 3998 4718 4669 4776
1364 1825 1133 2908 991 2140 490 3990 3461 1399 4058 3071 3592 4421 3317 3272 4839 1620 1196 2165 4588 3380 1766 4029 136 683 2704 2633 4498 3471 158 1537 3216 4295 803 508 38 927 1905 3196 582 2084 4195 1962 2046 64 1102 3859 3190 866 1901 1309 2714 2729 1125 3790 2950 4695 1703 856 1453 4542 514 3367 4186 1832 2288 3420 2475 476 2672 4280 2120 4646 4040 514 4883 922 4800 2095 2218 1057 1221 4583 1907 442 4118 878 1363 1160 1202 1260 2562 607 1586 4632 2476 999 4114 2031 4614 773 3868 3806 3993 834 3213 3465 4097 3850 2051 3575 3135 2772 4550 3335 135 755 3290 4425
3600 3654 2771 872 4287 3489 3499 61 3954 120 4954 4353 2604 2252 3500 2289 998 2955 4518 1807 3639 1204 3122 4143 3369 2815 3877 1679 442 2020 3852 982 3477 2990 348 2620 3555 2611 2937 3164 174 290 27 4249 4064 1140 3524 1241 2697 379 3066 820 1734 3411 2708 3044 4202 4548 843 703 3459 4153 2549 2822 4410 1326 4376 365 788 796 1073 1165 2910 4983 3159 3780 1268 4513 1147 3639 1339 1221 1290 2601 813 887 180 916 4841 4459 527 4091 1998 2885 4839 1280 554 16 1050 4473 140 1008 61 3633 2599 172 3458 4830 3427 1006 1083 1177 542 3879 1841 2569 3307 1610 1445 2599
980 2660 3006 2805 1750 3551 107 4941 1228 3913 24 432 1004 4804 1829 4508 2104 94 2479 4408 379 709 427 544 3114 4370 1241 1779 2585 3533 940 1207 19 3930 1097 1058 2699 4895 4727 763 2628 1331 3227 2165 4979 91 420 350 2676 1650 3748 986 900 1456 2514 1885 3478 2089 2694 1805 2013 247 2962 3115 1021 2219 1863 3560 950 1147 4329 262 3129 1333 4652 3318 570 2809 1810 3946 1247 4583 2601 4458 2163 3200 2332 3759 2596 920 265 4061 2554 1388 4589 2322 2292 4107 3092 2496 1971 2340 4030 3456 3231 3452 2254 1356 2162 3840 1644 2728 4487 1414 2603 3283 3317 2736 1584 2155
2290 1675 258 3155 1444 291 1189 4947 1379 2099 2907 1504 1820 1730 1376 830 2525 4754 4671 3688 977 4594 530 2947 1971 3949 4576 1207 1002 210 1546 1529 4538 3632 998 766 1693 1938 384 3319 2105 1088 3259 3688 305 1813 2467 1026 1635 4351 3328 293 2070 2932 4309 2223 2932 759 3020 4638 2155 4957 1115 4297 190 2362 4158 1029 1218 2324 3300 4752 4439 1751 980 203 4933 3990 1618 643 4657 1907 813 2163 1449 996 1355 2708 3552 2638 2879 582 4218 3417 4013 552 664 2312 3075 1987 2017 1707 178 4854 3104 691 3804 1195 4167 1520 4109 2934 768 3801 434 189 4075 1115 2189 3240
1308 3239 1703 189 3368 4440 358 4891 4312 2463 4016 763 4843 1500 3702 4104 67 3307 4364 4767 2586 1835 3617 3147 2758 3034 2029 4896 4029 2301 1412 4694 3492 3719 1571 4082 891 1069 3003 798 3066 42 4616 2028 3776 1391 4186 4455 573 4753 440 3564 2372 3693 4426 4849 407 4066 327 1703 3023 3072 727 3937 1803 3496 3278 3756 4110 1893 739 4654 3463 444 3014 2754 2399 4363 4336 146 2112 442 887 3200 996 4473 2862 838 4560 3791 1354 225 1088 2130 4029 714 4165 1238 1921 3708 1587 329 2764 2359 474 1424 4568 1676 3163 3818 2133 1736 4849 781 3498 2695 3907 631 3763 4833
3763 4498 2873 3251 4490 2690 4133 3184 321 2113 4084 3573 1527 3625 176 806 3949 3519 3793 2917 894 124 4720 3848 1987 4406 1603 2996 25 1938 2046 1356 996 3448 68 3924 4420 1805 852 3873 3176 1570 2741 1076 1272 356 587 890 1399 1487 492 638 1107 3812 3311 968 1643 131 1383 2792 3838 2360 3977 1280 2782 284 1755 701 637 1196 2107 4481 4355 3107 2950 1799 78 1353 4063 2862 620 4118 180 2332 1355 2862 676 2359 4455 3924 1773 1184 1081 4340 2130 847 1018 1429 907 2922 1684 2302 4666 26 1185 3252 587 1009 635 1239 1153 2420 4562 192 1107 4961 3233 3777 4198 4071
17 1382 407 283 87 4485 3275 3040 3791 2140 3186 3522 3884 4874 2527 4299 3425 644 845 57 4888 2417 4092 396 4524 3521 3861 3275 4710 3057 1588 1503 3571 101 4379 3234 2180 325 374 1471 3840 3669 2069 1796 2336 3311 2186 1478 43 3488 1550 3332 3844 2878 3307 1892 2678 256 4824 411 4602 1710 3308 3257 3774 4348 4154 923 4592 3693 2589 127 4014 2216 556 4192 881 3531 4838 1705 4964 878 916 3759 2708 838 2359 3047 3541 1489 740 564 2497 2812 1586 3999 1615 2046 4142 2357 1264 3943 73 2739 1025 220 1684 1084 3078 2119 3017 1909 1211 4312 2297 167 4052 753 2066 4107
4831 212 4139 3386 428 2839 2808 4201 3744 1441 315 1350 735 1940 2709 370 2152 811 1849 736 2701 3703 956 2115 4357 1977 4564 3404 575 3152 1981 4426 1344 1340 4006 2857 4103 2975 2195 4891 860 584 3998 75 2080 3405 2623 1627 4810 4596 4079 923 700 4573 762 1614 4950 4768 34 3165 1233 1353 948 3046 4475 4926 143 2286 1031 3497 4403 4445 3463 2481 4566 4598 3629 2618 2763 1419 4351 1363 4841 2596 3552 4560 4455 3541 2202 124 613 2118 2858 1212 1331 4179 3602 1144 3821 1330 1320 737 96 926 2425 1744 4427 524 986 991 3812 3649 4473 920 1049 174 783 2743 780 4110
3178 1411 837 724 3954 2731 3735 1054 868 145 1529 777 1364 2905 2336 4198 498 173 118 1373 2881 1844 387 4569 1760 1533 2132 2259 156 1677 1832 3337 3676 773 110 1045 3319 2023 3704 4809 4610 1378 4606 4873 2163 440 4638 4337 1406 2967 2072 562 3701 1848 4182 1205 1165 4543 1011 1263 3871 508 3151 2724 3219 2503 59 851 2688 1777 4348 477 4231 582 4244 3898 3837 3830 3895 306 3144 1160 4459 920 2638 3791 3924 1489 124 4058 1697 1456 3728 4042 3055 555 2125 4841 1938 525 3911 2041 4647 2117 1272 394 2194 758 4022 1444 1137 188 4147 2823 3615 3083 4226 2965 3261 1183
3647 94 107 4910 1717 4746 4316 2258 4340 3047 1803 4692 1350 74 3613 2396 4579 2749 391 4536 3016 4368 1150 1123 2119 1307 939 3040 208 4278 1240 2601 3916 2345 1053 186 4686 3822 1438 3252 3608 2114 4274 2402 1927 1714 3125 572 3199 296 251 2590 4378 2315 1907 4095 3891 869 2055 3488 4949 3357 3185 2875 957 937 4564 2615 4600 543 4614 1232 1962 4906 98 2501 595 1024 3675 4580 2335 1202 527 265 2879 1354 1773 740 613 1697 2241 2470 52 1470 1619 3263 338 560 4313 1550 4908 4654 1871 2834 750 53 580 192 1367 2541 3206 994 456 4036 2323 2012 3398 4079 2413 2451
3723 1373 2958 4819 1300 4531 1825 3021 4060 426 696 217 3129 2719 1886 4146 2828 4896 3970 3824 2096 4992 3298 4482 4540 1983 830 1254 250 4618 3496 428 1509 296 2559 1003 1562 2910 2811 3058 2657 1766 4536 4769 3294 3919 3745 688 1118 4132 1578 1982 2050 1832 2746 4024 1726 4151 1404 3428 697 3730 2814 2794 2300 2799 2138 4045 656 2164 1578 3609 2637 1464 3926 431 2033 3959 2234 2557 1660 1260 4091 4061 582 225 1184 564 2118 1456 2470 4421 1459 614 4235 4362 2790 2041 191 4047 2551 4229 1193 4234 754 3258 38 2981 4308 3400 3749 124 841 4912 1223 2930 3469 2000 2468 1502
2711 1069 4377 1537 808 64 2489 1665 4799 997 687 4773 3992 1247 4320 3932 3220 3680 3492 2784 4534 2387 3090 152 3046 2440 2835 806 269 3159 2183 302 705 2047 3223 4953 2786 4762 3727 4042 3719 3941 1427 723 1944 4737 3165 3218 391 4475 3863 3022 2824 3424 1942 3538 2314 4694 1355 3070 4390 4515 533 201 2132 4179 2571 4470 2663 4181 4367 3844 3451 491 4478 1370 529 4441 1496 2094 2005 2562 1998 2554 4218 1088 1081 2497 2858 3728 52 1459 804 3905 3741 3108 2337 3108 3461 107 1286 1010 2844 3540 605 1844 2341 637 1328 642 2947 1162 4403 2252 3500 694 3346 2950 3731 2315
1616 4973 3843 2675 914 4082 1785 4368 1723 1209 4266 4232 727 508 2172 1158 3516 680 3854 4343 360 3009 2068 3847 4893 4567 256 3369 942 4207 4512 4006 860 3076 3210 2345 1160 295 1701 2121 2887 2435 4399 3305 2395 972 2437 3254 4784 3902 834 2167 4936 4928 4768 3897 172 1165 3106 3998 1260 4264 4193 1866 878 2114 4692 1488 3010 3993 158 3350 224 245 2163 3078 357 1273 2056 4719 59 607 2885 1388 3417 2130 4340 2812 1212 4042 1470 614 3905 302 2860 4271 876 3675 4621 4282 2387 1659 2067 512 3575 2672 3029 3857 2640 2552 4111 1116 1960 1066 4639 2933 3139 4075 97 4583
4896 568 4854 1493 3051 1709 537 80 2796 4749 3778 4399 1641 1342 1071 3441 4794 4443 3645 4537 2089 2874 4945 656 2565 1481 4757 3440 2565 840 1106 209 101 376 2846 1855 879 100 1149 2370 3042 2586 671 4914 3577 945 4776 1473 110 1896 2731 690 1488 612 2849 2206 2234 4469 4430 1140 2217 3072 2631 535 4649 1672 4350 3761 4137 4743 166 2108 3618 2697 3023 656 3912 1118 1677 3568 1072 1586 4839 4589 4013 4029 2130 1586 1331 3055 1619 4235 3741 2860 4104 4351 1262 3250 4405 1670 1943 4815 4702 2115 114 3231 2178 4185 3227 2401 2723 3328 3970 1175 2379 2813 1275 4865 4096 2630
92 255 1539 2456 2517 4841 175 3608 2227 3497 4142 1398 3080 1438 1910 1127 1417 3130 752 2796 801 691 2584 2641 4693 29 879 3619 1040 2981 979 4752 4750 1647 4645 2273 3103 2129 2662 4960 2702 13 4672 2071 2911 2511 2342 1208 2054 1640 3491 537 1445 120 4308 2273 3097 2690 1794 4947 1043 1829 772 2821 4774 2435 4097 23 3692 2922 2552 2855 3333 4150 4197 122 1166 739 798 2249 4407 4632 1280 2322 552 714 847 3999 4179 555 3263 4362 3108 4271 4351 4251 495 2002 4678 4909 3563 2510 1617 1217 1719 4469 3121 3844 329 2820 1069 4285 2090 2986 4927 1460 1824 4481 3167 3994
1669 3734 1520 4315 29 2291 604 3495 600 403 1189 2445 2513 1238 995 3068 1617 1862 291 1673 4812 534 129 1741 2561 3368 4757 3682 3297 1130 2257 1428 3278 2594 97 4108 1552 2507 2416 2674 2389 934 2974 3065 1694 3199 3653 3505 478 3011 2235 3092 671 1593 1360 59 3544 3367 1530 1911 612 2485 704 2817 2371 1996 3364 925 494 3469 1107 1438 3281 3763 3576 1476 4112 4300 4316 2800 2132 2476 554 2292 664 4165 1018 1615 3602 2125 338 2790 2337 876 1262 495 490 2297 783 289 1143 1833 453 3545 4425 4052 4573 2086 3183 398 4323 4178 1908 3381 2338 4894 4789 948 2396 429
4685 4430 3878 2315 1467 3505 2816 423 2288 3952 992 1759 2881 890 2840 2220 2801 1944 3353 475 1442 1430 4873 741 2136 1265 1681 1280 145 4426 4066 1096 182 1800 4644 4611 110 1419 1974 648 3566 3229 2409 1772 3316 2636 566 4288 2387 2854 1169 3983 3149 2724 1462 4991 1122 2228 2024 3951 3530 1508 3101 1476 1058 4980 4836 300 2368 217 3469 2253 2469 240 1179 116 3171 933 1745 2171 1097 999 16 4107 2312 1238 1429 2046 1144 4841 560 2041 3108 3675 3250 2002 2297 1494 3055 239 1492 261 3626 3300 368 1964 531 1235 2938 1020 567 1253 2423 2442 2398 1597 2665 3670 3738 1223
2617 2751 1475 3217 611 1225 2601 2227 2699 2873 4864 321 2110 1352 1773 1601 2679 1386 1998 87 4990 4088 2253 2114 237 1798 4393 3411 3105 3056 104 3734 454 1398 4134 1280 2805 847 1479 2798 1275 2573 2733 4791 4768 1071 1664 4065 3096 309 4113 558 508 4850 1207 2465 998 1116 2326 2097 3445 1238 1550 3843 4842 1923 2153 4830 3767 4078 2831 1221 1461 3785 1400 3505 2939 2747 3506 2766 2555 4114 1050 3092 3075 1921 907 4142 3821 1938 4313 191 3461 4621 4405 4678 783 3055 4754 4343 4205 578 1818 2574 473 3415 954 2349 3448 2818 1359 2146 1936 1443 2164 216 3662 464 1146 1994
2053 937 4803 3336 2675 4144 3234 3663 2448 1888 4134 3193 2061 4527 1776 1812 4795 4827 2135 1150 699 999 3782 2409 526 2588 1947 3156 497 3034 3645 4994 3800 1783 590 208 2597 819 291 4093 376 3839 4276 3632 1946 3806 424 1393 2477 38 2412 1784 2008 312 4373 543 790 2872 4808 2188 3434 1350 1990 2864 2324 2433 2479 1821 1750 3263 2141 1408 4149 2721 4472 2680 883 2987 4604 2292 2684 2031 4473 2496 1987 3708 2922 2357 1330 525 1550 4047 107 4282 1670 4909 289 239 4343 3583 2106 4552 2206 1194 960 4821 937 132 4861 3807 1797 1118 299 4170 1202 342 4936 4635 4605 4878
4226 3059 4731 2731 682 4946 737 805 3301 3774 161 4030 3655 3845 2350 1975 2195 3867 4453 2475 1282 2335 2240 4129 4531 3157 2985 4895 4071 43 4079 4361 700 3769 4709 1553 210 3711 3781 3185 4238 4239 1616 3793 1543 66 2692 3683 2315 123 2411 4177 2301 685 1270 3444 1162 3925 4414 686 4125 767 4320 4110 1041 1183 896 1733 3370 3701 497 1101 4148 86 2756 1510 355 109 513 4328 3989 4614 140 1971 2017 1587 1684 1264 1320 3911 4908 2551 1286 2387 1943 3563 1143 1492 4205 2106 1332 1632 2249 2691 109 1027 1491 4480 96 4128 2570 4796 4011 33 3904 256 919 4195 3042 4228
1575 4232 388 2938 4531 1566 4311 4171 910 4173 1982 2054 1436 4186 513 3715 819 710 4484 2270 3204 3013 3097 1111 2521 4009 3309 2993 2287 1478 2253 3674 444 1895 4040 2368 307 1327 773 4982 3137 108 4667 73 4850 1126 898 3068 1619 2589 3755 4789 4720 556 50 3216 2002 3614 1409 2830 2465 1083 3129 3997 3684 3336 124 326 2102 3174 3789 2635 1821 2598 1910 2273 4056 4765 573 1380 1505 773 1008 2340 1707 329 2302 3943 737 2041 4654 4229 1010 1659 4815 2510 1833 261 578 4552 1632 2677 1903 891 3081 2202 1917 444 4755 3216 4622 318 623 1666 1295 1241 2773 3471 308 4158
2736 584 2539 3793 2553 4511 2929 722 1225 2957 3565 2891 4570 3862 4941 4959 3058 2501 1303 4948 2362 2670 1417 1699 2239 4892 4857 3809 1653 1960 3330 3634 4516 4871 1475 2453 253 1720 2190 4049 805 3309 972 787 172 110 4335 2087 103 3625 2051 3861 3950 193 3801 1417 554 4023 1599 52 4446 2955 3101 2041 3212 1524 849 3765 2403 764 616 1013 3331 415 1283 1824 1958 3031 4028 3188 2515 3868 61 4030 178 2764 4666 73 96 4647 1871 1193 2844 2067 4702 1617 453 3626 1818 2206 2249 1903 3677 4957 3485 3820 1569 3377 3115 2747 2879 4115 3799 1108 3160 3999 14 2747 3904 2934
139 3070 295 1338 1616 4728 1525 4307 181 1010 4910 4204 400 3559 4880 2551 3543 414 4576 1665 4385 3206 2135 1204 3214 1372 798 3747 2546 4302 1545 3374 377 392 4694 1960 1815 1476 4180 1039 4116 4630 2024 4867 4945 2756 425 2668 1906 1493 2372 2011 1273 564 1678 2615 3335 208 754 3892 4005 2141 1074 165 2606 604 1945 741 2162 368 1445 159 3451 2388 3310 4270 1511 1726 3602 4054 2594 3806 3633 3456 4854 2359 26 2739 926 2117 2834 4234 3540 512 2115 1217 3545 3300 2574 1194 2691 891 4957 4274 4363 644 4252 4037 3664 3500 1499 4319 1572 3916 1220 979 142 1598 2328 1139
4177 2173 4202 1122 1605 1116 3014 2810 300 4955 98 4263 4008 337 4662 2376 1410 3338 2242 2924 4167 314 3645 1730 431 1395 2805 1008 541 3380 4715 2693 3624 3629 3189 3894 4441 1504 2566 102 2348 2103 1237 3676 1261 3994 918 2373 815 1647 3646 3503 3305 1657 1166 389 4950 1045 4066 4505 2248 4646 3367 4034 2024 4232 4236 1595 2022 3973 4815 2598 3693 1779 1117 3791 405 3805 571 839 1891 3993 2599 3231 3104 474 1185 1025 2425 1272 750 754 605 3575 114 1719 4425 368 473 960 109 3081 3485 4363 1936 252 199 3157 3971 116 2919 2447 4109 3055 1424 274 3423 1095 2728 332
811 1627 149 3623 2331 326 3936 4775 3963 717 4832 2723 2348 62 1707 2617 4014 1373 2441 4981 836 3364 4221 1374 3233 1667 3354 834 3057 2374 4897 1507 4990 3119 3198 1216 2490 1582 4677 3736 1579 1386 2933 4484 810 1262 1755 2403 784 664 4431 560 1658 3277 2905 4016 4787 2302 96 3629 4171 2547 4111 1937 2241 3478 1309 2545 2813 1428 1779 1088 769 4607 4273 1505 4453 4783 3555 3931 2203 834 172 3452 691 1424 3252 220 1744 394 53 3258 1844 2672 3231 4469 4052 1964 3415 4821 1027 2202 3820 644 252 3254 1651 2683 4474 2061 3891 2916 4448 108 76 4321 1002 595 3011 712
2487 2447 3673 4344 1071 1327 2808 3486 2793 1271 663 3616 962 410 31 4166 1441 1456 2410 4533 1616 4448 2821 1910 1997 2985 4820 3190 217 4171 4046 2946 2283 2357 683 628 3694 458 4431 808 621 4442 2955 1453 550 2613 899 4019 1944 4705 2881 3651 3506 4124 1837 2748 2549 2543 4973 2269 4301 3028 1364 231 506 110 1652 3335 1675 2499 470 414 2901 2461 2563 2282 4732 670 1797 1266 4533 3213 3458 2254 3804 4568 587 1684 4427 2194 580 38 2341 3029 2178 3121 4573 531 954 937 1491 1917 1569 4252 199 1651 3299 3852 4386 3967 709 2469 4904 136 4411 4922 4531 1195 277 4557
542 3352 2271 2487 935 2424 765 1840 3978 4037 781 3752 1511 973 3303 4369 3242 108 1266 635 2165 1683 558 3291 337 3389 182 2879 2543 4470 2606 2076 2764 4282 1467 1591 1844 3433 109 4535 273 3591 185 4003 1474 4473 4443 2256 4240 4754 2633 2239 4438 734 4069 3200 3006 965 1508 962 2010 1014 4858 2884 4710 3795 628 1323 2470 2854 2184 4027 3900 246 1451 160 1904 1270 3030 2832 2206 3465 4830 1356 1195 1676 1009 1084 524 758 192 2981 637 3857 4185 3844 2086 1235 2349 132 4480 444 3377 4037 3157 2683 3852 3128 4815 1898 2423 4842 2501 2836 4284 4851 2203 4212 2911 3995
1948 2775 492 1805 2146 1823 1614 1027 2402 194 68 223 1741 3770 1749 3755 2991 3135 1955 2431 3578 4360 4406 4867 1224 4779 1214 1066 3535 4092 764 942 2848 4776 413 1827 4547 4307 1201 1721 57 857 1043 2437 3956 1207 1339 3559 2127 2534 1576 4580 1616 4849 199 131 3672 2679 884 2152 4210 1580 2129 3167 3843 3327 4162 1820 919 2812 838 4946 2175 946 3883 1303 1892 3681 3267 3936 533 4097 3427 2162 4167 3163 635 3078 986 4022 1367 4308 1328 2640 3227 329 3183 2938 3448 4861 96 4755 3115 3664 3971 4474 4386 4815 164 2187 229 510 4586 1612 3209 4819 3534 3295 1492 4386
1429 3520 492 2918 3862 2705 2943 4048 4529 3164 1511 3608 4162 744 3501 2698 4245 3564 374 1461 3760 1847 4667 2825 3662 3463 4691 2852 994 1174 4312 3983 1522 3949 1172 2611 3264 2334 1408 3272 864 808 17 4080 4621 2816 3283 3993 4366 4434 3856 1006 4678 3602 796 2598 3736 386 4487 4226 4742 1826 3811 4013 4182 2435 4130 2045 1379 3070 4416 1048 1502 1859 1183 3475 2855 3417 1193 1674 1820 3850 1006 3840 1520 3818 1239 2119 991 1444 2541 3400 642 2552 2401 2820 398 1020 2818 3807 4128 3216 2747 3500 116 2061 3967 1898 2187 1148 2578 3384 2047 917 1098 3749 1504 749 714 4200
4032 1504 4793 3959 2188 4040 3412 1564 1936 4337 2103 4509 4614 76 981 3595 349 4465 4899 3084 2296 2168 1867 883 565 2180 4760 4164 3467 4507 4539 3967 772 2461 4702 3390 3368 1094 3523 2759 3917 2175 4503 3175 4255 2201 2890 2811 2243 2706 418 3840 541 3169 326 1374 1936 1918 4022 4825 741 1341 2625 926 1920 1736 3904 3661 2111 486 4639 4029 135 1234 529 1956 2870 1937 1801 3612 1220 2051 1083 1644 4109 2133 1153 3017 3812 1137 3206 3749 2947 4111 2723 1069 4323 567 1359 1797 2570 4622 2879 1499 2919 3891 709 2423 229 2578 240 1166 4297 1259 3707 2732 4830 1932 4953 2971
2091 2945 4150 1240 2558 298 1312 4233 1638 3182 441 1008 2135 4432 3187 1607 836 2780 204 3928 4276 2220 2574 2399 4696 3472 874 2806 1472 1513 2013 4688 3051 2245 59 100 68 1633 195 3760 2846 3978 4281 1459 1181 2281 3541 2225 1188 343 4442 2922 2087 3932 3562 4792 1987 1852 1406 2795 437 3766 4000 3024 904 1482 1230 4168 1075 2347 1670 3812 3651 3120 4493 76 4140 516 1561 1392 1509 3575 1177 2728 2934 1736 2420 1909 3649 188 994 124 1162 1116 3328 4285 4178 1253 2146 1118 4796 318 4115 4319 2447 2916 2469 4842 510 3384 1166 4305 3535 2002 2965 2839 1505 229 4532 171
2685 4540 2889 648 2151 609 1510 1225 817 4548 896 2406 333 1150 4455 2847 2389 4439 337 2694 4838 1396 1101 1407 4474 2900 242 3438 1635 4351 2645 2296 1981 4570 3949 4480 1122 4540 1087 1446 4865 2575 518 465 4658 1531 4507 2218 1926 1877 2656 3365 4361 2394 467 314 2460 2686 2500 3458 1800 3782 2572 3213 860 1776 2629 1040 150 1389 2303 2925 1992 3776 613 2897 3302 4141 984 3610 3750 3135 542 4487 768 4849 4562 1211 4473 4147 456 841 4403 1960 3970 2090 1908 2423 1936 299 4011 623 3799 1572 4109 4448 4904 2501 4586 2047 4297 3535 2804 670 4675 733 4442 2974 3865 446
3573 3706 1503 1942 1214 4237 2891 548 3455 3739 2979 4413 2811 2773 3562 1027 4482 2071 4813 4665 2396 2616 3770 712 1420 1759 2058 3732 3576 3377 147 3071 2216 771 3147 2543 2307 3371 1523 1888 1175 3072 1367 3517 188 4028 4611 1477 2040 1229 2520 467 3407 4265 2655 3864 2071 290 1960 1219 1096 1319 86 3402 403 4520 33 4936 4676 3598 2867 3554 2152 1512 296 4478 1709 1595 814 638 3108 2772 3879 1414 3801 781 192 4312 920 2823 4036 4912 2252 1066 1175 2986 3381 2442 1443 4170 33 1666 1108 3916 3055 108 136 2836 1612 917 1259 2002 670 410 2401 3779 2875 4644 330 4688
4759 2895 1812 2192 661 4719 1875 3196 2292 4185 1728 1703 4113 1181 3999 413 635 3058 280 1580 3895 1197 1954 2059 875 3939 884 824 4173 2534 1059 4561 994 1536 310 1433 3456 4120 1187 2135 76 2557 4871 2810 325 4407 786 2229 2620 3523 4754 3434 2669 2942 4978 3708 4489 882 1347 2591 2129 3010 3442 3272 1313 4365 2677 1828 3384 2795 4909 4787 561 4497 4144 662 2573 1763 2237 255 4091 4550 1841 2603 434 3498 1107 2297 1049 3615 2323 1223 3500 4639 2379 4927 2338 2398 2164 1202 3904 1295 3160 1220 1424 76 4411 4284 3209 1098 3707 2965 4675 2401 620 4057 2197 923 867 2820
3151 2526 2946 829 3520 4142 3367 2000 4886 3611 3215 2457 240 1708 4596 1638 255 1437 2683 3202 2637 2687 4999 1905 4416 2606 505 4485 3086 1224 4751 3927 4224 2640 3073 1117 3597 3148 4195 2778 108 1178 4090 2153 3440 1598 1729 4390 1727 2648 1414 1766 441 1411 2781 178 4495 2617 2988 600 2153 3535 663 1053 1169 331 2044 3222 1189 4565 995 2069 3291 2730 2504 3031 1107 307 1696 4052 1815 3335 2569 3283 189 2695 4961 167 174 3083 2012 2930 694 2933 2813 1460 4894 1597 216 342 256 1241 3999 979 274 4321 4922 4851 4819 3749 2732 2839 733 3779 4057 4671 1557 150 4665 638
3410 186 4354 2529 3370 4730 3831 2893 1562 4154 1354 342 3318 4868 2106 2581 1290 3781 2601 2901 4855 3045 543 4860 1382 227 3826 242 2436 2204 1931 345 1958 1946 4693 1531 2155 3231 3510 3437 2987 4910 3672 2027 1377 4475 1474 4517 27 4946 4014 3728 2539 465 555 4143 3329 282 3182 3731 862 1266 2954 2429 2069 4618 1853 3073 2759 4186 2642 2329 4660 4297 4803 1172 4060 4844 1938 1522 3998 135 3307 3317 4075 3907 3233 4052 783 4226 3398 3469 3346 3139 1275 1824 4789 2665 3662 4936 919 2773 14 142 3423 1002 4531 2203 3534 1504 4830 1505 4442 2875 2197 1557 328 1021 2172 1876
2039 2039 4655 4479 3389 2036 4134 428 3859 1135 445 36 4607 2124 2977 3830 3460 4296 4786 314 3829 4730 2874 1865 186 4030 2029 538 1071 4342 1182 1067 2713 3793 2133 2039 155 1130 3402 2856 4647 1911 4573 2279 3430 4176 4745 4820 2977 4285 4724 140 1536 322 1296 1751 395 3412 1844 741 912 4274 3739 3878 1507 1260 4089 4013 4573 3319 702 2730 1371 3837 3392 4656 2796 1233 1229 1242 4718 755 1610 2736 1115 631 3777 753 2743 2965 4079 2000 2950 4075 4865 4481 948 3670 464 4635 4195 3471 2747 1598 1095 595 1195 4212 3295 749 1932 229 2974 4644 923 150 1021 1031 4889 1363
587 3221 297 3732 470 717 4788 1306 3846 4831 245 1712 2982 4476 3279 4566 3423 32 1342 1711 3788 978 2734 228 4927 3675 3102 3903 4704 4139 4716 3301 3921 2431 4547 2908 1346 1697 1101 4628 432 4603 1017 498 719 678 2271 2218 4391 2768 4429 574 4154 3534 1020 354 3247 3211 2642 4213 3582 3037 4939 2416 3352 1550 2249 632 595 3024 2963 2510 2630 2181 3976 3925 1263 812 727 974 4669 3290 1445 1584 2189 3763 4198 2066 780 3261 2413 2468 3731 97 4096 3167 2396 3738 1146 4605 3042 308 3904 2328 2728 3011 277 2911 1492 714 4953 4532 3865 330 867 4665 2172 4889 680 3164
1022 3362 1779 2753 4911 3509 779 2576 3589 729 117 3151 506 386 4135 4266 2594 2849 780 3700 2616 3850 4432 4773 4773 2337 35 1786 2266 643 4015 3196 3080 2067 3274 1547 4426 3191 3433 585 3311 2384 3121 2330 210 1899 408 118 4810 3941 2584 494 4056 4831 3815 4406 775 417 2240 2474 3768 4327 2414 709 3012 4306 4198 4034 3555 2066 650 4108 2406 4100 1998 3274 4457 3905 3745 1680 4776 4425 2599 2155 3240 4833 4071 4107 4110 1183 2451 1502 2315 4583 2630 3994 429 1223 1994 4878 4228 4158 2934 1139 332 712 4557 3995 4386 4200 2971 171 446 4688 2820 638 1876 1363 3164 1766
